    1.194000E-02
    2.388000E-02
    3.582000E-02
    4.776000E-02
    5.970000E-02
    7.164000E-02
    8.358000E-02
    9.552000E-02
    1.074600E-01
    1.194000E-01
    1.313400E-01
    1.432800E-01
    1.552200E-01
    1.671600E-01
    1.791000E-01
    1.910400E-01
    2.029800E-01
    2.149200E-01
    2.268600E-01
    2.388000E-01
    2.507400E-01
    2.626800E-01
    2.746200E-01
    2.865600E-01
    2.985000E-01
    3.104400E-01
    3.223800E-01
    3.343200E-01
    3.462600E-01
    3.582000E-01
    3.701400E-01
    3.820800E-01
    3.940201E-01
    4.059601E-01
    4.179001E-01
    4.298401E-01
    4.417801E-01
    4.537201E-01
    4.656601E-01
    4.776001E-01
    4.895401E-01
    5.014800E-01
    5.134200E-01
    5.253600E-01
    5.373001E-01
    5.492401E-01
    5.611801E-01
    5.731201E-01
    5.850601E-01
