nedatrhob
 227
    0.098456595	      1.0635621	      0.0000000	    0.045305105
     0.10520557	     0.94739004	      0.0000000	    0.045982661
     0.10554016	      1.0163783	      0.0000000	    0.043468438
     0.10577508	      1.0051650	      0.0000000	    0.047746199
     0.15493242	     0.87606029	      0.0000000	    0.048621750
     0.15776125	     0.95441749	      0.0000000	    0.044944231
     0.23560768	     0.73522170	      0.0000000	    0.034443717
     0.24488989	     0.69793402	      0.0000000	    0.039667124
     0.29801561	     0.63748307	      0.0000000	    0.027685498
     0.29885837	     0.63877554	      0.0000000	    0.031890103
     0.30165466	     0.64986797	      0.0000000	    0.026926906
     0.30197760	     0.68041385	      0.0000000	    0.029968260
     0.30214523	     0.64498460	      0.0000000	    0.028496191
     0.30214969	     0.68857856	      0.0000000	    0.029426399
     0.30438325	     0.68301820	      0.0000000	    0.029030769
     0.31496373	     0.65098576	      0.0000000	    0.028554095
     0.31537783	     0.67944813	      0.0000000	    0.030600130
     0.32331230	     0.61486284	      0.0000000	    0.034458548
     0.32554094	     0.66243297	      0.0000000	    0.046930828
     0.32769443	     0.63843530	      0.0000000	    0.036905788
     0.32824282	     0.60910624	      0.0000000	    0.031748603
     0.32831145	     0.61201827	      0.0000000	    0.036944055
     0.32856722	     0.60453527	      0.0000000	    0.033855959
     0.32979176	     0.67676160	      0.0000000	    0.034759936
     0.32993978	     0.63303289	      0.0000000	    0.034927789
     0.33938945	     0.55064873	      0.0000000	    0.033830569
     0.33976150	     0.56772373	      0.0000000	    0.036850802
     0.33993035	     0.65114989	      0.0000000	    0.041190895
     0.35792727	     0.63173467	      0.0000000	    0.027196091
     0.35961219	     0.62765546	      0.0000000	    0.030132371
     0.36267029	     0.63903286	      0.0000000	    0.027568100
     0.36399386	     0.61832421	      0.0000000	    0.025506747
     0.36429987	     0.67689684	      0.0000000	    0.028256232
     0.36445628	     0.63830909	      0.0000000	    0.027418404
     0.36492820	     0.62686206	      0.0000000	    0.026257564
     0.37137170	     0.61047408	      0.0000000	    0.026282541
     0.37179858	     0.61866701	      0.0000000	    0.027348945
     0.44881561	     0.56329651	      0.0000000	    0.023580403
     0.45197571	     0.61748630	      0.0000000	    0.028679282
     0.45386216	     0.57975723	      0.0000000	    0.024982729
     0.45547132	     0.61240654	      0.0000000	    0.025594721
     0.45724960	     0.55626110	      0.0000000	    0.023692983
     0.45726587	     0.58145161	      0.0000000	    0.023865364
     0.45733131	     0.57941040	      0.0000000	    0.024967602
     0.46220471	     0.58182944	      0.0000000	    0.024586057
     0.46266476	     0.57201556	      0.0000000	    0.024879304
     0.49954807	     0.56094588	      0.0000000	    0.023783001
     0.50337803	     0.54554014	      0.0000000	    0.026127359
     0.50466461	     0.57618357	      0.0000000	    0.024654536
     0.50594382	     0.55487201	      0.0000000	    0.023636985
     0.50877638	     0.55202396	      0.0000000	    0.024210525
     0.50877942	     0.57457547	      0.0000000	    0.024560199
     0.50892460	     0.57891925	      0.0000000	    0.023898431
     0.51282935	     0.57232359	      0.0000000	    0.024661066
     0.51330006	     0.54287077	      0.0000000	    0.024230160
     0.52792986	     0.54015145	      0.0000000	    0.023947272
     0.53207596	     0.57490301	      0.0000000	    0.029190559
     0.53304233	     0.54199227	      0.0000000	    0.025015607
     0.53413900	     0.55315864	      0.0000000	    0.024497931
     0.53743060	     0.54458032	      0.0000000	    0.025392720
     0.53748941	     0.58707209	      0.0000000	    0.026054947
     0.53769258	     0.57222037	      0.0000000	    0.024103802
     0.54105337	     0.51695819	      0.0000000	    0.023820332
     0.54152694	     0.53756723	      0.0000000	    0.025045980
     0.56168155	     0.51457327	      0.0000000	    0.022480877
     0.56614832	     0.52375266	      0.0000000	    0.025751742
     0.56674644	     0.54416700	      0.0000000	    0.023924708
     0.56762493	     0.51925584	      0.0000000	    0.022331590
     0.57139039	     0.55730486	      0.0000000	    0.024327367
     0.57152233	     0.55049982	      0.0000000	    0.023775351
     0.57178202	     0.53491957	      0.0000000	    0.022511088
     0.57450969	     0.54406646	      0.0000000	    0.023703576
     0.57498348	     0.55751588	      0.0000000	    0.024628729
     0.59661179	     0.52765741	      0.0000000	    0.023040914
     0.60134619	     0.54764666	      0.0000000	    0.027033470
     0.60157613	     0.55653396	      0.0000000	    0.024124781
     0.60222549	     0.56254359	      0.0000000	    0.024002753
     0.60640497	     0.53356717	      0.0000000	    0.024201326
     0.60661945	     0.57300295	      0.0000000	    0.024603094
     0.60692399	     0.54928233	      0.0000000	    0.022721794
     0.60900180	     0.53582630	      0.0000000	    0.023925335
     0.60947212	     0.52432098	      0.0000000	    0.023531453
     0.66335063	     0.52759034	      0.0000000	    0.022162415
     0.66496389	     0.50070992	      0.0000000	    0.024450122
     0.67144264	     0.56187189	      0.0000000	    0.023724260
     0.67334211	     0.54406258	      0.0000000	    0.022924002
     0.67369570	     0.51370624	      0.0000000	    0.021063493
     0.67509404	     0.52971173	      0.0000000	    0.022162543
     0.67641687	     0.53376867	      0.0000000	    0.022693453
     0.67792674	     0.51234056	      0.0000000	    0.022430531
     0.67837873	     0.55041183	      0.0000000	    0.023706035
     0.79037673	     0.52476131	      0.0000000	    0.021955197
     0.79130730	     0.55708361	      0.0000000	    0.025550416
     0.79812228	     0.57510838	      0.0000000	    0.024116519
     0.79930020	     0.56751376	      0.0000000	    0.023563002
     0.79962725	     0.54884192	      0.0000000	    0.022292201
     0.80158856	     0.53326889	      0.0000000	    0.022339063
     0.80199109	     0.50588287	      0.0000000	    0.021977968
     0.80237553	     0.53567134	      0.0000000	    0.023165818
     0.80273323	     0.54772702	      0.0000000	    0.023431694
     0.81244572	     0.53585703	      0.0000000	    0.022427264
     0.81318482	     0.53558285	      0.0000000	    0.024385386
     0.82009825	     0.57828731	      0.0000000	    0.023944958
     0.82108417	     0.54508487	      0.0000000	    0.022305822
     0.82139269	     0.56746655	      0.0000000	    0.022661551
     0.82340754	     0.53988274	      0.0000000	    0.022507459
     0.82353560	     0.55320685	      0.0000000	    0.022635255
     0.82377688	     0.51280892	      0.0000000	    0.021945880
     0.82459005	     0.54049948	      0.0000000	    0.022674248
     0.83077972	     0.52853359	      0.0000000	    0.021657066
     0.83134520	     0.54976877	      0.0000000	    0.024809867
     0.83834949	     0.59636503	      0.0000000	    0.024441235
     0.83916397	     0.59163993	      0.0000000	    0.024168646
     0.83945421	     0.56403206	      0.0000000	    0.022456837
     0.84117354	     0.55657430	      0.0000000	    0.023097072
     0.84152963	     0.55242826	      0.0000000	    0.023314961
     0.84176293	     0.56819593	      0.0000000	    0.022965590
     0.84273271	     0.58240458	      0.0000000	    0.023776708
     0.85094422	     0.54071288	      0.0000000	    0.021811662
     0.85130563	     0.54313282	      0.0000000	    0.024537586
     0.85841798	     0.52162375	      0.0000000	    0.021567270
     0.85903427	     0.59913446	      0.0000000	    0.024286876
     0.85930165	     0.56674905	      0.0000000	    0.022479275
     0.86068948	     0.50009920	      0.0000000	    0.021099844
     0.86103050	     0.54252677	      0.0000000	    0.022833865
     0.86180580	     0.57479724	      0.0000000	    0.023172235
     0.86267548	     0.55857903	      0.0000000	    0.023066763
     0.87007030	     0.55739777	      0.0000000	    0.023250025
     0.87022741	     0.58399773	      0.0000000	    0.026406083
     0.87745173	     0.55193067	      0.0000000	    0.023224829
     0.87787219	     0.57058682	      0.0000000	    0.023472322
     0.87811549	     0.55386638	      0.0000000	    0.022444640
     0.87903406	     0.55393920	      0.0000000	    0.022901019
     0.87909223	     0.53701541	      0.0000000	    0.024467605
     0.87918152	     0.51566817	      0.0000000	    0.021765363
     0.87950798	     0.55280360	      0.0000000	    0.023407323
     0.88081739	     0.55833604	      0.0000000	    0.023258447
     0.88158698	     0.53622014	      0.0000000	    0.022737533
     0.88637439	     0.56241125	      0.0000000	    0.023356172
     0.88670077	     0.60887649	      0.0000000	    0.025090214
     0.88693205	     0.54642577	      0.0000000	    0.022204441
     0.88784446	     0.55100343	      0.0000000	    0.023039740
     0.88816405	     0.54114939	      0.0000000	    0.023272594
     0.88954664	     0.49041689	      0.0000000	    0.023946402
     0.88960761	     0.51511707	      0.0000000	    0.022008603
     0.88973089	     0.56656208	      0.0000000	    0.023350399
     0.89045207	     0.57811550	      0.0000000	    0.024124847
     0.89689844	     0.54067875	      0.0000000	    0.023704863
     0.89711198	     0.61048408	      0.0000000	    0.025323931
     0.89732839	     0.58249498	      0.0000000	    0.023427979
     0.89805664	     0.53480674	      0.0000000	    0.022852240
     0.89836799	     0.51921584	      0.0000000	    0.022953667
     0.89860539	     0.53505846	      0.0000000	    0.026256952
     0.89877168	     0.54525169	      0.0000000	    0.022779399
     0.90024406	     0.53766584	      0.0000000	    0.022467010
     0.90090705	     0.56518013	      0.0000000	    0.024003785
     0.90602427	     0.51852945	      0.0000000	    0.022788923
     0.90613864	     0.55275388	      0.0000000	    0.023347256
     0.90634200	     0.54797292	      0.0000000	    0.022255962
     0.90690915	     0.50722375	      0.0000000	    0.022054678
     0.90721391	     0.52538799	      0.0000000	    0.023037204
     0.90936817	     0.55559791	      0.0000000	    0.023330947
     0.90998127	     0.56775660	      0.0000000	    0.024341884
     0.91862713	     0.55456434	      0.0000000	    0.025974240
     0.91903563	     0.52427677	      0.0000000	    0.021748472
     0.92612678	     0.59183033	      0.0000000	    0.024280386
     0.92623801	     0.55979042	      0.0000000	    0.023576093
     0.92629966	     0.58145994	      0.0000000	    0.023335113
     0.92650370	     0.55130039	      0.0000000	    0.023428791
     0.92679386	     0.54759375	      0.0000000	    0.023078605
     0.92958216	     0.55006120	      0.0000000	    0.022531758
     0.93008041	     0.57831565	      0.0000000	    0.024031099
     0.95090554	     0.49612792	      0.0000000	    0.022335454
     0.95173228	     0.47694379	      0.0000000	    0.019852637
     0.95817444	     0.43975738	      0.0000000	    0.018403894
     0.95844347	     0.47003539	      0.0000000	    0.019619226
     0.95845321	     0.45324892	      0.0000000	    0.018726900
     0.95857328	     0.43477066	      0.0000000	    0.017756423
     0.95893856	     0.41843075	      0.0000000	    0.018048508
     0.96103794	     0.43736889	      0.0000000	    0.019599137
     0.96198950	     0.40119122	      0.0000000	    0.016434514
     0.96230994	     0.46936950	      0.0000000	    0.019295589
     0.96262751	     0.41190580	      0.0000000	    0.017775059
     0.96804963	     0.35069997	      0.0000000	    0.015223684
     0.96831139	     0.38759753	      0.0000000	    0.016542342
     0.96853828	     0.38324984	      0.0000000	    0.016051630
     0.96864042	     0.36097444	      0.0000000	    0.014684592
     0.96914038	     0.31735683	      0.0000000	    0.014365083
     0.97255097	     0.39329886	      0.0000000	    0.016110426
     0.97282058	     0.33810884	      0.0000000	    0.014777137
     0.97311311	     0.34881177	      0.0000000	    0.016043053
     0.97424831	     0.26819063	      0.0000000	    0.012116677
     0.98014329	     0.22992012	      0.0000000	    0.010759094
     0.98041123	     0.26074200	      0.0000000	    0.012193357
     0.98092839	     0.24340684	      0.0000000	    0.011452755
     0.98101331	     0.24020843	      0.0000000	    0.010491324
     0.98171374	     0.20637072	      0.0000000	    0.010387827
     0.98538079	     0.23313599	      0.0000000	    0.010889526
     0.98560725	     0.21372178	      0.0000000	    0.010665830
     0.99875864	     0.12191929	      0.0000000	    0.010713436
      1.0005021	     0.11200219	      0.0000000	   0.0071607707
      1.0064831	    0.095736316	      0.0000000	   0.0073321651
      1.0067705	    0.084851636	      0.0000000	   0.0066002377
      1.0079774	    0.096644699	      0.0000000	   0.0083710704
      1.0080202	    0.085419957	      0.0000000	   0.0069781139
      1.0091694	    0.068534269	      0.0000000	   0.0072419820
      1.0099659	    0.078004560	      0.0000000	   0.0091673515
      1.0118171	    0.045392301	      0.0000000	   0.0071964742
      1.0132400	    0.085332569	      0.0000000	   0.0074593781
      1.0133712	    0.058787839	      0.0000000	   0.0074118928
      1.0173106	    0.054553305	      0.0000000	   0.0068462288
      1.0175847	    0.056431056	      0.0000000	   0.0075195029
      1.0190127	    0.044770846	      0.0000000	   0.0073655720
      1.0190329	    0.050245199	      0.0000000	   0.0071850426
      1.0202929	    0.040994759	      0.0000000	   0.0067729280
      1.0242759	    0.063090427	      0.0000000	   0.0073578165
      1.0563931	    0.047577425	      0.0000000	    0.011760460
      1.0730839	    0.027844147	      0.0000000	   0.0052629524
      1.0783593	    0.039948698	      0.0000000	   0.0049314550
      1.0849114	    0.018511197	      0.0000000	   0.0061209966
      1.0930217	    0.028719870	      0.0000000	   0.0050738907
      1.1032911	    0.036333686	      0.0000000	   0.0062126603
      1.1091860	    0.031446175	      0.0000000	    0.010133049
      1.1218107	    0.019913090	      0.0000000	   0.0065092143
      1.1627123	    0.021091592	      0.0000000	   0.0038902417
      1.2165799	    0.014368067	      0.0000000	   0.0041253579
      1.2388620	    0.019333895	      0.0000000	    0.010152282
