      1.10246   -0.0500000
      1.10152    0.0500000
      1.10563     0.136629
      1.11072     0.200000
      1.12304     0.300000
      1.13219     0.353343
      1.15382     0.450000
      1.16786     0.500000
      1.18531     0.555302
      1.21187     0.626779
      1.23844     0.688052
      1.26500     0.741468
      1.29156     0.787913
      1.31813     0.827553
      1.34469     0.860220
      1.38803     0.900000
      1.42438     0.924648
      1.47750     0.945517
      1.50406     0.952051
      1.55719     0.954898
      1.58968     0.950000
      1.63688     0.937959
      1.69000     0.917237
      1.72168     0.900000
      1.76969     0.870870
      1.79850     0.850000
      1.84938     0.809811
      1.87594     0.786335
      1.91418     0.750000
      1.95563     0.708156
      1.98219     0.678481
      2.00875     0.646541
      2.04498     0.600000
      2.07940     0.550000
      2.11013     0.500000
      2.13771     0.450000
      2.16265     0.400000
      2.18540     0.350000
      2.20623     0.300000
      2.22511     0.250000
      2.24781     0.177519
      2.26673     0.100000
      2.27489    0.0500000
      2.27877   -0.0500000
      2.27437    -0.102173
      2.25584    -0.200000
      2.24202    -0.250000
      2.22125    -0.314607
      2.19469    -0.384354
      2.16812    -0.445446
      2.14156    -0.499624
      2.11500    -0.548140
      2.08844    -0.592095
      2.06188    -0.632417
      2.03531    -0.669797
      2.00875    -0.704638
      1.97103    -0.750000
      1.92906    -0.798411
      1.90250    -0.828853
      1.87594    -0.858014
      1.83547    -0.900000
      1.79625    -0.940925
      1.76969    -0.968339
      1.73613     -1.00000
      1.69000     -1.04516
      1.66344     -1.07168
      1.63051     -1.10000
      1.58375     -1.14364
      1.55719     -1.16991
      1.51464     -1.20000
      1.47766     -1.23571
      1.45094     -1.18143
      1.42438     -1.11954
      1.39781     -1.05539
      1.37590     -1.00000
      1.35452    -0.950000
      1.33311    -0.900000
      1.31203    -0.850000
      1.29156    -0.799536
      1.26500    -0.734840
      1.23844    -0.666791
      1.21438    -0.600000
      1.19707    -0.550000
      1.18094    -0.500000
      1.15875    -0.422011
      1.14125    -0.350000
      1.13092    -0.300000
      1.11519    -0.200000
      1.10563    -0.104530
      1.10246   -0.0500000
      0.00000      0.00000
      0.00000      0.00000
      0.00000      0.00000
      0.00000      0.00000
      0.00000      0.00000
      0.00000      0.00000
      0.00000      0.00000
      0.00000      0.00000
      0.00000      0.00000
      0.00000      0.00000
      0.00000      0.00000
      0.00000      0.00000
      0.00000      0.00000
      0.00000      0.00000
      0.00000      0.00000
      0.00000      0.00000
      0.00000      0.00000
      0.00000      0.00000
      0.00000      0.00000
      0.00000      0.00000
      0.00000      0.00000
      0.00000      0.00000
      0.00000      0.00000
      0.00000      0.00000
      0.00000      0.00000
      0.00000      0.00000
      0.00000      0.00000
      0.00000      0.00000
      0.00000      0.00000
      0.00000      0.00000
      0.00000      0.00000
      0.00000      0.00000
      0.00000      0.00000
      0.00000      0.00000
      0.00000      0.00000
      0.00000      0.00000
      0.00000      0.00000
      0.00000      0.00000
      0.00000      0.00000
      0.00000      0.00000
      0.00000      0.00000
      0.00000      0.00000
      0.00000      0.00000
      0.00000      0.00000
      0.00000      0.00000
      0.00000      0.00000
      0.00000      0.00000
      0.00000      0.00000
      0.00000      0.00000
      0.00000      0.00000
      0.00000      0.00000
      0.00000      0.00000
      0.00000      0.00000
      0.00000      0.00000
      0.00000      0.00000
      0.00000      0.00000
      0.00000      0.00000
      0.00000      0.00000
      0.00000      0.00000
      0.00000      0.00000
      0.00000      0.00000
      0.00000      0.00000
      0.00000      0.00000
      0.00000      0.00000
      0.00000      0.00000
      0.00000      0.00000
      0.00000      0.00000
      0.00000      0.00000
      0.00000      0.00000
      0.00000      0.00000
      0.00000      0.00000
      0.00000      0.00000
      0.00000      0.00000
      0.00000      0.00000
      0.00000      0.00000
      0.00000      0.00000
      0.00000      0.00000
      0.00000      0.00000
      0.00000      0.00000
      0.00000      0.00000
      0.00000      0.00000
      0.00000      0.00000
      0.00000      0.00000
      0.00000      0.00000
      0.00000      0.00000
      0.00000      0.00000
      0.00000      0.00000
      0.00000      0.00000
      0.00000      0.00000
      0.00000      0.00000
      0.00000      0.00000
      0.00000      0.00000
      0.00000      0.00000
      0.00000      0.00000
      0.00000      0.00000
      0.00000      0.00000
      0.00000      0.00000
      0.00000      0.00000
      0.00000      0.00000
      0.00000      0.00000
      0.00000      0.00000
      0.00000      0.00000
      0.00000      0.00000
      0.00000      0.00000
      0.00000      0.00000
      0.00000      0.00000
      0.00000      0.00000
      0.00000      0.00000
      0.00000      0.00000
      0.00000      0.00000
      0.00000      0.00000
      0.00000      0.00000
      0.00000      0.00000
      0.00000      0.00000
      0.00000      0.00000
      0.00000      0.00000
      0.00000      0.00000
      0.00000      0.00000
      0.00000      0.00000
      0.00000      0.00000
      0.00000      0.00000
      0.00000      0.00000
      0.00000      0.00000
      0.00000      0.00000
      0.00000      0.00000
      0.00000      0.00000
      0.00000      0.00000
      0.00000      0.00000
      0.00000      0.00000
      0.00000      0.00000
      0.00000      0.00000
      0.00000      0.00000
      0.00000      0.00000
      0.00000      0.00000
      0.00000      0.00000
      0.00000      0.00000
      0.00000      0.00000
      0.00000      0.00000
      0.00000      0.00000
      0.00000      0.00000
      0.00000      0.00000
      0.00000      0.00000
      0.00000      0.00000
      0.00000      0.00000
      0.00000      0.00000
      0.00000      0.00000
      0.00000      0.00000
      0.00000      0.00000
      0.00000      0.00000
      0.00000      0.00000
      0.00000      0.00000
      0.00000      0.00000
      0.00000      0.00000
      0.00000      0.00000
      0.00000      0.00000
      0.00000      0.00000
      0.00000      0.00000
      0.00000      0.00000
      0.00000      0.00000
      0.00000      0.00000
      0.00000      0.00000
      0.00000      0.00000
      0.00000      0.00000
      0.00000      0.00000
      0.00000      0.00000
      0.00000      0.00000
      0.00000      0.00000
      0.00000      0.00000
      0.00000      0.00000
      0.00000      0.00000
      0.00000      0.00000
      0.00000      0.00000
      0.00000      0.00000
      0.00000      0.00000
      0.00000      0.00000
      0.00000      0.00000
      0.00000      0.00000
      0.00000      0.00000
      0.00000      0.00000
      0.00000      0.00000
      0.00000      0.00000
      0.00000      0.00000
      0.00000      0.00000
      0.00000      0.00000
      0.00000      0.00000
      0.00000      0.00000
      0.00000      0.00000
      0.00000      0.00000
      0.00000      0.00000
      0.00000      0.00000
      0.00000      0.00000
      0.00000      0.00000
      0.00000      0.00000
      0.00000      0.00000
      0.00000      0.00000
      0.00000      0.00000
      0.00000      0.00000
      0.00000      0.00000
      0.00000      0.00000
      0.00000      0.00000
      0.00000      0.00000
      0.00000      0.00000
      0.00000      0.00000
      0.00000      0.00000
      0.00000      0.00000
      0.00000      0.00000
      0.00000      0.00000
      0.00000      0.00000
      0.00000      0.00000
      0.00000      0.00000
      0.00000      0.00000
      0.00000      0.00000
      0.00000      0.00000
      0.00000      0.00000
      0.00000      0.00000
      0.00000      0.00000
      0.00000      0.00000
      0.00000      0.00000
      0.00000      0.00000
      0.00000      0.00000
      0.00000      0.00000
      0.00000      0.00000
      0.00000      0.00000
      0.00000      0.00000
      0.00000      0.00000
      0.00000      0.00000
      0.00000      0.00000
      0.00000      0.00000
      0.00000      0.00000
      0.00000      0.00000
      0.00000      0.00000
      0.00000      0.00000
      0.00000      0.00000
      0.00000      0.00000
      0.00000      0.00000
      0.00000      0.00000
      0.00000      0.00000
      0.00000      0.00000
      0.00000      0.00000
      0.00000      0.00000
      0.00000      0.00000
      0.00000      0.00000
      0.00000      0.00000
      0.00000      0.00000
      0.00000      0.00000
      0.00000      0.00000
      0.00000      0.00000
      0.00000      0.00000
      0.00000      0.00000
      0.00000      0.00000
      0.00000      0.00000
      0.00000      0.00000
      0.00000      0.00000
      0.00000      0.00000
      0.00000      0.00000
      0.00000      0.00000
      0.00000      0.00000
      0.00000      0.00000
      0.00000      0.00000
      0.00000      0.00000
      0.00000      0.00000
      0.00000      0.00000
      0.00000      0.00000
      0.00000      0.00000
      0.00000      0.00000
      0.00000      0.00000
      0.00000      0.00000
      0.00000      0.00000
      0.00000      0.00000
      0.00000      0.00000
      0.00000      0.00000
      0.00000      0.00000
      0.00000      0.00000
      0.00000      0.00000
      0.00000      0.00000
      0.00000      0.00000
      0.00000      0.00000
      0.00000      0.00000
      0.00000      0.00000
      0.00000      0.00000
      0.00000      0.00000
      0.00000      0.00000
      0.00000      0.00000
      0.00000      0.00000
      0.00000      0.00000
      0.00000      0.00000
      0.00000      0.00000
      0.00000      0.00000
      0.00000      0.00000
      0.00000      0.00000
      0.00000      0.00000
      0.00000      0.00000
      0.00000      0.00000
      0.00000      0.00000
      0.00000      0.00000
      0.00000      0.00000
      0.00000      0.00000
      0.00000      0.00000
      0.00000      0.00000
      0.00000      0.00000
      0.00000      0.00000
      0.00000      0.00000
      0.00000      0.00000
      0.00000      0.00000
      0.00000      0.00000
      0.00000      0.00000
      0.00000      0.00000
      0.00000      0.00000
      0.00000      0.00000
      0.00000      0.00000
      0.00000      0.00000
      0.00000      0.00000
      0.00000      0.00000
      0.00000      0.00000
      0.00000      0.00000
      0.00000      0.00000
      0.00000      0.00000
      0.00000      0.00000
      0.00000      0.00000
      0.00000      0.00000
      0.00000      0.00000
      0.00000      0.00000
      0.00000      0.00000
      0.00000      0.00000
      0.00000      0.00000
      0.00000      0.00000
      0.00000      0.00000
      0.00000      0.00000
      0.00000      0.00000
      0.00000      0.00000
      0.00000      0.00000
      0.00000      0.00000
      0.00000      0.00000
      0.00000      0.00000
      0.00000      0.00000
      0.00000      0.00000
      0.00000      0.00000
      0.00000      0.00000
      0.00000      0.00000
      0.00000      0.00000
      0.00000      0.00000
      0.00000      0.00000
      0.00000      0.00000
      0.00000      0.00000
      0.00000      0.00000
      0.00000      0.00000
      0.00000      0.00000
      0.00000      0.00000
      0.00000      0.00000
      0.00000      0.00000
      0.00000      0.00000
      0.00000      0.00000
      0.00000      0.00000
      0.00000      0.00000
      0.00000      0.00000
      0.00000      0.00000
      0.00000      0.00000
      0.00000      0.00000
      0.00000      0.00000
      0.00000      0.00000
      0.00000      0.00000
      0.00000      0.00000
      0.00000      0.00000
      0.00000      0.00000
      0.00000      0.00000
      0.00000      0.00000
      0.00000      0.00000
      0.00000      0.00000
      0.00000      0.00000
      0.00000      0.00000
      0.00000      0.00000
      0.00000      0.00000
      0.00000      0.00000
      0.00000      0.00000
      0.00000      0.00000
      0.00000      0.00000
      0.00000      0.00000
      0.00000      0.00000
      0.00000      0.00000
      0.00000      0.00000
      0.00000      0.00000
      0.00000      0.00000
      0.00000      0.00000
      0.00000      0.00000
      0.00000      0.00000
      0.00000      0.00000
      0.00000      0.00000
      0.00000      0.00000
      0.00000      0.00000
      0.00000      0.00000
      0.00000      0.00000
      0.00000      0.00000
      0.00000      0.00000
      0.00000      0.00000
      0.00000      0.00000
      0.00000      0.00000
      0.00000      0.00000
      0.00000      0.00000
      0.00000      0.00000
      0.00000      0.00000
      0.00000      0.00000
      0.00000      0.00000
      0.00000      0.00000
      0.00000      0.00000
      0.00000      0.00000
      0.00000      0.00000
      0.00000      0.00000
      0.00000      0.00000
      0.00000      0.00000
      0.00000      0.00000
      0.00000      0.00000
      0.00000      0.00000
      0.00000      0.00000
      0.00000      0.00000
      0.00000      0.00000
      0.00000      0.00000
      0.00000      0.00000
      0.00000      0.00000
      0.00000      0.00000
      0.00000      0.00000
      0.00000      0.00000
      0.00000      0.00000
      0.00000      0.00000
      0.00000      0.00000
      0.00000      0.00000
      0.00000      0.00000
      0.00000      0.00000
      0.00000      0.00000
      0.00000      0.00000
      0.00000      0.00000
      0.00000      0.00000
      0.00000      0.00000
      0.00000      0.00000
      0.00000      0.00000
      0.00000      0.00000
      0.00000      0.00000
      0.00000      0.00000
      0.00000      0.00000
      0.00000      0.00000
      0.00000      0.00000
      0.00000      0.00000
      0.00000      0.00000
      0.00000      0.00000
      0.00000      0.00000
      0.00000      0.00000
      0.00000      0.00000
      0.00000      0.00000
      0.00000      0.00000
      0.00000      0.00000
      0.00000      0.00000
      0.00000      0.00000
      0.00000      0.00000
      0.00000      0.00000
      0.00000      0.00000
      0.00000      0.00000
      0.00000      0.00000
      0.00000      0.00000
      0.00000      0.00000
      0.00000      0.00000
      0.00000      0.00000
      0.00000      0.00000
      0.00000      0.00000
      0.00000      0.00000
      0.00000      0.00000
      0.00000      0.00000
      0.00000      0.00000
      0.00000      0.00000
      0.00000      0.00000
      0.00000      0.00000
      0.00000      0.00000
      0.00000      0.00000
      0.00000      0.00000
      0.00000      0.00000
      0.00000      0.00000
      0.00000      0.00000
      0.00000      0.00000
      0.00000      0.00000
      0.00000      0.00000
      0.00000      0.00000
      0.00000      0.00000
      0.00000      0.00000
      0.00000      0.00000
      0.00000      0.00000
      0.00000      0.00000
      0.00000      0.00000
      0.00000      0.00000
      0.00000      0.00000
      0.00000      0.00000
      0.00000      0.00000
      0.00000      0.00000
      0.00000      0.00000
      0.00000      0.00000
      0.00000      0.00000
      0.00000      0.00000
      0.00000      0.00000
      0.00000      0.00000
      0.00000      0.00000
      0.00000      0.00000
      0.00000      0.00000
      0.00000      0.00000
      0.00000      0.00000
      0.00000      0.00000
      0.00000      0.00000
      0.00000      0.00000
      0.00000      0.00000
      0.00000      0.00000
      0.00000      0.00000
      0.00000      0.00000
      0.00000      0.00000
      0.00000      0.00000
      0.00000      0.00000
      0.00000      0.00000
      0.00000      0.00000
      0.00000      0.00000
      0.00000      0.00000
      0.00000      0.00000
      0.00000      0.00000
      0.00000      0.00000
      0.00000      0.00000
      0.00000      0.00000
      0.00000      0.00000
      0.00000      0.00000
      0.00000      0.00000
      0.00000      0.00000
      0.00000      0.00000
      0.00000      0.00000
      0.00000      0.00000
      0.00000      0.00000
      0.00000      0.00000
      0.00000      0.00000
      0.00000      0.00000
      0.00000      0.00000
      0.00000      0.00000
      0.00000      0.00000
      0.00000      0.00000
      0.00000      0.00000
      0.00000      0.00000
      0.00000      0.00000
      0.00000      0.00000
      0.00000      0.00000
      0.00000      0.00000
      0.00000      0.00000
      0.00000      0.00000
      0.00000      0.00000
      0.00000      0.00000
      0.00000      0.00000
      0.00000      0.00000
      0.00000      0.00000
      0.00000      0.00000
      0.00000      0.00000
      0.00000      0.00000
      0.00000      0.00000
      0.00000      0.00000
      0.00000      0.00000
      0.00000      0.00000
      0.00000      0.00000
      0.00000      0.00000
      0.00000      0.00000
      0.00000      0.00000
      0.00000      0.00000
      0.00000      0.00000
      0.00000      0.00000
      0.00000      0.00000
      0.00000      0.00000
      0.00000      0.00000
      0.00000      0.00000
      0.00000      0.00000
      0.00000      0.00000
      0.00000      0.00000
      0.00000      0.00000
      0.00000      0.00000
      0.00000      0.00000
      0.00000      0.00000
      0.00000      0.00000
      0.00000      0.00000
      0.00000      0.00000
      0.00000      0.00000
      0.00000      0.00000
      0.00000      0.00000
      0.00000      0.00000
      0.00000      0.00000
      0.00000      0.00000
      0.00000      0.00000
      0.00000      0.00000
      0.00000      0.00000
      0.00000      0.00000
      0.00000      0.00000
      0.00000      0.00000
      0.00000      0.00000
      0.00000      0.00000
      0.00000      0.00000
      0.00000      0.00000
      0.00000      0.00000
      0.00000      0.00000
      0.00000      0.00000
      0.00000      0.00000
      0.00000      0.00000
      0.00000      0.00000
      0.00000      0.00000
      0.00000      0.00000
      0.00000      0.00000
      0.00000      0.00000
      0.00000      0.00000
      0.00000      0.00000
      0.00000      0.00000
      0.00000      0.00000
      0.00000      0.00000
      0.00000      0.00000
      0.00000      0.00000
      0.00000      0.00000
      0.00000      0.00000
      0.00000      0.00000
      0.00000      0.00000
      0.00000      0.00000
      0.00000      0.00000
      0.00000      0.00000
      0.00000      0.00000
      0.00000      0.00000
      0.00000      0.00000
      0.00000      0.00000
      0.00000      0.00000
      0.00000      0.00000
      0.00000      0.00000
      0.00000      0.00000
      0.00000      0.00000
      0.00000      0.00000
      0.00000      0.00000
      0.00000      0.00000
      0.00000      0.00000
      0.00000      0.00000
      0.00000      0.00000
      0.00000      0.00000
      0.00000      0.00000
      0.00000      0.00000
      0.00000      0.00000
      0.00000      0.00000
      0.00000      0.00000
      0.00000      0.00000
      0.00000      0.00000
      0.00000      0.00000
      0.00000      0.00000
      0.00000      0.00000
      0.00000      0.00000
      0.00000      0.00000
      0.00000      0.00000
      0.00000      0.00000
      0.00000      0.00000
      0.00000      0.00000
      0.00000      0.00000
      0.00000      0.00000
      0.00000      0.00000
      0.00000      0.00000
      0.00000      0.00000
      0.00000      0.00000
      0.00000      0.00000
      0.00000      0.00000
      0.00000      0.00000
      0.00000      0.00000
      0.00000      0.00000
      0.00000      0.00000
      0.00000      0.00000
      0.00000      0.00000
      0.00000      0.00000
      0.00000      0.00000
      0.00000      0.00000
      0.00000      0.00000
      0.00000      0.00000
      0.00000      0.00000
      0.00000      0.00000
      0.00000      0.00000
      0.00000      0.00000
      0.00000      0.00000
      0.00000      0.00000
      0.00000      0.00000
      0.00000      0.00000
      0.00000      0.00000
      0.00000      0.00000
      0.00000      0.00000
      0.00000      0.00000
      0.00000      0.00000
      0.00000      0.00000
      0.00000      0.00000
      0.00000      0.00000
      0.00000      0.00000
      0.00000      0.00000
      0.00000      0.00000
      0.00000      0.00000
      0.00000      0.00000
      0.00000      0.00000
      0.00000      0.00000
      0.00000      0.00000
      0.00000      0.00000
      0.00000      0.00000
      0.00000      0.00000
      0.00000      0.00000
      0.00000      0.00000
      0.00000      0.00000
      0.00000      0.00000
      0.00000      0.00000
      0.00000      0.00000
      0.00000      0.00000
      0.00000      0.00000
      0.00000      0.00000
      0.00000      0.00000
      0.00000      0.00000
      0.00000      0.00000
      0.00000      0.00000
      0.00000      0.00000
      0.00000      0.00000
      0.00000      0.00000
      0.00000      0.00000
      0.00000      0.00000
      0.00000      0.00000
      0.00000      0.00000
      0.00000      0.00000
      0.00000      0.00000
      0.00000      0.00000
      0.00000      0.00000
      0.00000      0.00000
      0.00000      0.00000
      0.00000      0.00000
      0.00000      0.00000
      0.00000      0.00000
      0.00000      0.00000
      0.00000      0.00000
      0.00000      0.00000
      0.00000      0.00000
      0.00000      0.00000
      0.00000      0.00000
      0.00000      0.00000
      0.00000      0.00000
      0.00000      0.00000
      0.00000      0.00000
      0.00000      0.00000
      0.00000      0.00000
      0.00000      0.00000
      0.00000      0.00000
      0.00000      0.00000
      0.00000      0.00000
      0.00000      0.00000
      0.00000      0.00000
      0.00000      0.00000
      0.00000      0.00000
      0.00000      0.00000
      0.00000      0.00000
      0.00000      0.00000
      0.00000      0.00000
      0.00000      0.00000
      0.00000      0.00000
      0.00000      0.00000
      0.00000      0.00000
      0.00000      0.00000
      0.00000      0.00000
      0.00000      0.00000
      0.00000      0.00000
      0.00000      0.00000
      0.00000      0.00000
      0.00000      0.00000
      0.00000      0.00000
      0.00000      0.00000
      0.00000      0.00000
      0.00000      0.00000
      0.00000      0.00000
      0.00000      0.00000
      0.00000      0.00000
      0.00000      0.00000
      0.00000      0.00000
      0.00000      0.00000
      0.00000      0.00000
      0.00000      0.00000
      0.00000      0.00000
      0.00000      0.00000
      0.00000      0.00000
      0.00000      0.00000
      0.00000      0.00000
      0.00000      0.00000
      0.00000      0.00000
      0.00000      0.00000
      0.00000      0.00000
      0.00000      0.00000
      0.00000      0.00000
      0.00000      0.00000
      0.00000      0.00000
      0.00000      0.00000
      0.00000      0.00000
      0.00000      0.00000
      0.00000      0.00000
      0.00000      0.00000
      0.00000      0.00000
      0.00000      0.00000
      0.00000      0.00000
      0.00000      0.00000
      0.00000      0.00000
      0.00000      0.00000
      0.00000      0.00000
      0.00000      0.00000
      0.00000      0.00000
      0.00000      0.00000
      0.00000      0.00000
      0.00000      0.00000
      0.00000      0.00000
      0.00000      0.00000
      0.00000      0.00000
      0.00000      0.00000
      0.00000      0.00000
      0.00000      0.00000
      0.00000      0.00000
      0.00000      0.00000
      0.00000      0.00000
      0.00000      0.00000
      0.00000      0.00000
      0.00000      0.00000
      0.00000      0.00000
      0.00000      0.00000
      0.00000      0.00000
      0.00000      0.00000
      0.00000      0.00000
      0.00000      0.00000
      0.00000      0.00000
      0.00000      0.00000
      0.00000      0.00000
      0.00000      0.00000
      0.00000      0.00000
      0.00000      0.00000
      0.00000      0.00000
      0.00000      0.00000
      0.00000      0.00000
      0.00000      0.00000
      0.00000      0.00000
      0.00000      0.00000
      0.00000      0.00000
      0.00000      0.00000
      0.00000      0.00000
      0.00000      0.00000
      0.00000      0.00000
      0.00000      0.00000
      0.00000      0.00000
      0.00000      0.00000
      0.00000      0.00000
      0.00000      0.00000
      0.00000      0.00000
      0.00000      0.00000
      0.00000      0.00000
      0.00000      0.00000
      0.00000      0.00000
      0.00000      0.00000
      0.00000      0.00000
      0.00000      0.00000
      0.00000      0.00000
      0.00000      0.00000
      0.00000      0.00000
      0.00000      0.00000
      0.00000      0.00000
      0.00000      0.00000
      0.00000      0.00000
      0.00000      0.00000
      0.00000      0.00000
      0.00000      0.00000
      0.00000      0.00000
      0.00000      0.00000
      0.00000      0.00000
      0.00000      0.00000
      0.00000      0.00000
      0.00000      0.00000
      0.00000      0.00000
      0.00000      0.00000
      0.00000      0.00000
      0.00000      0.00000
      0.00000      0.00000
      0.00000      0.00000
      0.00000      0.00000
      0.00000      0.00000
      0.00000      0.00000
      0.00000      0.00000
      0.00000      0.00000
      0.00000      0.00000
      0.00000      0.00000
      0.00000      0.00000
      0.00000      0.00000
      0.00000      0.00000
      0.00000      0.00000
      0.00000      0.00000
      0.00000      0.00000
      0.00000      0.00000
      0.00000      0.00000
      0.00000      0.00000
      0.00000      0.00000
      0.00000      0.00000
      0.00000      0.00000
      0.00000      0.00000
      0.00000      0.00000
      0.00000      0.00000
      0.00000      0.00000
      0.00000      0.00000
      0.00000      0.00000
      0.00000      0.00000
      0.00000      0.00000
      0.00000      0.00000
      0.00000      0.00000
      0.00000      0.00000
      0.00000      0.00000
      0.00000      0.00000
      0.00000      0.00000
      0.00000      0.00000
      0.00000      0.00000
      0.00000      0.00000
      0.00000      0.00000
      0.00000      0.00000
      0.00000      0.00000
      0.00000      0.00000
      0.00000      0.00000
      0.00000      0.00000
      0.00000      0.00000
      0.00000      0.00000
      0.00000      0.00000
      0.00000      0.00000
      0.00000      0.00000
      0.00000      0.00000
      0.00000      0.00000
      0.00000      0.00000
      0.00000      0.00000
      0.00000      0.00000
      0.00000      0.00000
      0.00000      0.00000
      0.00000      0.00000
      0.00000      0.00000
      0.00000      0.00000
      0.00000      0.00000
      0.00000      0.00000
      0.00000      0.00000
      0.00000      0.00000
      0.00000      0.00000
      0.00000      0.00000
      0.00000      0.00000
      0.00000      0.00000
      0.00000      0.00000
      0.00000      0.00000
      0.00000      0.00000
      0.00000      0.00000
      0.00000      0.00000
      0.00000      0.00000
      0.00000      0.00000
      0.00000      0.00000
      0.00000      0.00000
      0.00000      0.00000
      0.00000      0.00000
      0.00000      0.00000
      0.00000      0.00000
      0.00000      0.00000
      0.00000      0.00000
      0.00000      0.00000
      0.00000      0.00000
      0.00000      0.00000
      0.00000      0.00000
      0.00000      0.00000
      0.00000      0.00000
      0.00000      0.00000
      0.00000      0.00000
      0.00000      0.00000
      0.00000      0.00000
      0.00000      0.00000
      0.00000      0.00000
      0.00000      0.00000
      0.00000      0.00000
      0.00000      0.00000
      0.00000      0.00000
      0.00000      0.00000
      0.00000      0.00000
      0.00000      0.00000
      0.00000      0.00000
      0.00000      0.00000
      0.00000      0.00000
      0.00000      0.00000
      0.00000      0.00000
      0.00000      0.00000
      0.00000      0.00000
      0.00000      0.00000
      0.00000      0.00000
      0.00000      0.00000
      0.00000      0.00000
      0.00000      0.00000
      0.00000      0.00000
      0.00000      0.00000
      0.00000      0.00000
      0.00000      0.00000
      0.00000      0.00000
      0.00000      0.00000
      0.00000      0.00000
      0.00000      0.00000
      0.00000      0.00000
      0.00000      0.00000
      0.00000      0.00000
      0.00000      0.00000
      0.00000      0.00000
      0.00000      0.00000
      0.00000      0.00000
      0.00000      0.00000
      0.00000      0.00000
      0.00000      0.00000
      0.00000      0.00000
      0.00000      0.00000
      0.00000      0.00000
      0.00000      0.00000
      0.00000      0.00000
      0.00000      0.00000
      0.00000      0.00000
      0.00000      0.00000
      0.00000      0.00000
      0.00000      0.00000
      0.00000      0.00000
      0.00000      0.00000
      0.00000      0.00000
      0.00000      0.00000
      0.00000      0.00000
      0.00000      0.00000
      0.00000      0.00000
      0.00000      0.00000
      0.00000      0.00000
      0.00000      0.00000
      0.00000      0.00000
      0.00000      0.00000
      0.00000      0.00000
      0.00000      0.00000
      0.00000      0.00000
      0.00000      0.00000
      0.00000      0.00000
      0.00000      0.00000
      0.00000      0.00000
      0.00000      0.00000
      0.00000      0.00000
      0.00000      0.00000
      0.00000      0.00000
      0.00000      0.00000
      0.00000      0.00000
      0.00000      0.00000
      0.00000      0.00000
      0.00000      0.00000
      0.00000      0.00000
      0.00000      0.00000
      0.00000      0.00000
      0.00000      0.00000
      0.00000      0.00000
      0.00000      0.00000
      0.00000      0.00000
      0.00000      0.00000
      0.00000      0.00000
      0.00000      0.00000
      0.00000      0.00000
      0.00000      0.00000
      0.00000      0.00000
      0.00000      0.00000
      0.00000      0.00000
      0.00000      0.00000
      0.00000      0.00000
      0.00000      0.00000
      0.00000      0.00000
      0.00000      0.00000
      0.00000      0.00000
      0.00000      0.00000
      0.00000      0.00000
      0.00000      0.00000
      0.00000      0.00000
      0.00000      0.00000
      0.00000      0.00000
      0.00000      0.00000
      0.00000      0.00000
      0.00000      0.00000
      0.00000      0.00000
      0.00000      0.00000
      0.00000      0.00000
      0.00000      0.00000
      0.00000      0.00000
      0.00000      0.00000
      0.00000      0.00000
      0.00000      0.00000
      0.00000      0.00000
      0.00000      0.00000
      0.00000      0.00000
      0.00000      0.00000
      0.00000      0.00000
      0.00000      0.00000
      0.00000      0.00000
      0.00000      0.00000
      0.00000      0.00000
      0.00000      0.00000
      0.00000      0.00000
      0.00000      0.00000
      0.00000      0.00000
      0.00000      0.00000
      0.00000      0.00000
      0.00000      0.00000
      0.00000      0.00000
      0.00000      0.00000
      0.00000      0.00000
      0.00000      0.00000
      0.00000      0.00000
      0.00000      0.00000
      0.00000      0.00000
      0.00000      0.00000
      0.00000      0.00000
      0.00000      0.00000
      0.00000      0.00000
      0.00000      0.00000
      0.00000      0.00000
      0.00000      0.00000
      0.00000      0.00000
      0.00000      0.00000
      0.00000      0.00000
      0.00000      0.00000
      0.00000      0.00000
      0.00000      0.00000
      0.00000      0.00000
      0.00000      0.00000
      0.00000      0.00000
      0.00000      0.00000
      0.00000      0.00000
      0.00000      0.00000
      0.00000      0.00000
      0.00000      0.00000
      0.00000      0.00000
      0.00000      0.00000
      0.00000      0.00000
      0.00000      0.00000
      0.00000      0.00000
      0.00000      0.00000
      0.00000      0.00000
      0.00000      0.00000
      0.00000      0.00000
      0.00000      0.00000
      0.00000      0.00000
      0.00000      0.00000
      0.00000      0.00000
      0.00000      0.00000
      0.00000      0.00000
      0.00000      0.00000
      0.00000      0.00000
      0.00000      0.00000
      0.00000      0.00000
      0.00000      0.00000
      0.00000      0.00000
      0.00000      0.00000
      0.00000      0.00000
      0.00000      0.00000
      0.00000      0.00000
      0.00000      0.00000
      0.00000      0.00000
      0.00000      0.00000
      0.00000      0.00000
      0.00000      0.00000
      0.00000      0.00000
      0.00000      0.00000
      0.00000      0.00000
      0.00000      0.00000
      0.00000      0.00000
      0.00000      0.00000
      0.00000      0.00000
      0.00000      0.00000
      0.00000      0.00000
      0.00000      0.00000
      0.00000      0.00000
      0.00000      0.00000
      0.00000      0.00000
      0.00000      0.00000
      0.00000      0.00000
      0.00000      0.00000
      0.00000      0.00000
      0.00000      0.00000
      0.00000      0.00000
      0.00000      0.00000
      0.00000      0.00000
      0.00000      0.00000
      0.00000      0.00000
      0.00000      0.00000
      0.00000      0.00000
      0.00000      0.00000
      0.00000      0.00000
      0.00000      0.00000
      0.00000      0.00000
      0.00000      0.00000
      0.00000      0.00000
      0.00000      0.00000
      0.00000      0.00000
      0.00000      0.00000
      0.00000      0.00000
      0.00000      0.00000
      0.00000      0.00000
      0.00000      0.00000
      0.00000      0.00000
      0.00000      0.00000
      0.00000      0.00000
      0.00000      0.00000
      0.00000      0.00000
      0.00000      0.00000
      0.00000      0.00000
      0.00000      0.00000
      0.00000      0.00000
      0.00000      0.00000
      0.00000      0.00000
      0.00000      0.00000
      0.00000      0.00000
      0.00000      0.00000
      0.00000      0.00000
      0.00000      0.00000
      0.00000      0.00000
      0.00000      0.00000
      0.00000      0.00000
      0.00000      0.00000
      0.00000      0.00000
      0.00000      0.00000
      0.00000      0.00000
      0.00000      0.00000
      0.00000      0.00000
      0.00000      0.00000
      0.00000      0.00000
      0.00000      0.00000
      0.00000      0.00000
      0.00000      0.00000
      0.00000      0.00000
      0.00000      0.00000
      0.00000      0.00000
      0.00000      0.00000
      0.00000      0.00000
      0.00000      0.00000
      0.00000      0.00000
      0.00000      0.00000
      0.00000      0.00000
      0.00000      0.00000
      0.00000      0.00000
      0.00000      0.00000
      0.00000      0.00000
      0.00000      0.00000
      0.00000      0.00000
      0.00000      0.00000
      0.00000      0.00000
      0.00000      0.00000
      0.00000      0.00000
      0.00000      0.00000
      0.00000      0.00000
      0.00000      0.00000
      0.00000      0.00000
      0.00000      0.00000
      0.00000      0.00000
      0.00000      0.00000
      0.00000      0.00000
      0.00000      0.00000
      0.00000      0.00000
      0.00000      0.00000
      0.00000      0.00000
      0.00000      0.00000
      0.00000      0.00000
      0.00000      0.00000
      0.00000      0.00000
      0.00000      0.00000
      0.00000      0.00000
      0.00000      0.00000
      0.00000      0.00000
      0.00000      0.00000
      0.00000      0.00000
      0.00000      0.00000
      0.00000      0.00000
      0.00000      0.00000
      0.00000      0.00000
      0.00000      0.00000
      0.00000      0.00000
      0.00000      0.00000
      0.00000      0.00000
      0.00000      0.00000
      0.00000      0.00000
      0.00000      0.00000
      0.00000      0.00000
      0.00000      0.00000
      0.00000      0.00000
      0.00000      0.00000
      0.00000      0.00000
      0.00000      0.00000
      0.00000      0.00000
      0.00000      0.00000
      0.00000      0.00000
      0.00000      0.00000
      0.00000      0.00000
      0.00000      0.00000
      0.00000      0.00000
      0.00000      0.00000
      0.00000      0.00000
      0.00000      0.00000
      0.00000      0.00000
      0.00000      0.00000
      0.00000      0.00000
      0.00000      0.00000
      0.00000      0.00000
      0.00000      0.00000
      0.00000      0.00000
      0.00000      0.00000
      0.00000      0.00000
      0.00000      0.00000
      0.00000      0.00000
      0.00000      0.00000
      0.00000      0.00000
      0.00000      0.00000
      0.00000      0.00000
      0.00000      0.00000
      0.00000      0.00000
      0.00000      0.00000
      0.00000      0.00000
      0.00000      0.00000
      0.00000      0.00000
      0.00000      0.00000
      0.00000      0.00000
      0.00000      0.00000
      0.00000      0.00000
      0.00000      0.00000
      0.00000      0.00000
      0.00000      0.00000
      0.00000      0.00000
      0.00000      0.00000
      0.00000      0.00000
      0.00000      0.00000
      0.00000      0.00000
      0.00000      0.00000
      0.00000      0.00000
      0.00000      0.00000
      0.00000      0.00000
      0.00000      0.00000
      0.00000      0.00000
      0.00000      0.00000
      0.00000      0.00000
      0.00000      0.00000
      0.00000      0.00000
      0.00000      0.00000
      0.00000      0.00000
      0.00000      0.00000
      0.00000      0.00000
      0.00000      0.00000
      0.00000      0.00000
      0.00000      0.00000
      0.00000      0.00000
      0.00000      0.00000
      0.00000      0.00000
      0.00000      0.00000
      0.00000      0.00000
      0.00000      0.00000
      0.00000      0.00000
      0.00000      0.00000
      0.00000      0.00000
      0.00000      0.00000
      0.00000      0.00000
      0.00000      0.00000
      0.00000      0.00000
      0.00000      0.00000
      0.00000      0.00000
      0.00000      0.00000
      0.00000      0.00000
      0.00000      0.00000
      0.00000      0.00000
      0.00000      0.00000
      0.00000      0.00000
      0.00000      0.00000
      0.00000      0.00000
      0.00000      0.00000
      0.00000      0.00000
      0.00000      0.00000
      0.00000      0.00000
      0.00000      0.00000
      0.00000      0.00000
      0.00000      0.00000
      0.00000      0.00000
      0.00000      0.00000
      0.00000      0.00000
      0.00000      0.00000
      0.00000      0.00000
      0.00000      0.00000
      0.00000      0.00000
      0.00000      0.00000
      0.00000      0.00000
      0.00000      0.00000
      0.00000      0.00000
      0.00000      0.00000
      0.00000      0.00000
      0.00000      0.00000
      0.00000      0.00000
      0.00000      0.00000
      0.00000      0.00000
      0.00000      0.00000
      0.00000      0.00000
      0.00000      0.00000
      0.00000      0.00000
      0.00000      0.00000
      0.00000      0.00000
      0.00000      0.00000
      0.00000      0.00000
      0.00000      0.00000
      0.00000      0.00000
      0.00000      0.00000
      0.00000      0.00000
      0.00000      0.00000
      0.00000      0.00000
      0.00000      0.00000
      0.00000      0.00000
      0.00000      0.00000
      0.00000      0.00000
      0.00000      0.00000
      0.00000      0.00000
      0.00000      0.00000
      0.00000      0.00000
      0.00000      0.00000
      0.00000      0.00000
      0.00000      0.00000
      0.00000      0.00000
      0.00000      0.00000
      0.00000      0.00000
      0.00000      0.00000
      0.00000      0.00000
      0.00000      0.00000
      0.00000      0.00000
      0.00000      0.00000
      0.00000      0.00000
      0.00000      0.00000
      0.00000      0.00000
      0.00000      0.00000
      0.00000      0.00000
      0.00000      0.00000
      0.00000      0.00000
      0.00000      0.00000
      0.00000      0.00000
      0.00000      0.00000
      0.00000      0.00000
      0.00000      0.00000
      0.00000      0.00000
      0.00000      0.00000
      0.00000      0.00000
      0.00000      0.00000
      0.00000      0.00000
      0.00000      0.00000
      0.00000      0.00000
      0.00000      0.00000
      0.00000      0.00000
      0.00000      0.00000
      0.00000      0.00000
      0.00000      0.00000
      0.00000      0.00000
      0.00000      0.00000
      0.00000      0.00000
      0.00000      0.00000
      0.00000      0.00000
      0.00000      0.00000
      0.00000      0.00000
      0.00000      0.00000
      0.00000      0.00000
      0.00000      0.00000
      0.00000      0.00000
      0.00000      0.00000
      0.00000      0.00000
      0.00000      0.00000
      0.00000      0.00000
      0.00000      0.00000
      0.00000      0.00000
      0.00000      0.00000
      0.00000      0.00000
      0.00000      0.00000
      0.00000      0.00000
      0.00000      0.00000
      0.00000      0.00000
      0.00000      0.00000
      0.00000      0.00000
      0.00000      0.00000
      0.00000      0.00000
      0.00000      0.00000
      0.00000      0.00000
      0.00000      0.00000
      0.00000      0.00000
      0.00000      0.00000
      0.00000      0.00000
      0.00000      0.00000
      0.00000      0.00000
      0.00000      0.00000
      0.00000      0.00000
      0.00000      0.00000
      0.00000      0.00000
      0.00000      0.00000
      0.00000      0.00000
      0.00000      0.00000
      0.00000      0.00000
      0.00000      0.00000
      0.00000      0.00000
      0.00000      0.00000
      0.00000      0.00000
      0.00000      0.00000
      0.00000      0.00000
      0.00000      0.00000
      0.00000      0.00000
      0.00000      0.00000
      0.00000      0.00000
      0.00000      0.00000
      0.00000      0.00000
      0.00000      0.00000
      0.00000      0.00000
      0.00000      0.00000
      0.00000      0.00000
      0.00000      0.00000
      0.00000      0.00000
      0.00000      0.00000
      0.00000      0.00000
      0.00000      0.00000
      0.00000      0.00000
      0.00000      0.00000
      0.00000      0.00000
      0.00000      0.00000
      0.00000      0.00000
      0.00000      0.00000
      0.00000      0.00000
      0.00000      0.00000
      0.00000      0.00000
      0.00000      0.00000
      0.00000      0.00000
      0.00000      0.00000
      0.00000      0.00000
      0.00000      0.00000
      0.00000      0.00000
      0.00000      0.00000
      0.00000      0.00000
      0.00000      0.00000
      0.00000      0.00000
      0.00000      0.00000
      0.00000      0.00000
      0.00000      0.00000
      0.00000      0.00000
      0.00000      0.00000
      0.00000      0.00000
      0.00000      0.00000
      0.00000      0.00000
      0.00000      0.00000
      0.00000      0.00000
      0.00000      0.00000
      0.00000      0.00000
      0.00000      0.00000
      0.00000      0.00000
      0.00000      0.00000
      0.00000      0.00000
      0.00000      0.00000
      0.00000      0.00000
      0.00000      0.00000
      0.00000      0.00000
      0.00000      0.00000
      0.00000      0.00000
      0.00000      0.00000
      0.00000      0.00000
      0.00000      0.00000
      0.00000      0.00000
      0.00000      0.00000
      0.00000      0.00000
      0.00000      0.00000
      0.00000      0.00000
      0.00000      0.00000
      0.00000      0.00000
      0.00000      0.00000
      0.00000      0.00000
      0.00000      0.00000
      0.00000      0.00000
      0.00000      0.00000
      0.00000      0.00000
      0.00000      0.00000
      0.00000      0.00000
      0.00000      0.00000
      0.00000      0.00000
      0.00000      0.00000
      0.00000      0.00000
      0.00000      0.00000
      0.00000      0.00000
      0.00000      0.00000
      0.00000      0.00000
      0.00000      0.00000
      0.00000      0.00000
      0.00000      0.00000
      0.00000      0.00000
      0.00000      0.00000
      0.00000      0.00000
      0.00000      0.00000
      0.00000      0.00000
      0.00000      0.00000
      0.00000      0.00000
      0.00000      0.00000
      0.00000      0.00000
      0.00000      0.00000
      0.00000      0.00000
      0.00000      0.00000
      0.00000      0.00000
      0.00000      0.00000
      0.00000      0.00000
      0.00000      0.00000
      0.00000      0.00000
      0.00000      0.00000
      0.00000      0.00000
      0.00000      0.00000
      0.00000      0.00000
      0.00000      0.00000
      0.00000      0.00000
      0.00000      0.00000
      0.00000      0.00000
      0.00000      0.00000
      0.00000      0.00000
      0.00000      0.00000
      0.00000      0.00000
      0.00000      0.00000
      0.00000      0.00000
      0.00000      0.00000
      0.00000      0.00000
      0.00000      0.00000
      0.00000      0.00000
      0.00000      0.00000
      0.00000      0.00000
      0.00000      0.00000
      0.00000      0.00000
      0.00000      0.00000
      0.00000      0.00000
      0.00000      0.00000
      0.00000      0.00000
      0.00000      0.00000
      0.00000      0.00000
      0.00000      0.00000
      0.00000      0.00000
      0.00000      0.00000
      0.00000      0.00000
      0.00000      0.00000
      0.00000      0.00000
      0.00000      0.00000
      0.00000      0.00000
      0.00000      0.00000
      0.00000      0.00000
      0.00000      0.00000
      0.00000      0.00000
      0.00000      0.00000
      0.00000      0.00000
      0.00000      0.00000
      0.00000      0.00000
      0.00000      0.00000
      0.00000      0.00000
      0.00000      0.00000
      0.00000      0.00000
      0.00000      0.00000
      0.00000      0.00000
      0.00000      0.00000
      0.00000      0.00000
      0.00000      0.00000
      0.00000      0.00000
      0.00000      0.00000
      0.00000      0.00000
      0.00000      0.00000
      0.00000      0.00000
      0.00000      0.00000
      0.00000      0.00000
      0.00000      0.00000
      0.00000      0.00000
      0.00000      0.00000
      0.00000      0.00000
      0.00000      0.00000
      0.00000      0.00000
      0.00000      0.00000
      0.00000      0.00000
      0.00000      0.00000
      0.00000      0.00000
      0.00000      0.00000
      0.00000      0.00000
      0.00000      0.00000
      0.00000      0.00000
      0.00000      0.00000
      0.00000      0.00000
      0.00000      0.00000
      0.00000      0.00000
      0.00000      0.00000
      0.00000      0.00000
      0.00000      0.00000
      0.00000      0.00000
      0.00000      0.00000
      0.00000      0.00000
      0.00000      0.00000
      0.00000      0.00000
      0.00000      0.00000
      0.00000      0.00000
      0.00000      0.00000
      0.00000      0.00000
      0.00000      0.00000
      0.00000      0.00000
      0.00000      0.00000
      0.00000      0.00000
      0.00000      0.00000
      0.00000      0.00000
      0.00000      0.00000
      0.00000      0.00000
      0.00000      0.00000
      0.00000      0.00000
      0.00000      0.00000
      0.00000      0.00000
      0.00000      0.00000
      0.00000      0.00000
      0.00000      0.00000
      0.00000      0.00000
      0.00000      0.00000
      0.00000      0.00000
      0.00000      0.00000
      0.00000      0.00000
      0.00000      0.00000
      0.00000      0.00000
      0.00000      0.00000
      0.00000      0.00000
      0.00000      0.00000
      0.00000      0.00000
      0.00000      0.00000
      0.00000      0.00000
      0.00000      0.00000
      0.00000      0.00000
      0.00000      0.00000
      0.00000      0.00000
      0.00000      0.00000
      0.00000      0.00000
      0.00000      0.00000
      0.00000      0.00000
      0.00000      0.00000
      0.00000      0.00000
      0.00000      0.00000
      0.00000      0.00000
      0.00000      0.00000
      0.00000      0.00000
      0.00000      0.00000
      0.00000      0.00000
      0.00000      0.00000
      0.00000      0.00000
      0.00000      0.00000
      0.00000      0.00000
      0.00000      0.00000
      0.00000      0.00000
      0.00000      0.00000
      0.00000      0.00000
      0.00000      0.00000
      0.00000      0.00000
      0.00000      0.00000
      0.00000      0.00000
      0.00000      0.00000
      0.00000      0.00000
      0.00000      0.00000
      0.00000      0.00000
      0.00000      0.00000
      0.00000      0.00000
      0.00000      0.00000
      0.00000      0.00000
      0.00000      0.00000
      0.00000      0.00000
      0.00000      0.00000
      0.00000      0.00000
      0.00000      0.00000
      0.00000      0.00000
      0.00000      0.00000
      0.00000      0.00000
      0.00000      0.00000
      0.00000      0.00000
      0.00000      0.00000
      0.00000      0.00000
      0.00000      0.00000
      0.00000      0.00000
      0.00000      0.00000
      0.00000      0.00000
      0.00000      0.00000
      0.00000      0.00000
      0.00000      0.00000
      0.00000      0.00000
      0.00000      0.00000
      0.00000      0.00000
      0.00000      0.00000
      0.00000      0.00000
      0.00000      0.00000
      0.00000      0.00000
      0.00000      0.00000
      0.00000      0.00000
      0.00000      0.00000
      0.00000      0.00000
      0.00000      0.00000
      0.00000      0.00000
      0.00000      0.00000
      0.00000      0.00000
      0.00000      0.00000
      0.00000      0.00000
      0.00000      0.00000
      0.00000      0.00000
      0.00000      0.00000
      0.00000      0.00000
      0.00000      0.00000
      0.00000      0.00000
      0.00000      0.00000
      0.00000      0.00000
      0.00000      0.00000
      0.00000      0.00000
      0.00000      0.00000
      0.00000      0.00000
      0.00000      0.00000
      0.00000      0.00000
      0.00000      0.00000
      0.00000      0.00000
      0.00000      0.00000
      0.00000      0.00000
      0.00000      0.00000
      0.00000      0.00000
      0.00000      0.00000
      0.00000      0.00000
      0.00000      0.00000
      0.00000      0.00000
      0.00000      0.00000
      0.00000      0.00000
      0.00000      0.00000
      0.00000      0.00000
      0.00000      0.00000
      0.00000      0.00000
      0.00000      0.00000
      0.00000      0.00000
      0.00000      0.00000
      0.00000      0.00000
      0.00000      0.00000
      0.00000      0.00000
      0.00000      0.00000
      0.00000      0.00000
      0.00000      0.00000
      0.00000      0.00000
      0.00000      0.00000
      0.00000      0.00000
      0.00000      0.00000
      0.00000      0.00000
      0.00000      0.00000
      0.00000      0.00000
      0.00000      0.00000
      0.00000      0.00000
      0.00000      0.00000
      0.00000      0.00000
      0.00000      0.00000
      0.00000      0.00000
      0.00000      0.00000
      0.00000      0.00000
      0.00000      0.00000
      0.00000      0.00000
      0.00000      0.00000
      0.00000      0.00000
      0.00000      0.00000
      0.00000      0.00000
      0.00000      0.00000
      0.00000      0.00000
      0.00000      0.00000
      0.00000      0.00000
      0.00000      0.00000
      0.00000      0.00000
      0.00000      0.00000
      0.00000      0.00000
      0.00000      0.00000
      0.00000      0.00000
      0.00000      0.00000
      0.00000      0.00000
      0.00000      0.00000
      0.00000      0.00000
      0.00000      0.00000
      0.00000      0.00000
      0.00000      0.00000
      0.00000      0.00000
      0.00000      0.00000
      0.00000      0.00000
      0.00000      0.00000
      0.00000      0.00000
      0.00000      0.00000
      0.00000      0.00000
      0.00000      0.00000
      0.00000      0.00000
      0.00000      0.00000
      0.00000      0.00000
      0.00000      0.00000
      0.00000      0.00000
      0.00000      0.00000
      0.00000      0.00000
      0.00000      0.00000
      0.00000      0.00000
      0.00000      0.00000
      0.00000      0.00000
      0.00000      0.00000
      0.00000      0.00000
      0.00000      0.00000
      0.00000      0.00000
      0.00000      0.00000
      0.00000      0.00000
      0.00000      0.00000
      0.00000      0.00000
      0.00000      0.00000
      0.00000      0.00000
      0.00000      0.00000
      0.00000      0.00000
      0.00000      0.00000
      0.00000      0.00000
      0.00000      0.00000
      0.00000      0.00000
      0.00000      0.00000
      0.00000      0.00000
      0.00000      0.00000
      0.00000      0.00000
      0.00000      0.00000
      0.00000      0.00000
      0.00000      0.00000
      0.00000      0.00000
      0.00000      0.00000
      0.00000      0.00000
      0.00000      0.00000
      0.00000      0.00000
      0.00000      0.00000
      0.00000      0.00000
      0.00000      0.00000
      0.00000      0.00000
      0.00000      0.00000
      0.00000      0.00000
      0.00000      0.00000
      0.00000      0.00000
      0.00000      0.00000
      0.00000      0.00000
      0.00000      0.00000
      0.00000      0.00000
      0.00000      0.00000
      0.00000      0.00000
      0.00000      0.00000
      0.00000      0.00000
      0.00000      0.00000
      0.00000      0.00000
      0.00000      0.00000
      0.00000      0.00000
      0.00000      0.00000
      0.00000      0.00000
      0.00000      0.00000
      0.00000      0.00000
      0.00000      0.00000
      0.00000      0.00000
      0.00000      0.00000
      0.00000      0.00000
      0.00000      0.00000
      0.00000      0.00000
      0.00000      0.00000
      0.00000      0.00000
      0.00000      0.00000
      0.00000      0.00000
      0.00000      0.00000
      0.00000      0.00000
      0.00000      0.00000
      0.00000      0.00000
      0.00000      0.00000
      0.00000      0.00000
      0.00000      0.00000
      0.00000      0.00000
      0.00000      0.00000
      0.00000      0.00000
      0.00000      0.00000
      0.00000      0.00000
      0.00000      0.00000
      0.00000      0.00000
      0.00000      0.00000
      0.00000      0.00000
      0.00000      0.00000
      0.00000      0.00000
      0.00000      0.00000
      0.00000      0.00000
      0.00000      0.00000
      0.00000      0.00000
      0.00000      0.00000
      0.00000      0.00000
      0.00000      0.00000
      0.00000      0.00000
      0.00000      0.00000
      0.00000      0.00000
      0.00000      0.00000
      0.00000      0.00000
      0.00000      0.00000
      0.00000      0.00000
      0.00000      0.00000
      0.00000      0.00000
      0.00000      0.00000
      0.00000      0.00000
      0.00000      0.00000
      0.00000      0.00000
      0.00000      0.00000
      0.00000      0.00000
      0.00000      0.00000
      0.00000      0.00000
      0.00000      0.00000
      0.00000      0.00000
      0.00000      0.00000
      0.00000      0.00000
      0.00000      0.00000
      0.00000      0.00000
      0.00000      0.00000
      0.00000      0.00000
      0.00000      0.00000
      0.00000      0.00000
      0.00000      0.00000
      0.00000      0.00000
      0.00000      0.00000
      0.00000      0.00000
      0.00000      0.00000
      0.00000      0.00000
      0.00000      0.00000
      0.00000      0.00000
      0.00000      0.00000
      0.00000      0.00000
      0.00000      0.00000
      0.00000      0.00000
      0.00000      0.00000
      0.00000      0.00000
      0.00000      0.00000
      0.00000      0.00000
      0.00000      0.00000
      0.00000      0.00000
      0.00000      0.00000
      0.00000      0.00000
      0.00000      0.00000
      0.00000      0.00000
      0.00000      0.00000
      0.00000      0.00000
      0.00000      0.00000
      0.00000      0.00000
      0.00000      0.00000
      0.00000      0.00000
      0.00000      0.00000
      0.00000      0.00000
      0.00000      0.00000
      0.00000      0.00000
      0.00000      0.00000
      0.00000      0.00000
      0.00000      0.00000
      0.00000      0.00000
      0.00000      0.00000
      0.00000      0.00000
      0.00000      0.00000
      0.00000      0.00000
      0.00000      0.00000
      0.00000      0.00000
      0.00000      0.00000
      0.00000      0.00000
      0.00000      0.00000
      0.00000      0.00000
      0.00000      0.00000
      0.00000      0.00000
      0.00000      0.00000
      0.00000      0.00000
      0.00000      0.00000
      0.00000      0.00000
      0.00000      0.00000
      0.00000      0.00000
      0.00000      0.00000
      0.00000      0.00000
      0.00000      0.00000
      0.00000      0.00000
      0.00000      0.00000
      0.00000      0.00000
      0.00000      0.00000
      0.00000      0.00000
      0.00000      0.00000
      0.00000      0.00000
      0.00000      0.00000
      0.00000      0.00000
      0.00000      0.00000
      0.00000      0.00000
      0.00000      0.00000
      0.00000      0.00000
      0.00000      0.00000
      0.00000      0.00000
      0.00000      0.00000
      0.00000      0.00000
      0.00000      0.00000
      0.00000      0.00000
      0.00000      0.00000
      0.00000      0.00000
      0.00000      0.00000
      0.00000      0.00000
      0.00000      0.00000
      0.00000      0.00000
      0.00000      0.00000
      0.00000      0.00000
      0.00000      0.00000
      0.00000      0.00000
      0.00000      0.00000
      0.00000      0.00000
      0.00000      0.00000
      0.00000      0.00000
      0.00000      0.00000
      0.00000      0.00000
      0.00000      0.00000
      0.00000      0.00000
      0.00000      0.00000
      0.00000      0.00000
      0.00000      0.00000
      0.00000      0.00000
      0.00000      0.00000
      0.00000      0.00000
      0.00000      0.00000
      0.00000      0.00000
      0.00000      0.00000
      0.00000      0.00000
      0.00000      0.00000
      0.00000      0.00000
      0.00000      0.00000
      0.00000      0.00000
      0.00000      0.00000
      0.00000      0.00000
      0.00000      0.00000
      0.00000      0.00000
      0.00000      0.00000
      0.00000      0.00000
      0.00000      0.00000
      0.00000      0.00000
      0.00000      0.00000
      0.00000      0.00000
      0.00000      0.00000
      0.00000      0.00000
      0.00000      0.00000
      0.00000      0.00000
      0.00000      0.00000
      0.00000      0.00000
      0.00000      0.00000
      0.00000      0.00000
      0.00000      0.00000
      0.00000      0.00000
      0.00000      0.00000
      0.00000      0.00000
      0.00000      0.00000
      0.00000      0.00000
      0.00000      0.00000
      0.00000      0.00000
      0.00000      0.00000
      0.00000      0.00000
      0.00000      0.00000
      0.00000      0.00000
      0.00000      0.00000
      0.00000      0.00000
      0.00000      0.00000
      0.00000      0.00000
      0.00000      0.00000
      0.00000      0.00000
      0.00000      0.00000
      0.00000      0.00000
      0.00000      0.00000
      0.00000      0.00000
      0.00000      0.00000
      0.00000      0.00000
      0.00000      0.00000
      0.00000      0.00000
      0.00000      0.00000
      0.00000      0.00000
      0.00000      0.00000
      0.00000      0.00000
      0.00000      0.00000
      0.00000      0.00000
      0.00000      0.00000
      0.00000      0.00000
      0.00000      0.00000
      0.00000      0.00000
      0.00000      0.00000
      0.00000      0.00000
      0.00000      0.00000
      0.00000      0.00000
      0.00000      0.00000
      0.00000      0.00000
      0.00000      0.00000
      0.00000      0.00000
      0.00000      0.00000
      0.00000      0.00000
      0.00000      0.00000
      0.00000      0.00000
      0.00000      0.00000
      0.00000      0.00000
      0.00000      0.00000
      0.00000      0.00000
      0.00000      0.00000
      0.00000      0.00000
      0.00000      0.00000
      0.00000      0.00000
      0.00000      0.00000
      0.00000      0.00000
      0.00000      0.00000
      0.00000      0.00000
      0.00000      0.00000
      0.00000      0.00000
      0.00000      0.00000
      0.00000      0.00000
      0.00000      0.00000
      0.00000      0.00000
      0.00000      0.00000
      0.00000      0.00000
      0.00000      0.00000
      0.00000      0.00000
      0.00000      0.00000
      0.00000      0.00000
      0.00000      0.00000
      0.00000      0.00000
      0.00000      0.00000
      0.00000      0.00000
      0.00000      0.00000
      0.00000      0.00000
      0.00000      0.00000
      0.00000      0.00000
      0.00000      0.00000
      0.00000      0.00000
      0.00000      0.00000
      0.00000      0.00000
      0.00000      0.00000
      0.00000      0.00000
      0.00000      0.00000
      0.00000      0.00000
      0.00000      0.00000
      0.00000      0.00000
      0.00000      0.00000
      0.00000      0.00000
      0.00000      0.00000
      0.00000      0.00000
      0.00000      0.00000
      0.00000      0.00000
      0.00000      0.00000
      0.00000      0.00000
      0.00000      0.00000
      0.00000      0.00000
      0.00000      0.00000
      0.00000      0.00000
      0.00000      0.00000
      0.00000      0.00000
      0.00000      0.00000
      0.00000      0.00000
      0.00000      0.00000
      0.00000      0.00000
      0.00000      0.00000
      0.00000      0.00000
      0.00000      0.00000
      0.00000      0.00000
      0.00000      0.00000
      0.00000      0.00000
      0.00000      0.00000
      0.00000      0.00000
      0.00000      0.00000
      0.00000      0.00000
      0.00000      0.00000
      0.00000      0.00000
      0.00000      0.00000
      0.00000      0.00000
      0.00000      0.00000
      0.00000      0.00000
      0.00000      0.00000
      0.00000      0.00000
      0.00000      0.00000
      0.00000      0.00000
      0.00000      0.00000
      0.00000      0.00000
      0.00000      0.00000
      0.00000      0.00000
      0.00000      0.00000
      0.00000      0.00000
      0.00000      0.00000
      0.00000      0.00000
      0.00000      0.00000
      0.00000      0.00000
      0.00000      0.00000
      0.00000      0.00000
      0.00000      0.00000
      0.00000      0.00000
      0.00000      0.00000
      0.00000      0.00000
      0.00000      0.00000
      0.00000      0.00000
      0.00000      0.00000
      0.00000      0.00000
      0.00000      0.00000
      0.00000      0.00000
      0.00000      0.00000
      0.00000      0.00000
      0.00000      0.00000
      0.00000      0.00000
      0.00000      0.00000
      0.00000      0.00000
      0.00000      0.00000
      0.00000      0.00000
      0.00000      0.00000
      0.00000      0.00000
      0.00000      0.00000
      0.00000      0.00000
      0.00000      0.00000
      0.00000      0.00000
      0.00000      0.00000
      0.00000      0.00000
      0.00000      0.00000
      0.00000      0.00000
      0.00000      0.00000
      0.00000      0.00000
      0.00000      0.00000
      0.00000      0.00000
      0.00000      0.00000
      0.00000      0.00000
      0.00000      0.00000
      0.00000      0.00000
      0.00000      0.00000
      0.00000      0.00000
      0.00000      0.00000
      0.00000      0.00000
      0.00000      0.00000
      0.00000      0.00000
      0.00000      0.00000
      0.00000      0.00000
      0.00000      0.00000
      0.00000      0.00000
      0.00000      0.00000
      0.00000      0.00000
      0.00000      0.00000
      0.00000      0.00000
      0.00000      0.00000
      0.00000      0.00000
      0.00000      0.00000
      0.00000      0.00000
      0.00000      0.00000
      0.00000      0.00000
      0.00000      0.00000
      0.00000      0.00000
      0.00000      0.00000
      0.00000      0.00000
      0.00000      0.00000
      0.00000      0.00000
      0.00000      0.00000
      0.00000      0.00000
      0.00000      0.00000
      0.00000      0.00000
      0.00000      0.00000
      0.00000      0.00000
      0.00000      0.00000
      0.00000      0.00000
      0.00000      0.00000
      0.00000      0.00000
      0.00000      0.00000
      0.00000      0.00000
      0.00000      0.00000
      0.00000      0.00000
      0.00000      0.00000
      0.00000      0.00000
      0.00000      0.00000
      0.00000      0.00000
      0.00000      0.00000
      0.00000      0.00000
      0.00000      0.00000
      0.00000      0.00000
      0.00000      0.00000
      0.00000      0.00000
      0.00000      0.00000
      0.00000      0.00000
      0.00000      0.00000
      0.00000      0.00000
      0.00000      0.00000
      0.00000      0.00000
      0.00000      0.00000
      0.00000      0.00000
      0.00000      0.00000
      0.00000      0.00000
      0.00000      0.00000
      0.00000      0.00000
      0.00000      0.00000
      0.00000      0.00000
      0.00000      0.00000
      0.00000      0.00000
      0.00000      0.00000
      0.00000      0.00000
      0.00000      0.00000
      0.00000      0.00000
      0.00000      0.00000
      0.00000      0.00000
      0.00000      0.00000
      0.00000      0.00000
      0.00000      0.00000
      0.00000      0.00000
      0.00000      0.00000
      0.00000      0.00000
      0.00000      0.00000
      0.00000      0.00000
      0.00000      0.00000
      0.00000      0.00000
      0.00000      0.00000
      0.00000      0.00000
      0.00000      0.00000
      0.00000      0.00000
      0.00000      0.00000
      0.00000      0.00000
      0.00000      0.00000
      0.00000      0.00000
      0.00000      0.00000
      0.00000      0.00000
      0.00000      0.00000
      0.00000      0.00000
      0.00000      0.00000
      0.00000      0.00000
      0.00000      0.00000
      0.00000      0.00000
      0.00000      0.00000
      0.00000      0.00000
      0.00000      0.00000
      0.00000      0.00000
      0.00000      0.00000
      0.00000      0.00000
      0.00000      0.00000
      0.00000      0.00000
      0.00000      0.00000
      0.00000      0.00000
      0.00000      0.00000
      0.00000      0.00000
      0.00000      0.00000
      0.00000      0.00000
      0.00000      0.00000
      0.00000      0.00000
      0.00000      0.00000
      0.00000      0.00000
      0.00000      0.00000
      0.00000      0.00000
      0.00000      0.00000
      0.00000      0.00000
      0.00000      0.00000
      0.00000      0.00000
      0.00000      0.00000
      0.00000      0.00000
      0.00000      0.00000
      0.00000      0.00000
      0.00000      0.00000
      0.00000      0.00000
      0.00000      0.00000
      0.00000      0.00000
      0.00000      0.00000
      0.00000      0.00000
      0.00000      0.00000
      0.00000      0.00000
      0.00000      0.00000
      0.00000      0.00000
      0.00000      0.00000
      0.00000      0.00000
      0.00000      0.00000
      0.00000      0.00000
      0.00000      0.00000
      0.00000      0.00000
      0.00000      0.00000
      0.00000      0.00000
      0.00000      0.00000
      0.00000      0.00000
      0.00000      0.00000
      0.00000      0.00000
      0.00000      0.00000
      0.00000      0.00000
      0.00000      0.00000
      0.00000      0.00000
      0.00000      0.00000
      0.00000      0.00000
      0.00000      0.00000
      0.00000      0.00000
      0.00000      0.00000
      0.00000      0.00000
      0.00000      0.00000
      0.00000      0.00000
      0.00000      0.00000
      0.00000      0.00000
      0.00000      0.00000
      0.00000      0.00000
      0.00000      0.00000
      0.00000      0.00000
      0.00000      0.00000
      0.00000      0.00000
      0.00000      0.00000
      0.00000      0.00000
      0.00000      0.00000
      0.00000      0.00000
      0.00000      0.00000
      0.00000      0.00000
      0.00000      0.00000
      0.00000      0.00000
      0.00000      0.00000
      0.00000      0.00000
      0.00000      0.00000
      0.00000      0.00000
      0.00000      0.00000
      0.00000      0.00000
      0.00000      0.00000
      0.00000      0.00000
      0.00000      0.00000
      0.00000      0.00000
      0.00000      0.00000
      0.00000      0.00000
      0.00000      0.00000
      0.00000      0.00000
      0.00000      0.00000
      0.00000      0.00000
      0.00000      0.00000
      0.00000      0.00000
      0.00000      0.00000
      0.00000      0.00000
      0.00000      0.00000
      0.00000      0.00000
      0.00000      0.00000
      0.00000      0.00000
      0.00000      0.00000
      0.00000      0.00000
      0.00000      0.00000
      0.00000      0.00000
      0.00000      0.00000
      0.00000      0.00000
      0.00000      0.00000
      0.00000      0.00000
      0.00000      0.00000
      0.00000      0.00000
      0.00000      0.00000
      0.00000      0.00000
      0.00000      0.00000
      0.00000      0.00000
      0.00000      0.00000
      0.00000      0.00000
      0.00000      0.00000
      0.00000      0.00000
      0.00000      0.00000
      0.00000      0.00000
      0.00000      0.00000
      0.00000      0.00000
      0.00000      0.00000
      0.00000      0.00000
      0.00000      0.00000
      0.00000      0.00000
      0.00000      0.00000
      0.00000      0.00000
      0.00000      0.00000
      0.00000      0.00000
      0.00000      0.00000
      0.00000      0.00000
      0.00000      0.00000
      0.00000      0.00000
      0.00000      0.00000
      0.00000      0.00000
      0.00000      0.00000
      0.00000      0.00000
      0.00000      0.00000
      0.00000      0.00000
      0.00000      0.00000
      0.00000      0.00000
      0.00000      0.00000
      0.00000      0.00000
      0.00000      0.00000
      0.00000      0.00000
      0.00000      0.00000
      0.00000      0.00000
      0.00000      0.00000
      0.00000      0.00000
      0.00000      0.00000
      0.00000      0.00000
      0.00000      0.00000
      0.00000      0.00000
      0.00000      0.00000
      0.00000      0.00000
      0.00000      0.00000
      0.00000      0.00000
      0.00000      0.00000
      0.00000      0.00000
      0.00000      0.00000
      0.00000      0.00000
      0.00000      0.00000
      0.00000      0.00000
      0.00000      0.00000
      0.00000      0.00000
      0.00000      0.00000
      0.00000      0.00000
      0.00000      0.00000
      0.00000      0.00000
      0.00000      0.00000
      0.00000      0.00000
      0.00000      0.00000
      0.00000      0.00000
      0.00000      0.00000
      0.00000      0.00000
      0.00000      0.00000
      0.00000      0.00000
      0.00000      0.00000
      0.00000      0.00000
      0.00000      0.00000
      0.00000      0.00000
      0.00000      0.00000
      0.00000      0.00000
      0.00000      0.00000
      0.00000      0.00000
      0.00000      0.00000
      0.00000      0.00000
      0.00000      0.00000
      0.00000      0.00000
      0.00000      0.00000
      0.00000      0.00000
      0.00000      0.00000
      0.00000      0.00000
      0.00000      0.00000
      0.00000      0.00000
      0.00000      0.00000
      0.00000      0.00000
      0.00000      0.00000
      0.00000      0.00000
      0.00000      0.00000
      0.00000      0.00000
      0.00000      0.00000
      0.00000      0.00000
      0.00000      0.00000
      0.00000      0.00000
      0.00000      0.00000
      0.00000      0.00000
      0.00000      0.00000
      0.00000      0.00000
      0.00000      0.00000
      0.00000      0.00000
      0.00000      0.00000
      0.00000      0.00000
      0.00000      0.00000
      0.00000      0.00000
      0.00000      0.00000
      0.00000      0.00000
      0.00000      0.00000
      0.00000      0.00000
      0.00000      0.00000
      0.00000      0.00000
      0.00000      0.00000
      0.00000      0.00000
      0.00000      0.00000
      0.00000      0.00000
      0.00000      0.00000
      0.00000      0.00000
      0.00000      0.00000
      0.00000      0.00000
      0.00000      0.00000
      0.00000      0.00000
      0.00000      0.00000
      0.00000      0.00000
      0.00000      0.00000
      0.00000      0.00000
      0.00000      0.00000
      0.00000      0.00000
      0.00000      0.00000
      0.00000      0.00000
      0.00000      0.00000
      0.00000      0.00000
      0.00000      0.00000
      0.00000      0.00000
      0.00000      0.00000
      0.00000      0.00000
      0.00000      0.00000
      0.00000      0.00000
      0.00000      0.00000
      0.00000      0.00000
      0.00000      0.00000
      0.00000      0.00000
      0.00000      0.00000
      0.00000      0.00000
      0.00000      0.00000
      0.00000      0.00000
      0.00000      0.00000
      0.00000      0.00000
      0.00000      0.00000
      0.00000      0.00000
      0.00000      0.00000
      0.00000      0.00000
      0.00000      0.00000
      0.00000      0.00000
      0.00000      0.00000
      0.00000      0.00000
      0.00000      0.00000
      0.00000      0.00000
      0.00000      0.00000
      0.00000      0.00000
      0.00000      0.00000
      0.00000      0.00000
      0.00000      0.00000
      0.00000      0.00000
      0.00000      0.00000
      0.00000      0.00000
      0.00000      0.00000
      0.00000      0.00000
      0.00000      0.00000
      0.00000      0.00000
      0.00000      0.00000
      0.00000      0.00000
      0.00000      0.00000
      0.00000      0.00000
      0.00000      0.00000
      0.00000      0.00000
      0.00000      0.00000
      0.00000      0.00000
      0.00000      0.00000
      0.00000      0.00000
      0.00000      0.00000
      0.00000      0.00000
      0.00000      0.00000
      0.00000      0.00000
      0.00000      0.00000
      0.00000      0.00000
      0.00000      0.00000
      0.00000      0.00000
      0.00000      0.00000
      0.00000      0.00000
      0.00000      0.00000
      0.00000      0.00000
      0.00000      0.00000
      0.00000      0.00000
      0.00000      0.00000
      0.00000      0.00000
      0.00000      0.00000
      0.00000      0.00000
      0.00000      0.00000
      0.00000      0.00000
      0.00000      0.00000
      0.00000      0.00000
      0.00000      0.00000
      0.00000      0.00000
      0.00000      0.00000
      0.00000      0.00000
      0.00000      0.00000
      0.00000      0.00000
      0.00000      0.00000
      0.00000      0.00000
      0.00000      0.00000
      0.00000      0.00000
      0.00000      0.00000
      0.00000      0.00000
      0.00000      0.00000
      0.00000      0.00000
      0.00000      0.00000
      0.00000      0.00000
      0.00000      0.00000
      0.00000      0.00000
      0.00000      0.00000
      0.00000      0.00000
      0.00000      0.00000
      0.00000      0.00000
      0.00000      0.00000
      0.00000      0.00000
      0.00000      0.00000
      0.00000      0.00000
      0.00000      0.00000
      0.00000      0.00000
      0.00000      0.00000
      0.00000      0.00000
      0.00000      0.00000
      0.00000      0.00000
      0.00000      0.00000
      0.00000      0.00000
      0.00000      0.00000
      0.00000      0.00000
      0.00000      0.00000
      0.00000      0.00000
      0.00000      0.00000
      0.00000      0.00000
      0.00000      0.00000
      0.00000      0.00000
      0.00000      0.00000
      0.00000      0.00000
      0.00000      0.00000
      0.00000      0.00000
      0.00000      0.00000
      0.00000      0.00000
      0.00000      0.00000
      0.00000      0.00000
      0.00000      0.00000
      0.00000      0.00000
      0.00000      0.00000
      0.00000      0.00000
      0.00000      0.00000
      0.00000      0.00000
      0.00000      0.00000
      0.00000      0.00000
      0.00000      0.00000
      0.00000      0.00000
      0.00000      0.00000
      0.00000      0.00000
      0.00000      0.00000
      0.00000      0.00000
      0.00000      0.00000
      0.00000      0.00000
      0.00000      0.00000
      0.00000      0.00000
      0.00000      0.00000
      0.00000      0.00000
      0.00000      0.00000
      0.00000      0.00000
      0.00000      0.00000
      0.00000      0.00000
      0.00000      0.00000
      0.00000      0.00000
      0.00000      0.00000
      0.00000      0.00000
      0.00000      0.00000
      0.00000      0.00000
      0.00000      0.00000
      0.00000      0.00000
      0.00000      0.00000
      0.00000      0.00000
      0.00000      0.00000
      0.00000      0.00000
      0.00000      0.00000
      0.00000      0.00000
      0.00000      0.00000
      0.00000      0.00000
      0.00000      0.00000
      0.00000      0.00000
      0.00000      0.00000
      0.00000      0.00000
      0.00000      0.00000
      0.00000      0.00000
      0.00000      0.00000
      0.00000      0.00000
      0.00000      0.00000
      0.00000      0.00000
      0.00000      0.00000
      0.00000      0.00000
      0.00000      0.00000
      0.00000      0.00000
      0.00000      0.00000
      0.00000      0.00000
      0.00000      0.00000
      0.00000      0.00000
      0.00000      0.00000
      0.00000      0.00000
      0.00000      0.00000
      0.00000      0.00000
      0.00000      0.00000
      0.00000      0.00000
      0.00000      0.00000
      0.00000      0.00000
      0.00000      0.00000
      0.00000      0.00000
      0.00000      0.00000
      0.00000      0.00000
      0.00000      0.00000
      0.00000      0.00000
      0.00000      0.00000
      0.00000      0.00000
      0.00000      0.00000
      0.00000      0.00000
      0.00000      0.00000
      0.00000      0.00000
      0.00000      0.00000
      0.00000      0.00000
      0.00000      0.00000
      0.00000      0.00000
      0.00000      0.00000
      0.00000      0.00000
      0.00000      0.00000
      0.00000      0.00000
      0.00000      0.00000
      0.00000      0.00000
      0.00000      0.00000
      0.00000      0.00000
      0.00000      0.00000
      0.00000      0.00000
      0.00000      0.00000
      0.00000      0.00000
      0.00000      0.00000
      0.00000      0.00000
      0.00000      0.00000
      0.00000      0.00000
      0.00000      0.00000
      0.00000      0.00000
      0.00000      0.00000
      0.00000      0.00000
      0.00000      0.00000
      0.00000      0.00000
      0.00000      0.00000
      0.00000      0.00000
      0.00000      0.00000
      0.00000      0.00000
      0.00000      0.00000
      0.00000      0.00000
      0.00000      0.00000
      0.00000      0.00000
      0.00000      0.00000
      0.00000      0.00000
      0.00000      0.00000
      0.00000      0.00000
      0.00000      0.00000
      0.00000      0.00000
      0.00000      0.00000
      0.00000      0.00000
      0.00000      0.00000
      0.00000      0.00000
      0.00000      0.00000
      0.00000      0.00000
      0.00000      0.00000
      0.00000      0.00000
      0.00000      0.00000
      0.00000      0.00000
      0.00000      0.00000
      0.00000      0.00000
      0.00000      0.00000
      0.00000      0.00000
      0.00000      0.00000
      0.00000      0.00000
      0.00000      0.00000
      0.00000      0.00000
      0.00000      0.00000
      0.00000      0.00000
      0.00000      0.00000
      0.00000      0.00000
      0.00000      0.00000
      0.00000      0.00000
      0.00000      0.00000
      0.00000      0.00000
      0.00000      0.00000
      0.00000      0.00000
      0.00000      0.00000
      0.00000      0.00000
      0.00000      0.00000
      0.00000      0.00000
      0.00000      0.00000
      0.00000      0.00000
      0.00000      0.00000
      0.00000      0.00000
      0.00000      0.00000
      0.00000      0.00000
