  EFITD    01/21/2000    #118890  1512ms           7  65  65
 0.170000005E+01 0.320000005E+01 0.169550002E+01 0.839999974E+00 0.000000000E+00
 0.170899117E+01-0.206208043E-01-0.394073188E+00-0.173822455E-01-0.200330305E+01
 0.137270713E+07-0.394073188E+00 0.000000000E+00 0.170899117E+01 0.000000000E+00
-0.206208043E-01 0.000000000E+00-0.173822455E-01 0.000000000E+00 0.000000000E+00
-0.367304206E+01-0.366112947E+01-0.364954495E+01-0.363828540E+01-0.362734818E+01
-0.361673021E+01-0.360642886E+01-0.359644055E+01-0.358676243E+01-0.357739067E+01
-0.356832218E+01-0.355955315E+01-0.355107975E+01-0.354289842E+01-0.353500509E+01
-0.352739549E+01-0.352006578E+01-0.351301169E+01-0.350622892E+01-0.349971247E+01
-0.349345851E+01-0.348746204E+01-0.348171830E+01-0.347622252E+01-0.347096992E+01
-0.346595550E+01-0.346117401E+01-0.345662069E+01-0.345228982E+01-0.344817638E+01
-0.344427514E+01-0.344058061E+01-0.343708706E+01-0.343378925E+01-0.343068171E+01
-0.342775846E+01-0.342501402E+01-0.342244267E+01-0.342003846E+01-0.341779566E+01
-0.341570854E+01-0.341377115E+01-0.341197729E+01-0.341032124E+01-0.340879726E+01
-0.340739870E+01-0.340612006E+01-0.340495515E+01-0.340389776E+01-0.340294194E+01
-0.340208149E+01-0.340131044E+01-0.340062237E+01-0.340001106E+01-0.339947081E+01
-0.339899516E+01-0.339857793E+01-0.339821291E+01-0.339789391E+01-0.339761472E+01
-0.339736938E+01-0.339715147E+01-0.339695477E+01-0.339677310E+01-0.339660025E+01
-0.244921094E+05-0.227054727E+05-0.209634043E+05-0.192659082E+05-0.176129805E+05
-0.160046221E+05-0.144408340E+05-0.129216152E+05-0.114469668E+05-0.100168877E+05
-0.863137793E+04-0.729043896E+04-0.599406934E+04-0.474226953E+04-0.353503955E+04
-0.237237939E+04-0.125428894E+04-0.180768173E+03 0.848182739E+03 0.183256396E+04
 0.277237524E+04 0.366761694E+04 0.451828857E+04 0.532439063E+04 0.608592334E+04
 0.680288574E+04 0.747527832E+04 0.810310156E+04 0.868635449E+04 0.922503809E+04
 0.971915137E+04 0.101686953E+05 0.105736699E+05 0.109340742E+05 0.112499082E+05
 0.115211729E+05 0.117478682E+05 0.119299932E+05 0.120675488E+05 0.121605342E+05
 0.122089502E+05 0.122127969E+05 0.121720732E+05 0.120867793E+05 0.119569160E+05
 0.117824834E+05 0.115634805E+05 0.112999082E+05 0.109917656E+05 0.106390537E+05
 0.102417715E+05 0.979991992E+04 0.931349902E+04 0.878250781E+04 0.820694727E+04
 0.758681592E+04 0.692211572E+04 0.621284521E+04 0.545900537E+04 0.466059570E+04
 0.381761597E+04 0.293006665E+04 0.199794751E+04 0.102125867E+04 0.000000000E+00
-0.753650284E+01-0.730736732E+01-0.708181667E+01-0.685984993E+01-0.664146805E+01
-0.642667055E+01-0.621545696E+01-0.600782824E+01-0.580378389E+01-0.560332394E+01
-0.540644884E+01-0.521315765E+01-0.502345133E+01-0.483732891E+01-0.465479136E+01
-0.447583818E+01-0.430046940E+01-0.412868500E+01-0.396048498E+01-0.379586959E+01
-0.363483858E+01-0.347739196E+01-0.332352972E+01-0.317325211E+01-0.302655864E+01
-0.288344979E+01-0.274392557E+01-0.260798550E+01-0.247563004E+01-0.234685898E+01
-0.222167230E+01-0.210007000E+01-0.198205233E+01-0.186761904E+01-0.175677013E+01
-0.164950562E+01-0.154582560E+01-0.144573009E+01-0.134921896E+01-0.125629222E+01
-0.116694999E+01-0.108119226E+01-0.999018848E+00-0.920429945E+00-0.845425427E+00
-0.774005413E+00-0.706169784E+00-0.641918600E+00-0.581251919E+00-0.524169624E+00
-0.470671773E+00-0.420758367E+00-0.374429405E+00-0.331684858E+00-0.292524785E+00
-0.256949127E+00-0.224957928E+00-0.196551159E+00-0.171728820E+00-0.150490940E+00
-0.132837489E+00-0.118768476E+00-0.108283907E+00-0.101383783E+00-0.980680883E-01
 0.307336844E+06 0.299764438E+06 0.292192000E+06 0.284619563E+06 0.277047125E+06
 0.269474719E+06 0.261902281E+06 0.254329844E+06 0.246757422E+06 0.239184984E+06
 0.231612563E+06 0.224040125E+06 0.216467703E+06 0.208895266E+06 0.201322844E+06
 0.193750406E+06 0.186177984E+06 0.178605547E+06 0.171033125E+06 0.163460688E+06
 0.155888266E+06 0.148315828E+06 0.140743406E+06 0.133170969E+06 0.125598547E+06
 0.118026117E+06 0.110453688E+06 0.102881258E+06 0.953088281E+05 0.877363984E+05
 0.801639688E+05 0.725915391E+05 0.650191094E+05 0.574466797E+05 0.498742500E+05
 0.423018203E+05 0.347293945E+05 0.271569629E+05 0.195845332E+05 0.120121045E+05
 0.443967480E+04-0.313275488E+04-0.107051846E+05-0.182776133E+05-0.258500430E+05
-0.334224727E+05-0.409949023E+05-0.485673320E+05-0.561397617E+05-0.637121914E+05
-0.712846172E+05-0.788570469E+05-0.864294766E+05-0.940019063E+05-0.101574336E+06
-0.109146766E+06-0.116719195E+06-0.124291625E+06-0.131864063E+06-0.139436484E+06
-0.147008922E+06-0.154581344E+06-0.162153781E+06-0.169726203E+06-0.177298641E+06
 0.418112203E-01 0.338956565E-01 0.252289865E-01 0.157803483E-01 0.561467512E-02
-0.510888034E-02-0.160065163E-01-0.269812997E-01-0.396035574E-01-0.390995368E-01
-0.436985530E-01-0.516124032E-01-0.641397312E-01-0.722587332E-01-0.719946250E-01
-0.792531967E-01-0.811793581E-01-0.760080814E-01-0.785207897E-01-0.727643445E-01
-0.593409799E-01-0.502360128E-01-0.436696969E-01-0.388143845E-01-0.352552421E-01
-0.327955149E-01-0.313812830E-01-0.310860183E-01-0.321338885E-01-0.348439477E-01
-0.370280184E-01-0.349647850E-01-0.326232575E-01-0.259086862E-01-0.188956168E-01
-0.690034870E-02 0.549329584E-02 0.164316967E-01 0.263044275E-01 0.354297794E-01
 0.440250561E-01 0.522426553E-01 0.601895042E-01 0.679382309E-01 0.755351856E-01
 0.830067843E-01 0.903642997E-01 0.976073891E-01 0.104726553E+00 0.111705042E+00
 0.118520334E+00 0.125145555E+00 0.131550804E+00 0.137704641E+00 0.143575579E+00
 0.149133712E+00 0.154352143E+00 0.159208521E+00 0.163686037E+00 0.167774320E+00
 0.171469763E+00 0.174775481E+00 0.177700877E+00 0.180260792E+00 0.182474554E+00
 0.397785679E-01 0.307559222E-01 0.206585117E-01 0.934739690E-02-0.303649227E-02
-0.160128884E-01-0.312572978E-01-0.373441130E-01-0.435620248E-01-0.432640240E-01
-0.451488867E-01-0.497249961E-01-0.562518239E-01-0.612650029E-01-0.638724491E-01
-0.673123300E-01-0.685174614E-01-0.671023279E-01-0.662168786E-01-0.622069240E-01
-0.551363006E-01-0.487953648E-01-0.436295643E-01-0.395479091E-01-0.364388563E-01
-0.342424810E-01-0.329702161E-01-0.327253751E-01-0.337436795E-01-0.363949016E-01
-0.386716276E-01-0.363283530E-01-0.341515392E-01-0.271377880E-01-0.202886574E-01
-0.796741527E-02 0.460036611E-02 0.157982334E-01 0.260427855E-01 0.356323346E-01
 0.447624251E-01 0.535665452E-01 0.621374622E-01 0.705387667E-01 0.788118318E-01
 0.869802609E-01 0.950531065E-01 0.103027150E+00 0.110888615E+00 0.118614621E+00
 0.126174495E+00 0.133531198E+00 0.140642881E+00 0.147464916E+00 0.153952032E+00
 0.160060868E+00 0.165752500E+00 0.170994729E+00 0.175764114E+00 0.180047289E+00
 0.183841482E+00 0.187154293E+00 0.190002680E+00 0.192411408E+00 0.194411159E+00
 0.399496853E-01 0.304116551E-01 0.194633137E-01 0.658553513E-02-0.902557746E-02
-0.204057526E-01-0.296668131E-01-0.333606564E-01-0.356005095E-01-0.361585319E-01
-0.375396460E-01-0.400488265E-01-0.431347080E-01-0.461569168E-01-0.487059914E-01
-0.505934171E-01-0.515961312E-01-0.516013764E-01-0.506165661E-01-0.486068912E-01
-0.457698703E-01-0.425864272E-01-0.394792221E-01-0.366853550E-01-0.343154855E-01
-0.324208364E-01-0.310305208E-01-0.301642306E-01-0.298143085E-01-0.298028402E-01
-0.291117989E-01-0.267056897E-01-0.229753833E-01-0.172724053E-01-0.101366267E-01
-0.993954251E-03 0.899058674E-02 0.188591070E-01 0.284713600E-01 0.378494523E-01
 0.470425971E-01 0.561001636E-01 0.650638640E-01 0.739651695E-01 0.828245953E-01
 0.916515812E-01 0.100444555E+00 0.109191045E+00 0.117867835E+00 0.126441136E+00
 0.134867072E+00 0.143092558E+00 0.151056916E+00 0.158694193E+00 0.165936455E+00
 0.172717810E+00 0.178978756E+00 0.184670463E+00 0.189758360E+00 0.194224507E+00
 0.198068380E+00 0.201306179E+00 0.203968599E+00 0.206097618E+00 0.207742825E+00
 0.428495221E-01 0.337564163E-01 0.234310515E-01 0.114969937E-01-0.204337318E-02
-0.107638706E-01-0.157408379E-01-0.188061874E-01-0.210681371E-01-0.233786814E-01
-0.258011408E-01-0.283631589E-01-0.309765264E-01-0.334703736E-01-0.356641114E-01
-0.374065414E-01-0.385851823E-01-0.391335376E-01-0.390363447E-01-0.383341759E-01
-0.371316895E-01-0.355843231E-01-0.338561125E-01-0.320810899E-01-0.303482544E-01
-0.287024006E-01-0.271465499E-01-0.256360397E-01-0.240587164E-01-0.222077817E-01
-0.197943244E-01-0.165484659E-01-0.122975577E-01-0.695981178E-02-0.549577351E-03
 0.681542046E-02 0.148991272E-01 0.234345961E-01 0.322303586E-01 0.411819182E-01
 0.502413064E-01 0.593905561E-01 0.686254725E-01 0.779462308E-01 0.873518363E-01
 0.968365073E-01 0.106387138E+00 0.115981236E+00 0.125585109E+00 0.135152310E+00
 0.144622490E+00 0.153920934E+00 0.162959471E+00 0.171639055E+00 0.179854512E+00
 0.187501386E+00 0.194484115E+00 0.200724423E+00 0.206168428E+00 0.210791230E+00
 0.214598328E+00 0.217623487E+00 0.219923675E+00 0.221572116E+00 0.222650915E+00
 0.481701344E-01 0.402737781E-01 0.317021310E-01 0.225503072E-01 0.134277036E-01
 0.634297170E-02 0.124058255E-02-0.308080786E-02-0.688461354E-02-0.103381723E-01
-0.135610467E-01-0.166054014E-01-0.194657128E-01-0.220956113E-01-0.244285911E-01
-0.263967533E-01-0.279442463E-01-0.290359426E-01-0.296625085E-01-0.298422333E-01
-0.296187010E-01-0.290529169E-01-0.282107592E-01-0.271498468E-01-0.259096064E-01
-0.245052688E-01-0.229241196E-01-0.211222619E-01-0.190224890E-01-0.165174641E-01
-0.134833399E-01-0.980283692E-02-0.538774580E-02-0.192941428E-03 0.577770732E-02
 0.124725755E-01 0.198031515E-01 0.276655089E-01 0.359634385E-01 0.446218513E-01
 0.535887331E-01 0.628307760E-01 0.723273233E-01 0.820647776E-01 0.920318887E-01
 0.102215812E+00 0.112598546E+00 0.123153478E+00 0.133841693E+00 0.144608155E+00
 0.155377552E+00 0.166050896E+00 0.176503375E+00 0.186585635E+00 0.196130142E+00
 0.204963356E+00 0.212922648E+00 0.219874293E+00 0.225728869E+00 0.230450824E+00
 0.234060958E+00 0.236631036E+00 0.238271534E+00 0.239115506E+00 0.239302531E+00
 0.550114810E-01 0.483989865E-01 0.414088108E-01 0.342882089E-01 0.274005570E-01
 0.210708678E-01 0.154239014E-01 0.103893373E-01 0.584600028E-02 0.169309811E-02
-0.213929825E-02-0.569046242E-02-0.897209160E-02-0.119743794E-01-0.146740079E-01
-0.170424338E-01-0.190530885E-01-0.206867289E-01-0.219346322E-01-0.227994751E-01
-0.232938677E-01-0.234366637E-01-0.232477859E-01-0.227427073E-01-0.219278336E-01
-0.207976308E-01-0.193336457E-01-0.175038315E-01-0.152625376E-01-0.125534637E-01
-0.931586046E-02-0.549298199E-02-0.104065600E-02 0.406620884E-02 0.983050838E-02
 0.162337571E-01 0.232407451E-01 0.308069400E-01 0.388864614E-01 0.474382825E-01
 0.564295612E-01 0.658362508E-01 0.756419227E-01 0.858356804E-01 0.964095294E-01
 0.107355535E+00 0.118662499E+00 0.130312011E+00 0.142273396E+00 0.154497132E+00
 0.166906282E+00 0.179385990E+00 0.191772267E+00 0.203843921E+00 0.215325490E+00
 0.225909457E+00 0.235297233E+00 0.243243471E+00 0.249589354E+00 0.254281521E+00
 0.257378221E+00 0.259038657E+00 0.259491563E+00 0.258991659E+00 0.257781804E+00
 0.626637861E-01 0.572515726E-01 0.508481860E-01 0.444724448E-01 0.383469127E-01
 0.324838944E-01 0.269375890E-01 0.217297450E-01 0.168528315E-01 0.122867376E-01
 0.801171456E-02 0.401512580E-02 0.293726247E-03-0.314691965E-02-0.629472500E-02
-0.913412776E-02-0.116491234E-01-0.138257034E-01-0.156533197E-01-0.171251763E-01
-0.182373002E-01-0.189865213E-01-0.193677116E-01-0.193708371E-01-0.189788230E-01
-0.181681383E-01-0.169166774E-01-0.152045246E-01-0.130069712E-01-0.102950763E-01
-0.703802053E-02-0.320670637E-02 0.122254132E-02 0.626505166E-02 0.119262887E-01
 0.182020236E-01 0.250801109E-01 0.325433873E-01 0.405730270E-01 0.491515771E-01
 0.582652092E-01 0.679050013E-01 0.780673176E-01 0.887535065E-01 0.999690294E-01
 0.111722089E+00 0.124021620E+00 0.136874244E+00 0.150279641E+00 0.164223000E+00
 0.178662851E+00 0.193511128E+00 0.208601683E+00 0.223644525E+00 0.238178000E+00
 0.251587361E+00 0.263256550E+00 0.272716552E+00 0.279681683E+00 0.284056902E+00
 0.285968214E+00 0.285788924E+00 0.284056097E+00 0.281294048E+00 0.277918041E+00
 0.693656504E-01 0.643726289E-01 0.590011813E-01 0.533992127E-01 0.477478094E-01
 0.421606414E-01 0.367047265E-01 0.314226560E-01 0.263410397E-01 0.214760788E-01
 0.168384984E-01 0.124373678E-01 0.828243420E-02 0.438514631E-02 0.758637965E-03
-0.258288183E-02-0.562496856E-02-0.835365802E-02-0.107558072E-01-0.128188580E-01
-0.145299397E-01-0.158741903E-01-0.168321971E-01-0.173760951E-01-0.174631998E-01
-0.170241371E-01-0.160307735E-01-0.145000955E-01-0.124258045E-01-0.979718007E-02
-0.659954222E-02-0.281753414E-02 0.156272412E-02 0.655196514E-02 0.121568926E-01
 0.183801241E-01 0.252209101E-01 0.326764621E-01 0.407436080E-01 0.494205393E-01
 0.587083995E-01 0.686126351E-01 0.791440532E-01 0.903196335E-01 0.102163188E+00
 0.114705876E+00 0.127986565E+00 0.142051920E+00 0.156955734E+00 0.172756687E+00
 0.189512327E+00 0.207264572E+00 0.226006240E+00 0.245607153E+00 0.265622586E+00
 0.284222901E+00 0.299730808E+00 0.311602086E+00 0.319455892E+00 0.323053956E+00
 0.322287679E+00 0.317906827E+00 0.311995178E+00 0.305483997E+00 0.298903733E+00
 0.769125074E-01 0.726145208E-01 0.672888458E-01 0.617895871E-01 0.563060939E-01
 0.508057475E-01 0.453272089E-01 0.399152003E-01 0.346095599E-01 0.294433888E-01
 0.244438760E-01 0.196338035E-01 0.150330560E-01 0.106597487E-01 0.653092470E-02
 0.266290526E-02-0.928576046E-03-0.422828179E-02-0.722128525E-02-0.989257358E-02
-0.122263907E-01-0.142053310E-01-0.158093311E-01-0.170148537E-01-0.177945811E-01
-0.177933518E-01-0.169660337E-01-0.156095056E-01-0.136679010E-01-0.111465035E-01
-0.803456642E-02-0.432243897E-02 0.627268903E-07 0.494215544E-02 0.105117122E-01
 0.167152137E-01 0.235581510E-01 0.310458001E-01 0.391842686E-01 0.479817390E-01
 0.574497879E-01 0.676048175E-01 0.784695596E-01 0.900747254E-01 0.102460943E+00
 0.115681194E+00 0.129803926E+00 0.144917339E+00 0.161135331E+00 0.178606078E+00
 0.197525069E+00 0.218155354E+00 0.240860254E+00 0.266142160E+00 0.294411898E+00
 0.322479576E+00 0.341818810E+00 0.358237982E+00 0.367183328E+00 0.369814813E+00
 0.367193252E+00 0.354596138E+00 0.341311842E+00 0.329344094E+00 0.318685472E+00
 0.838626623E-01 0.797070861E-01 0.749881938E-01 0.698330700E-01 0.644130185E-01
 0.588393658E-01 0.531896390E-01 0.475272872E-01 0.419057943E-01 0.363696627E-01
 0.309556313E-01 0.256941989E-01 0.206111260E-01 0.157287326E-01 0.110668810E-01
 0.664368039E-02 0.247597299E-02-0.142030523E-02-0.502980268E-02-0.833737571E-02
-0.113275768E-01-0.139840012E-01-0.162887741E-01-0.182236768E-01-0.194568038E-01
-0.199587755E-01-0.197065398E-01-0.186904017E-01-0.168308653E-01-0.144238686E-01
-0.114012603E-01-0.776467379E-02-0.350215635E-02 0.139534683E-02 0.693699950E-02
 0.131315803E-01 0.199879576E-01 0.275156591E-01 0.357257053E-01 0.446316227E-01
 0.542506613E-01 0.646052286E-01 0.757245943E-01 0.876469538E-01 0.100422032E+00
 0.114114545E+00 0.128808856E+00 0.144615620E+00 0.161681384E+00 0.180203214E+00
 0.200451478E+00 0.222807318E+00 0.247826874E+00 0.276349574E+00 0.309506267E+00
 0.345096558E+00 0.369862020E+00 0.389527500E+00 0.401421964E+00 0.403895319E+00
 0.401530206E+00 0.385143459E+00 0.365318418E+00 0.348100990E+00 0.333735317E+00
 0.920984596E-01 0.883794278E-01 0.835544989E-01 0.781572536E-01 0.724795461E-01
 0.665796846E-01 0.605469570E-01 0.544615500E-01 0.483876429E-01 0.423754267E-01
 0.364645086E-01 0.306869000E-01 0.250691995E-01 0.196342152E-01 0.144020505E-01
 0.939086732E-02 0.461736275E-02 0.970496767E-04-0.415561628E-02-0.812715199E-02
-0.118047241E-01-0.151746962E-01-0.182174109E-01-0.206085332E-01-0.223182105E-01
-0.233183075E-01-0.235828981E-01-0.230876654E-01-0.218060259E-01-0.197234843E-01
-0.167520512E-01-0.132015664E-01-0.899952464E-02-0.414768746E-02 0.136616686E-02
 0.755143818E-02 0.144183412E-01 0.219777841E-01 0.302421749E-01 0.392262563E-01
 0.489481688E-01 0.594307333E-01 0.707030073E-01 0.828021839E-01 0.957760066E-01
 0.109685868E+00 0.124610864E+00 0.140653387E+00 0.157946706E+00 0.176665500E+00
 0.197040230E+00 0.219376072E+00 0.244075119E+00 0.271659434E+00 0.302827179E+00
 0.338603824E+00 0.371555030E+00 0.389172792E+00 0.407212794E+00 0.409219980E+00
 0.408938468E+00 0.398248315E+00 0.375981987E+00 0.356166422E+00 0.340145230E+00
 0.101069428E+00 0.975553989E-01 0.927946568E-01 0.870605260E-01 0.807636753E-01
 0.741862655E-01 0.674917400E-01 0.607745834E-01 0.540937893E-01 0.474902280E-01
 0.409949385E-01 0.346331745E-01 0.284265559E-01 0.223943330E-01 0.165541247E-01
 0.109224012E-01 0.551471068E-02 0.345657114E-03-0.457152957E-02-0.922621228E-02
-0.136132957E-01-0.177401844E-01-0.212635696E-01-0.241455138E-01-0.263547339E-01
-0.278628226E-01-0.286429226E-01-0.286690854E-01-0.279156938E-01-0.263575613E-01
-0.239665788E-01-0.207273159E-01-0.165466070E-01-0.117514217E-01-0.626655994E-02
-0.949323003E-04 0.677551702E-02 0.143542951E-01 0.226523578E-01 0.316820890E-01
 0.414582565E-01 0.519989431E-01 0.633267239E-01 0.754699707E-01 0.884643644E-01
 0.102354653E+00 0.117196672E+00 0.133059740E+00 0.150029317E+00 0.168209761E+00
 0.187726438E+00 0.208726555E+00 0.231376871E+00 0.255859196E+00 0.282380372E+00
 0.311386436E+00 0.345188558E+00 0.364676327E+00 0.376684994E+00 0.390913248E+00
 0.384003460E+00 0.387374669E+00 0.367281795E+00 0.348846376E+00 0.335272163E+00
 0.113390133E+00 0.110703349E+00 0.104723215E+00 0.970798433E-01 0.892265588E-01
 0.814726800E-01 0.738384202E-01 0.663196295E-01 0.589182228E-01 0.516413860E-01
 0.444992036E-01 0.375032872E-01 0.306661036E-01 0.240006968E-01 0.175205618E-01
 0.112396386E-01 0.517238770E-02-0.666027132E-03-0.625939714E-02-0.115897460E-01
-0.166356526E-01-0.213676747E-01-0.254442003E-01-0.288591646E-01-0.315944925E-01
-0.336269066E-01-0.349310599E-01-0.354810022E-01-0.352508798E-01-0.342151634E-01
-0.323485322E-01-0.296261571E-01-0.260201581E-01-0.215159710E-01-0.160166025E-01
-0.986877456E-02-0.299617811E-02 0.459514000E-02 0.129148206E-01 0.219696891E-01
 0.317679346E-01 0.423190519E-01 0.536347292E-01 0.657295436E-01 0.786213577E-01
 0.923314691E-01 0.106884450E+00 0.122307450E+00 0.138628542E+00 0.155873314E+00
 0.174058348E+00 0.193179712E+00 0.213192105E+00 0.233970836E+00 0.255234510E+00
 0.276365042E+00 0.296070069E+00 0.312580615E+00 0.325116813E+00 0.333459467E+00
 0.337429792E+00 0.337420791E+00 0.333740801E+00 0.327792019E+00 0.321279287E+00
 0.127214283E+00 0.126478553E+00 0.116609223E+00 0.105813481E+00 0.964278355E-01
 0.875970274E-01 0.790744349E-01 0.707710460E-01 0.626480728E-01 0.546879098E-01
 0.468839370E-01 0.392361023E-01 0.317486078E-01 0.244286358E-01 0.172855686E-01
 0.103305681E-01 0.357642211E-02-0.296233385E-02-0.926896185E-02-0.153239211E-01
-0.211053174E-01-0.263062268E-01-0.308924038E-01-0.348347276E-01-0.381047204E-01
-0.406736322E-01-0.425126590E-01-0.435934067E-01-0.438883230E-01-0.433709659E-01
-0.420161262E-01-0.397997387E-01-0.366985202E-01-0.326900370E-01-0.277487449E-01
-0.218630582E-01-0.149338944E-01-0.733201532E-02 0.101682800E-02 0.100990422E-01
 0.199165549E-01 0.304671563E-01 0.417492725E-01 0.537623428E-01 0.665058568E-01
 0.799780637E-01 0.941743031E-01 0.109084666E+00 0.124690354E+00 0.140958160E+00
 0.157832056E+00 0.175220579E+00 0.192978323E+00 0.210879952E+00 0.228587493E+00
 0.245623708E+00 0.261390835E+00 0.275279313E+00 0.286815912E+00 0.295729250E+00
 0.301952213E+00 0.305621058E+00 0.307071537E+00 0.306814760E+00 0.305419773E+00
 0.128265336E+00 0.125888705E+00 0.119482085E+00 0.110676110E+00 0.101274647E+00
 0.919373482E-01 0.827966630E-01 0.738557130E-01 0.650962219E-01 0.565020703E-01
 0.480631962E-01 0.397752747E-01 0.316386409E-01 0.236572828E-01 0.158380233E-01
 0.818986539E-02 0.723546720E-03-0.654849689E-02-0.136109823E-01-0.204410627E-01
-0.267392043E-01-0.324723497E-01-0.376060084E-01-0.421056859E-01-0.459370837E-01
-0.490662754E-01-0.514600724E-01-0.530864708E-01-0.539151169E-01-0.539176613E-01
-0.530680232E-01-0.513424538E-01-0.487194099E-01-0.451792628E-01-0.407036394E-01
-0.352752879E-01-0.288737267E-01-0.214932151E-01-0.130352927E-01-0.390207069E-02
 0.597202126E-02 0.165560897E-01 0.278338529E-01 0.397930108E-01 0.524189584E-01
 0.656923428E-01 0.795870200E-01 0.940677077E-01 0.109086774E+00 0.124579690E+00
 0.140459061E+00 0.156607062E+00 0.172866866E+00 0.189034417E+00 0.204854131E+00
 0.220024362E+00 0.234218657E+00 0.247122929E+00 0.258477867E+00 0.268111736E+00
 0.275957823E+00 0.282057464E+00 0.286549866E+00 0.289647162E+00 0.291595310E+00
 0.139451042E+00 0.139192209E+00 0.126882061E+00 0.114831880E+00 0.104475945E+00
 0.945909098E-01 0.849513412E-01 0.754942521E-01 0.661927387E-01 0.570315719E-01
 0.480020493E-01 0.391005091E-01 0.303274766E-01 0.216869358E-01 0.131856194E-01
 0.483208289E-02-0.336474972E-02-0.113984784E-01-0.192716289E-01-0.266681947E-01
-0.335481800E-01-0.398740992E-01-0.456081294E-01-0.507116504E-01-0.551456064E-01
-0.588710867E-01-0.618500672E-01-0.640461296E-01-0.654251426E-01-0.659558401E-01
-0.656102747E-01-0.643640384E-01-0.621963516E-01-0.590898432E-01-0.550301298E-01
-0.500051938E-01-0.440043770E-01-0.370180421E-01-0.290329922E-01-0.200523064E-01
-0.998352282E-02 0.718133175E-03 0.120597864E-01 0.240395721E-01 0.366372578E-01
 0.498226210E-01 0.635557622E-01 0.777868032E-01 0.924543589E-01 0.107483000E+00
 0.122780055E+00 0.138232261E+00 0.153702930E+00 0.169030815E+00 0.184032068E+00
 0.198506728E+00 0.212250352E+00 0.225069791E+00 0.236799985E+00 0.247318268E+00
 0.256553352E+00 0.264487714E+00 0.271153420E+00 0.276621878E+00 0.280989856E+00
 0.133878782E+00 0.131321922E+00 0.124710061E+00 0.115548000E+00 0.105593368E+00
 0.955528468E-01 0.855921879E-01 0.757345259E-01 0.659753606E-01 0.563082546E-01
 0.467297882E-01 0.372401811E-01 0.278430916E-01 0.185454078E-01 0.935718976E-02
 0.291817210E-03-0.863344129E-02-0.173959471E-01-0.259635337E-01-0.340226814E-01
-0.415587947E-01-0.485425740E-01-0.549367480E-01-0.606996231E-01-0.657873005E-01
-0.701552480E-01-0.737596676E-01-0.765585974E-01-0.785129443E-01-0.795873404E-01
-0.797507986E-01-0.789772123E-01-0.772455484E-01-0.745397881E-01-0.708485842E-01
-0.661645457E-01-0.604831353E-01-0.538010821E-01-0.461137854E-01-0.374119692E-01
-0.276702922E-01-0.168532617E-01-0.541891251E-02 0.667388830E-02 0.193688218E-01
 0.326233320E-01 0.463843569E-01 0.605924204E-01 0.751811117E-01 0.900752768E-01
 0.105189011E+00 0.120424107E+00 0.135669246E+00 0.150800407E+00 0.165682986E+00
 0.180175692E+00 0.194136277E+00 0.207428381E+00 0.219928503E+00 0.231531858E+00
 0.242156222E+00 0.251743555E+00 0.260259092E+00 0.267689228E+00 0.274038553E+00
 0.142211616E+00 0.141593203E+00 0.128571540E+00 0.116186775E+00 0.105492458E+00
 0.951524526E-01 0.849178880E-01 0.747281834E-01 0.645682812E-01 0.544362292E-01
 0.443349667E-01 0.342701636E-01 0.242497791E-01 0.142841330E-01 0.438631093E-02
-0.542719616E-02-0.151357157E-01-0.247145947E-01-0.338817835E-01-0.425980650E-01
-0.508241504E-01-0.585170425E-01-0.656297505E-01-0.721121654E-01-0.779123232E-01
-0.829778165E-01-0.872571617E-01-0.907011926E-01-0.932642817E-01-0.949054882E-01
-0.955894664E-01-0.952872038E-01-0.939764231E-01-0.916417092E-01-0.882743001E-01
-0.838715285E-01-0.784359351E-01-0.719740912E-01-0.644952133E-01-0.560099967E-01
-0.465302616E-01-0.360729285E-01-0.246693362E-01-0.122428974E-01 0.718011404E-03
 0.142446486E-01 0.282560829E-01 0.426849946E-01 0.574663989E-01 0.725324079E-01
 0.878096446E-01 0.103217959E+00 0.118670098E+00 0.134072021E+00 0.149324015E+00
 0.164322406E+00 0.178961605E+00 0.193136349E+00 0.206743330E+00 0.219682291E+00
 0.231856182E+00 0.243170857E+00 0.253535271E+00 0.262863159E+00 0.271077454E+00
 0.132364452E+00 0.129237205E+00 0.122585908E+00 0.113625862E+00 0.103750244E+00
 0.935361534E-01 0.831634328E-01 0.726950616E-01 0.621597841E-01 0.515750498E-01
 0.409542136E-01 0.303092357E-01 0.196519624E-01 0.899492670E-02-0.164786179E-02
-0.122592514E-01-0.228141844E-01-0.330375023E-01-0.428925492E-01-0.523362122E-01
-0.613202713E-01-0.697918385E-01-0.776939616E-01-0.849666148E-01-0.915479511E-01
-0.973757431E-01-0.102388963E+00-0.106529362E+00-0.109743007E+00-0.111981720E+00
-0.113204263E+00-0.113377377E+00-0.112476394E+00-0.110485606E+00-0.107398167E+00
-0.103215665E+00-0.979473218E-01-0.916088670E-01-0.842212290E-01-0.758090764E-01
-0.663995072E-01-0.560206994E-01-0.446996205E-01-0.324556902E-01-0.193227101E-01
-0.522201182E-02 0.928973872E-02 0.241779257E-01 0.393977687E-01 0.548979528E-01
 0.706221163E-01 0.865095481E-01 0.102495641E+00 0.118512303E+00 0.134488344E+00
 0.150349766E+00 0.166019604E+00 0.181417048E+00 0.196455583E+00 0.211039528E+00
 0.225059405E+00 0.238386497E+00 0.250868976E+00 0.262333095E+00 0.272594064E+00
 0.132216394E+00 0.129127324E+00 0.121641003E+00 0.111990288E+00 0.101816051E+00
 0.913756490E-01 0.807313472E-01 0.699222162E-01 0.589761548E-01 0.479139537E-01
 0.367522873E-01 0.255056545E-01 0.141873555E-01 0.280951848E-02-0.861854572E-02
-0.200954843E-01-0.313313827E-01-0.422858298E-01-0.529153273E-01-0.631704330E-01
-0.729952753E-01-0.823279768E-01-0.911015645E-01-0.992452502E-01-0.106685899E+00
-0.113349825E+00-0.119164579E+00-0.124060944E+00-0.127974749E+00-0.130848750E+00
-0.132634133E+00-0.133291870E+00-0.132793635E+00-0.131122366E+00-0.128272325E+00
-0.124248661E+00-0.119066618E+00-0.112750202E+00-0.105330519E+00-0.968437642E-01
-0.873288885E-01-0.768249109E-01-0.653675795E-01-0.529852621E-01-0.396945663E-01
-0.254881047E-01-0.103443554E-01 0.516887242E-02 0.210139155E-01 0.371506251E-01
 0.535371155E-01 0.701304078E-01 0.868869126E-01 0.103762813E+00 0.120714173E+00
 0.137696624E+00 0.154664233E+00 0.171567127E+00 0.188347131E+00 0.204930380E+00
 0.221215934E+00 0.237058923E+00 0.252248794E+00 0.266488969E+00 0.279401124E+00
 0.132592559E+00 0.129679322E+00 0.121051334E+00 0.110433340E+00 0.997378677E-01
 0.888928398E-01 0.778554305E-01 0.666251555E-01 0.552128218E-01 0.436315686E-01
 0.318948068E-01 0.200162604E-01 0.801079255E-02-0.410412578E-02-0.163059924E-01
-0.285634268E-01-0.405908264E-01-0.523693934E-01-0.638611317E-01-0.750145093E-01
-0.857674330E-01-0.960492194E-01-0.105782308E+00-0.114884034E+00-0.123268560E+00
-0.130848929E+00-0.137539402E+00-0.143257707E+00-0.147927448E+00-0.151480302E+00
-0.153858081E+00-0.155014336E+00-0.154915780E+00-0.153542891E+00-0.150890261E+00
-0.146966159E+00-0.141791582E+00-0.135398701E+00-0.127828881E+00-0.119130179E+00
-0.109354407E+00-0.985539779E-01-0.867782682E-01-0.740698278E-01-0.604604222E-01
-0.459670611E-01-0.305902418E-01-0.143115250E-01 0.230617751E-02 0.192311984E-01
 0.364338756E-01 0.538870804E-01 0.715668499E-01 0.894529894E-01 0.107529573E+00
 0.125785187E+00 0.144212425E+00 0.162806481E+00 0.181561500E+00 0.200463653E+00
 0.219477892E+00 0.238523260E+00 0.257426202E+00 0.275820255E+00 0.292906016E+00
 0.129650176E+00 0.125924245E+00 0.118178383E+00 0.108106092E+00 0.972624198E-01
 0.860721245E-01 0.746221766E-01 0.629341230E-01 0.510176085E-01 0.388808437E-01
 0.265325140E-01 0.139822336E-01 0.124120479E-02-0.116760843E-01-0.247470848E-01
-0.377159901E-01-0.505469553E-01-0.631985888E-01-0.756197125E-01-0.877484009E-01
-0.995122641E-01-0.110829458E+00-0.121610060E+00-0.131757870E+00-0.141172528E+00
-0.149751961E+00-0.157395035E+00-0.164004311E+00-0.169489011E+00-0.173767701E+00
-0.176770851E+00-0.178442985E+00-0.178744406E+00-0.177652195E+00-0.175160632E+00
-0.171280846E+00-0.166039750E+00-0.159478262E+00-0.151648924E+00-0.142612994E+00
-0.132437050E+00-0.121189363E+00-0.108935982E+00-0.957368091E-01-0.816416815E-01
-0.666866302E-01-0.508904830E-01-0.342514105E-01-0.167431962E-01 0.107953104E-02
 0.191975553E-01 0.375975296E-01 0.562729537E-01 0.752254426E-01 0.944662169E-01
 0.114017822E+00 0.133916020E+00 0.154211715E+00 0.174972862E+00 0.196285948E+00
 0.218256325E+00 0.241004929E+00 0.264650881E+00 0.289233774E+00 0.313767523E+00
 0.131206185E+00 0.128218696E+00 0.117988430E+00 0.106179237E+00 0.946735293E-01
 0.830280483E-01 0.711340383E-01 0.589680523E-01 0.465264767E-01 0.338109806E-01
 0.208249167E-01 0.757175265E-02-0.594691187E-02-0.197361056E-01-0.335303247E-01
-0.472982638E-01-0.610018037E-01-0.745931491E-01-0.880131796E-01-0.101190798E+00
-0.114043154E+00-0.126476392E+00-0.138387114E+00-0.149664178E+00-0.160191074E+00
-0.169848725E+00-0.178518578E+00-0.186085984E+00-0.192443579E+00-0.197494730E+00
-0.201156691E+00-0.203363270E+00-0.204067051E+00-0.203240737E+00-0.200877830E+00
-0.196992293E+00-0.191617385E+00-0.184803620E+00-0.176616013E+00-0.167130679E+00
-0.156430960E+00-0.144603163E+00-0.131732300E+00-0.117897674E+00-0.103168562E+00
-0.876001716E-01-0.712296590E-01-0.540722795E-01-0.361173637E-01-0.173240248E-01
 0.176092063E-02 0.211347062E-01 0.408041999E-01 0.607878640E-01 0.811183602E-01
 0.101845965E+00 0.123042949E+00 0.144809514E+00 0.167282000E+00 0.190644607E+00
 0.215147763E+00 0.241139531E+00 0.269137055E+00 0.300121218E+00 0.338568181E+00
 0.126148030E+00 0.121787526E+00 0.113692157E+00 0.103201218E+00 0.917344391E-01
 0.797934830E-01 0.674925223E-01 0.548539124E-01 0.418820605E-01 0.285787750E-01
 0.149462521E-01 0.988396001E-03-0.132864062E-01-0.278573819E-01-0.424661338E-01
-0.571045317E-01-0.717425421E-01-0.863325596E-01-0.100811072E+00-0.115099549E+00
-0.129105166E+00-0.142721966E+00-0.155832350E+00-0.168309182E+00-0.180018470E+00
-0.190822512E+00-0.200583547E+00-0.209167659E+00-0.216448978E+00-0.222313732E+00
-0.226664096E+00-0.229421601E+00-0.230529889E+00-0.229956478E+00-0.227693677E+00
-0.223758355E+00-0.218190670E+00-0.211051717E+00-0.202420369E+00-0.192389265E+00
-0.181060389E+00-0.168540165E+00-0.154934570E+00-0.140344143E+00-0.124859288E+00
-0.108555734E+00-0.914902762E-01-0.736967400E-01-0.551819541E-01-0.359215811E-01
-0.158555135E-01 0.447271066E-02 0.250770021E-01 0.459841751E-01 0.672372729E-01
 0.888999552E-01 0.111061946E+00 0.133846447E+00 0.157420576E+00 0.182010397E+00
 0.207921878E+00 0.235568732E+00 0.265504926E+00 0.298476815E+00 0.335734725E+00
 0.129436612E+00 0.126269802E+00 0.114002988E+00 0.101152018E+00 0.889685154E-01
 0.765913650E-01 0.638602450E-01 0.507436395E-01 0.372364260E-01 0.233375579E-01
 0.904494990E-02-0.564650353E-02-0.207490064E-01-0.360148437E-01-0.514217019E-01
-0.669431612E-01-0.825407431E-01-0.981607735E-01-0.113733217E+00-0.129171357E+00
-0.144372150E+00-0.159217134E+00-0.173574030E+00-0.187298983E+00-0.200239450E+00
-0.212237850E+00-0.223135725E+00-0.232778355E+00-0.241019621E+00-0.247726962E+00
-0.252785951E+00-0.256104529E+00-0.257616282E+00-0.257282853E+00-0.255095065E+00
-0.251072854E+00-0.245263770E+00-0.237740442E+00-0.228596836E+00-0.217943653E+00
-0.205903143E+00-0.192603618E+00-0.178173706E+00-0.162736893E+00-0.146406218E+00
-0.129279360E+00-0.111434251E+00-0.929249302E-01-0.737777427E-01-0.539876036E-01
-0.335140936E-01-0.122769186E-01 0.917269010E-02 0.308590438E-01 0.528212972E-01
 0.751188546E-01 0.978349522E-01 0.121081755E+00 0.145008221E+00 0.169812009E+00
 0.195757225E+00 0.223201156E+00 0.252627701E+00 0.284595877E+00 0.318531334E+00
 0.121930562E+00 0.116869852E+00 0.108623147E+00 0.980166644E-01 0.861336887E-01
 0.735285506E-01 0.603959896E-01 0.467975326E-01 0.327511281E-01 0.182597041E-01
 0.332126184E-02-0.120649077E-01-0.278888252E-01-0.439125784E-01-0.601405203E-01
-0.765545964E-01-0.931174010E-01-0.109772705E+00-0.126445338E+00-0.143041059E+00
-0.159446910E+00-0.175532088E+00-0.191149503E+00-0.206138283E+00-0.220326841E+00
-0.233537003E+00-0.245588735E+00-0.256305426E+00-0.265519649E+00-0.273078859E+00
-0.278850973E+00-0.282729298E+00-0.284636676E+00-0.284528375E+00-0.282393545E+00
-0.278255224E+00-0.272168905E+00-0.264219344E+00-0.254516572E+00-0.243190423E+00
-0.230384618E+00-0.216250524E+00-0.200940639E+00-0.184602439E+00-0.167372569E+00
-0.149371624E+00-0.130699471E+00-0.111431286E+00-0.916140452E-01-0.712634921E-01
-0.503613465E-01-0.288525391E-01-0.664203241E-02 0.156888254E-01 0.381572507E-01
 0.608071163E-01 0.836990401E-01 0.106908932E+00 0.130529478E+00 0.154672951E+00
 0.179475084E+00 0.205101907E+00 0.231767863E+00 0.259785652E+00 0.289301008E+00
 0.124945536E+00 0.120779701E+00 0.110043533E+00 0.971636549E-01 0.842118263E-01
 0.709532723E-01 0.572791398E-01 0.431538224E-01 0.285591148E-01 0.134782353E-01
-0.210922933E-02-0.182312150E-01-0.346580185E-01-0.513831452E-01-0.683954060E-01
-0.856706947E-01-0.103168085E+00-0.120827608E+00-0.138568938E+00-0.156290710E+00
-0.173870534E+00-0.191165730E+00-0.208014861E+00-0.224240273E+00-0.239651546E+00
-0.254049927E+00-0.267233700E+00-0.279004186E+00-0.289172232E+00-0.297564954E+00
-0.304032207E+00-0.308452278E+00-0.310736984E+00-0.310834914E+00-0.308733493E+00
-0.304458976E+00-0.298074871E+00-0.289678514E+00-0.279396236E+00-0.267377496E+00
-0.253787905E+00-0.238802254E+00-0.222597212E+00-0.205344424E+00-0.187204242E+00
-0.168320015E+00-0.148813382E+00-0.128780156E+00-0.108287245E+00-0.873700678E-01
-0.660309568E-01-0.442386307E-01-0.219302159E-01 0.980353681E-03 0.237974543E-01
 0.465854369E-01 0.693880692E-01 0.922402218E-01 0.115169436E+00 0.138191059E+00
 0.161295906E+00 0.184424341E+00 0.207411125E+00 0.229869649E+00 0.251016915E+00
 0.122905448E+00 0.118044190E+00 0.108133852E+00 0.956030637E-01 0.823316723E-01
 0.686170161E-01 0.544672832E-01 0.398579799E-01 0.247621387E-01 0.915310904E-02
-0.699645048E-02-0.237157028E-01-0.407681689E-01-0.581705533E-01-0.759212896E-01
-0.940001756E-01-0.112367027E+00-0.130960286E+00-0.149695873E+00-0.168466374E+00
-0.187140986E+00-0.205566153E+00-0.223567069E+00-0.240950361E+00-0.257507741E+00
-0.273020864E+00-0.287267208E+00-0.300026804E+00-0.311089545E+00-0.320262790E+00
-0.327378750E+00-0.332301199E+00-0.334931016E+00-0.335210413E+00-0.333125025E+00
-0.328704327E+00-0.322019696E+00-0.313180715E+00-0.302329779E+00-0.289635390E+00
-0.275284499E+00-0.259474576E+00-0.242405608E+00-0.224272504E+00-0.205258250E+00
-0.185527861E+00-0.165223360E+00-0.144459650E+00-0.123321243E+00-0.101859473E+00
-0.800896883E-01-0.579874776E-01-0.354814231E-01-0.124368863E-01 0.104861651E-01
 0.332438461E-01 0.558200106E-01 0.782009512E-01 0.100362360E+00 0.122258358E+00
 0.143807933E+00 0.164876625E+00 0.185253412E+00 0.204630494E+00 0.222607881E+00
 0.122633845E+00 0.117795885E+00 0.107308842E+00 0.942169353E-01 0.805478096E-01
 0.664624497E-01 0.519334525E-01 0.369276106E-01 0.214131642E-01 0.535952253E-02
-0.112635000E-01-0.284873582E-01-0.460858159E-01-0.640822053E-01-0.824803561E-01
-0.101263314E+00-0.120392017E+00-0.139803976E+00-0.159412161E+00-0.179104149E+00
-0.198741913E+00-0.218162388E+00-0.237179011E+00-0.255584449E+00-0.273154438E+00
-0.289653063E+00-0.304838985E+00-0.318473011E+00-0.330325991E+00-0.340187311E+00
-0.347873092E+00-0.353233755E+00-0.356160343E+00-0.356589168E+00-0.354504377E+00
-0.349938393E+00-0.342969954E+00-0.333719879E+00-0.322345376E+00-0.309032381E+00
-0.293987364E+00-0.277428478E+00-0.259576917E+00-0.240648642E+00-0.220847100E+00
-0.200356796E+00-0.179338232E+00-0.157923818E+00-0.136214927E+00-0.114279866E+00
-0.921527818E-01-0.698335916E-01-0.472900085E-01-0.244651362E-01-0.130054203E-02
 0.214617662E-01 0.438352227E-01 0.658023208E-01 0.873235315E-01 0.108336471E+00
 0.128751218E+00 0.148444742E+00 0.167257294E+00 0.184994593E+00 0.201440364E+00
 0.121982574E+00 0.117133528E+00 0.106225558E+00 0.927597731E-01 0.788345933E-01
 0.645006970E-01 0.497036055E-01 0.344035067E-01 0.185661912E-01 0.216031005E-02
-0.148410406E-01-0.324536227E-01-0.504764169E-01-0.689407438E-01-0.878539458E-01
-0.107200503E+00-0.126941398E+00-0.147012904E+00-0.167325348E+00-0.187762067E+00
-0.208179146E+00-0.228405729E+00-0.248245642E+00-0.267480075E+00-0.285871625E+00
-0.303169817E+00-0.319117814E+00-0.333460420E+00-0.345952660E+00-0.356368929E+00
-0.364512026E+00-0.370221227E+00-0.373379469E+00-0.373918146E+00-0.371820331E+00
-0.367121011E+00-0.359905183E+00-0.350303322E+00-0.338485032E+00-0.324651033E+00
-0.309024066E+00-0.291839659E+00-0.273336649E+00-0.253748506E+00-0.233295605E+00
-0.212178662E+00-0.190573409E+00-0.168626666E+00-0.146453589E+00-0.124135815E+00
-0.101720423E+00-0.792190507E-01-0.566062592E-01-0.338147990E-01-0.107214395E-01
 0.119670108E-01 0.341682248E-01 0.558280349E-01 0.768940002E-01 0.973038003E-01
 0.116979919E+00 0.135827631E+00 0.153736040E+00 0.170582652E+00 0.186241835E+00
 0.119622655E+00 0.114273079E+00 0.104045704E+00 0.910912976E-01 0.772167966E-01
 0.627916008E-01 0.478465855E-01 0.323587656E-01 0.162947010E-01-0.384320650E-03
-0.177251417E-01-0.355268382E-01-0.538077019E-01-0.725809634E-01-0.918460190E-01
-0.111583591E+00-0.131752416E+00-0.152286738E+00-0.173094422E+00-0.194055498E+00
-0.215021640E+00-0.235816360E+00-0.256236494E+00-0.276055008E+00-0.295024961E+00
-0.312885463E+00-0.329368472E+00-0.344207197E+00-0.357145280E+00-0.367946386E+00
-0.376403630E+00-0.382348478E+00-0.385657936E+00-0.386260122E+00-0.384137481E+00
-0.379327059E+00-0.371918559E+00-0.362049669E+00-0.349899173E+00-0.335678577E+00
-0.319622695E+00-0.301979572E+00-0.283000857E+00-0.262932777E+00-0.242007896E+00
-0.220438585E+00-0.198411629E+00-0.176084355E+00-0.153582081E+00-0.130996823E+00
-0.108386949E+00-0.857778043E-01-0.631636083E-01-0.405113734E-01-0.177702159E-01
 0.510462513E-02 0.272917170E-01 0.487948321E-01 0.695900470E-01 0.896345973E-01
 0.108871058E+00 0.127230287E+00 0.144634783E+00 0.161003202E+00 0.176256076E+00
 0.120655857E+00 0.116019145E+00 0.104078449E+00 0.900194794E-01 0.759431273E-01
 0.614732653E-01 0.464775302E-01 0.309096426E-01 0.147388866E-01-0.206746254E-02
-0.195476394E-01-0.374826938E-01-0.559088513E-01-0.748452544E-01-0.942929387E-01
-0.114232719E+00-0.134622797E+00-0.155396491E+00-0.176460281E+00-0.197692379E+00
-0.218941957E+00-0.240029410E+00-0.260747820E+00-0.280865550E+00-0.300130665E+00
-0.318276525E+00-0.335029155E+00-0.350115597E+00-0.363273472E+00-0.374260753E+00
-0.382865608E+00-0.388915390E+00-0.392284274E+00-0.392898858E+00-0.390741497E+00
-0.385850638E+00-0.378318876E+00-0.368287921E+00-0.355941802E+00-0.341497988E+00
-0.325197846E+00-0.307296336E+00-0.288052052E+00-0.267717987E+00-0.246533290E+00
-0.224716559E+00-0.202460453E+00-0.179927841E+00-0.157249436E+00-0.134522513E+00
-0.111810654E+00-0.891442895E-01-0.665214434E-01-0.439084396E-01-0.212390274E-01
 0.159106706E-02 0.237115975E-01 0.451046489E-01 0.657427832E-01 0.855878815E-01
 0.104592085E+00 0.122699894E+00 0.139851108E+00 0.155984506E+00 0.171042144E+00
 0.115640096E+00 0.109718226E+00 0.100357808E+00 0.883949474E-01 0.749653503E-01
 0.606682375E-01 0.457092784E-01 0.301399454E-01 0.139578711E-01-0.286068534E-02
-0.203502253E-01-0.382905677E-01-0.567192808E-01-0.756568983E-01-0.951052532E-01
-0.115045451E+00-0.135435745E+00-0.156209305E+00-0.177272424E+00-0.198502988E+00
-0.219749868E+00-0.240833104E+00-0.261545390E+00-0.281654745E+00-0.300908804E+00
-0.319040656E+00-0.335775942E+00-0.350841582E+00-0.363974988E+00-0.374934167E+00
-0.383507341E+00-0.389522135E+00-0.392852992E+00-0.393427014E+00-0.391227037E+00
-0.386292219E+00-0.378715754E+00-0.368640065E+00-0.356249779E+00-0.341763109E+00
-0.325421929E+00-0.307481706E+00-0.288201511E+00-0.267834693E+00-0.246620744E+00
-0.224778503E+00-0.202500865E+00-0.179950997E+00-0.157259881E+00-0.134525090E+00
-0.111810669E+00-0.891475156E-01-0.665343031E-01-0.439380705E-01-0.212933887E-01
 0.150313776E-02 0.235810746E-01 0.449223258E-01 0.654998124E-01 0.852765143E-01
 0.104206562E+00 0.122237444E+00 0.139312878E+00 0.155376345E+00 0.170374885E+00
 0.121756583E+00 0.117701702E+00 0.104370885E+00 0.895157382E-01 0.752002224E-01
 0.606351718E-01 0.456136502E-01 0.300651342E-01 0.139478724E-01-0.277700555E-02
-0.201515872E-01-0.379600823E-01-0.562396012E-01-0.750097111E-01-0.942716300E-01
-0.114006273E+00-0.134171978E+00-0.154702380E+00-0.175504580E+00-0.196457759E+00
-0.217412621E+00-0.238191649E+00-0.258590609E+00-0.278381318E+00-0.297315836E+00
-0.315132231E+00-0.331561655E+00-0.346336752E+00-0.359200716E+00-0.369917244E+00
-0.378279716E+00-0.384120196E+00-0.387316763E+00-0.387798876E+00-0.385550439E+00
-0.380610406E+00-0.373070359E+00-0.363069892E+00-0.350789785E+00-0.336443335E+00
-0.320266962E+00-0.302510232E+00-0.283426046E+00-0.263261646E+00-0.242250532E+00
-0.220605806E+00-0.198514968E+00-0.176136062E+00-0.153595239E+00-0.130985513E+00
-0.108366475E+00-0.857651159E-01-0.631775931E-01-0.405733176E-01-0.179041363E-01
 0.487174746E-02 0.269315839E-01 0.482779332E-01 0.688872486E-01 0.887194276E-01
 0.107722662E+00 0.125836849E+00 0.142997056E+00 0.159137428E+00 0.174195647E+00
 0.117679633E+00 0.112290591E+00 0.102218173E+00 0.893169791E-01 0.753764808E-01
 0.609046556E-01 0.459721535E-01 0.305578914E-01 0.146225262E-01-0.187894737E-02
-0.189984534E-01-0.365401730E-01-0.545236208E-01-0.729625300E-01-0.918564424E-01
-0.111186117E+00-0.130910486E+00-0.150964394E+00-0.171256810E+00-0.191669747E+00
-0.212057769E+00-0.232248470E+00-0.252043992E+00-0.271223783E+00-0.289548874E+00
-0.306767285E+00-0.322620958E+00-0.336853772E+00-0.349220246E+00-0.359494835E+00
-0.367480785E+00-0.373018503E+00-0.375992477E+00-0.376336187E+00-0.374035209E+00
-0.369127333E+00-0.361700416E+00-0.351888031E+00-0.339862645E+00-0.325827718E+00
-0.310008585E+00-0.292642862E+00-0.273971260E+00-0.254228801E+00-0.233637169E+00
-0.212398127E+00-0.190688446E+00-0.168656036E+00-0.146417275E+00-0.124055430E+00
-0.101619706E+00-0.791245103E-01-0.565480217E-01-0.338275470E-01-0.108454013E-01
 0.116861444E-01 0.336794220E-01 0.550759509E-01 0.758212060E-01 0.958545879E-01
 0.115105882E+00 0.133495033E+00 0.150934294E+00 0.167332307E+00 0.182600141E+00
 0.120145351E+00 0.115769871E+00 0.103956461E+00 0.898124203E-01 0.756844953E-01
 0.613221712E-01 0.466016456E-01 0.314613432E-01 0.158556066E-01-0.255044928E-03
-0.169036873E-01-0.341106541E-01-0.516779982E-01-0.696369335E-01-0.879945308E-01
-0.106735051E+00-0.125819594E+00-0.145185158E+00-0.164743647E+00-0.184381202E+00
-0.203958049E+00-0.223309144E+00-0.242245853E+00-0.260558724E+00-0.278021485E+00
-0.294396400E+00-0.309440732E+00-0.322914183E+00-0.334587127E+00-0.344249099E+00
-0.351716965E+00-0.356842637E+00-0.359519243E+00-0.359685749E+00-0.357329488E+00
-0.352486372E+00-0.345238715E+00-0.335711211E+00-0.324064493E+00-0.310487896E+00
-0.295190841E+00-0.278394073E+00-0.260320842E+00-0.241188899E+00-0.221203014E+00
-0.200548887E+00-0.179388076E+00-0.157854125E+00-0.136049896E+00-0.114045687E+00
-0.918784663E-01-0.695520639E-01-0.470395572E-01-0.242911614E-01-0.125772669E-02
 0.213077851E-01 0.434073620E-01 0.650119111E-01 0.860718340E-01 0.106518827E+00
 0.126265243E+00 0.145203665E+00 0.163208604E+00 0.180141613E+00 0.195860714E+00
 0.117244355E+00 0.112287596E+00 0.102122255E+00 0.892393589E-01 0.756332129E-01
 0.616582781E-01 0.473291799E-01 0.326115973E-01 0.174650103E-01 0.185046648E-02
-0.142685566E-01-0.309277792E-01-0.479045659E-01-0.652213097E-01-0.828810707E-01
-0.100866348E+00-0.119138040E+00-0.137634426E+00-0.156270370E+00-0.174936861E+00
-0.193501040E+00-0.211807072E+00-0.229677767E+00-0.246917352E+00-0.263315380E+00
-0.278651506E+00-0.292701781E+00-0.305245131E+00-0.316071182E+00-0.324987590E+00
-0.331827581E+00-0.336456716E+00-0.338778377E+00-0.338737845E+00-0.336324304E+00
-0.331571072E+00-0.324553579E+00-0.315385401E+00-0.304212719E+00-0.291207463E+00
-0.276559651E+00-0.260469258E+00-0.243138224E+00-0.224763036E+00-0.205527708E+00
-0.185598090E+00-0.165116891E+00-0.144199863E+00-0.122932673E+00-0.101368554E+00
-0.795258358E-01-0.573845766E-01-0.348799266E-01-0.118864682E-01 0.109204687E-01
 0.334803015E-01 0.557564646E-01 0.777110979E-01 0.992928594E-01 0.120428495E+00
 0.141015083E+00 0.160913020E+00 0.179941505E+00 0.197880998E+00 0.214487106E+00
 0.116527297E+00 0.111964233E+00 0.101509921E+00 0.885804221E-01 0.753327981E-01
 0.618524365E-01 0.480666906E-01 0.339183807E-01 0.193632469E-01 0.436447095E-02
-0.111107957E-01-0.270935949E-01-0.433495939E-01-0.598944351E-01-0.767259002E-01
-0.938230976E-01-0.111145534E+00-0.128632247E+00-0.146201119E+00-0.163748503E+00
-0.181149453E+00-0.198258623E+00-0.214911923E+00-0.230929166E+00-0.246117681E+00
-0.260276824E+00-0.273203462E+00-0.284698099E+00-0.294571429E+00-0.302651197E+00
-0.308788478E+00-0.312863678E+00-0.314791262E+00-0.314523071E+00-0.312050194E+00
-0.307402790E+00-0.300648361E+00-0.291888088E+00-0.281251878E+00-0.268892378E+00
-0.254977822E+00-0.239685014E+00-0.223192066E+00-0.205671474E+00-0.187283918E+00
-0.168172777E+00-0.148459420E+00-0.128239557E+00-0.107580230E+00-0.865177661E-01
-0.650565401E-01-0.431690849E-01-0.207989104E-01 0.213003508E-02 0.249018371E-01
 0.475596152E-01 0.701181665E-01 0.925735906E-01 0.114902280E+00 0.137053519E+00
 0.158936098E+00 0.180398211E+00 0.201201782E+00 0.220999643E+00 0.239340529E+00
 0.113863908E+00 0.109391041E+00 0.993110687E-01 0.870337188E-01 0.745565444E-01
 0.618425719E-01 0.487938784E-01 0.353625156E-01 0.215197951E-01 0.724277366E-02
-0.749041094E-02-0.227019656E-01-0.381455943E-01-0.538284518E-01-0.697413608E-01
-0.858589858E-01-0.102138996E+00-0.118521191E+00-0.134926781E+00-0.151258111E+00
-0.167398974E+00-0.183215454E+00-0.198557615E+00-0.213261992E+00-0.227154836E+00
-0.240056247E+00-0.251785010E+00-0.262164026E+00-0.271025926E+00-0.278219044E+00
-0.283612847E+00-0.287102818E+00-0.288614541E+00-0.288106441E+00-0.285571218E+00
-0.281035513E+00-0.274558365E+00-0.266227990E+00-0.256157309E+00-0.244478628E+00
-0.231337562E+00-0.216886625E+00-0.201278776E+00-0.184661269E+00-0.167169899E+00
-0.148923889E+00-0.130021378E+00-0.110535629E+00-0.905118138E-01-0.699642822E-01
-0.488742366E-01-0.271875020E-01-0.481217587E-02 0.176558048E-01 0.402198099E-01
 0.629030392E-01 0.857356638E-01 0.108749121E+00 0.131970942E+00 0.155416787E+00
 0.179075584E+00 0.202879921E+00 0.226643592E+00 0.249931201E+00 0.271860629E+00
 0.107572593E+00 0.102324069E+00 0.944233164E-01 0.845297873E-01 0.735176131E-01
 0.618363842E-01 0.496519282E-01 0.370209441E-01 0.239610039E-01 0.104736248E-01
-0.344887283E-02-0.178232733E-01-0.324082747E-01-0.471854657E-01-0.621345192E-01
-0.772252977E-01-0.924143195E-01-0.107642993E+00-0.122836709E+00-0.137904629E+00
-0.152739972E+00-0.167220920E+00-0.181212291E+00-0.194567740E+00-0.207132727E+00
-0.218748286E+00-0.229255080E+00-0.238498226E+00-0.246332034E+00-0.252625018E+00
-0.257264435E+00-0.260160416E+00-0.261249244E+00-0.260495424E+00-0.257892936E+00
-0.253464729E+00-0.247261330E+00-0.239357904E+00-0.229850471E+00-0.218851224E+00
-0.206483215E+00-0.192874730E+00-0.178153634E+00-0.162441760E+00-0.145849749E+00
-0.128472120E+00-0.110382929E+00-0.916318297E-01-0.722403675E-01-0.521984547E-01
-0.314606987E-01-0.994222239E-02 0.117997006E-01 0.337871015E-01 0.560534373E-01
 0.786473900E-01 0.101634026E+00 0.125096187E+00 0.149136677E+00 0.173881218E+00
 0.199482694E+00 0.226128727E+00 0.254061878E+00 0.283635825E+00 0.315016031E+00
 0.109670863E+00 0.105762705E+00 0.950267017E-01 0.840735063E-01 0.733823180E-01
 0.623429827E-01 0.508822091E-01 0.390039906E-01 0.267217290E-01 0.140464138E-01
 0.986725790E-03-0.124469409E-01-0.262333341E-01-0.401219912E-01-0.541072637E-01
-0.681646466E-01-0.822541341E-01-0.963211358E-01-0.110296622E+00-0.124097437E+00
-0.137626827E+00-0.150775403E+00-0.163422778E+00-0.175439566E+00-0.186690107E+00
-0.197035655E+00-0.206337959E+00-0.214463308E+00-0.221286535E+00-0.226695120E+00
-0.230593011E+00-0.232903853E+00-0.233573645E+00-0.232572436E+00-0.229895025E+00
-0.225560635E+00-0.219611436E+00-0.212110087E+00-0.203136459E+00-0.192783520E+00
-0.181152776E+00-0.168349385E+00-0.154477134E+00-0.139633432E+00-0.123904526E+00
-0.107360907E+00-0.900530145E-01-0.720072091E-01-0.532217510E-01-0.336626507E-01
-0.132589815E-01 0.744748348E-02 0.284786131E-01 0.498691127E-01 0.716696233E-01
 0.939508229E-01 0.116808362E+00 0.140369594E+00 0.164803013E+00 0.190332055E+00
 0.217255369E+00 0.245977208E+00 0.277045310E+00 0.311093032E+00 0.347477466E+00
 0.104687363E+00 0.998634174E-01 0.925885439E-01 0.835810229E-01 0.737003013E-01
 0.633031428E-01 0.524923541E-01 0.413026400E-01 0.297521017E-01 0.178533867E-01
 0.561580528E-02-0.695514819E-02-0.198614281E-01-0.328443013E-01-0.458713397E-01
-0.589098781E-01-0.719192401E-01-0.848478600E-01-0.976323262E-01-0.110197373E+00
-0.122456342E+00-0.134312198E+00-0.145658925E+00-0.156383470E+00-0.166368052E+00
-0.175492942E+00-0.183639511E+00-0.190693587E+00-0.196548790E+00-0.201109871E+00
-0.204295769E+00-0.206042230E+00-0.206303805E+00-0.205055192E+00-0.202291667E+00
-0.198028639E+00-0.192300424E+00-0.185157984E+00-0.176666170E+00-0.166900188E+00
-0.155941665E+00-0.143874407E+00-0.130779982E+00-0.116733231E+00-0.101797730E+00
-0.860214606E-01-0.694325715E-01-0.520354621E-01-0.338068008E-01-0.146910036E-01
 0.477216579E-02 0.245944578E-01 0.447991118E-01 0.654233396E-01 0.865217224E-01
 0.108170792E+00 0.130475193E+00 0.153576255E+00 0.177663982E+00 0.202994302E+00
 0.229913086E+00 0.258888304E+00 0.290547729E+00 0.325739026E+00 0.365880907E+00
 0.106990442E+00 0.103422016E+00 0.942807198E-01 0.843150988E-01 0.745930672E-01
 0.646456033E-01 0.543932691E-01 0.438293666E-01 0.329624526E-01 0.218041372E-01
 0.103665898E-01-0.133710098E-02-0.132901352E-01-0.254638717E-01-0.375908203E-01
-0.496575721E-01-0.616328232E-01-0.734717920E-01-0.851180851E-01-0.965047479E-01
-0.107555203E+00-0.118184328E+00-0.128299803E+00-0.137803823E+00-0.146595165E+00
-0.154571488E+00-0.161631942E+00-0.167679891E+00-0.172625661E+00-0.176389247E+00
-0.178902656E+00-0.180112064E+00-0.179979280E+00-0.178482711E+00-0.175617635E+00
-0.171395719E+00-0.165843859E+00-0.159002319E+00-0.150922269E+00-0.141662836E+00
-0.131287768E+00-0.119861707E+00-0.107446454E+00-0.940968320E-01-0.798564181E-01
-0.647528693E-01-0.487931073E-01-0.319607481E-01-0.142127387E-01 0.390622579E-02
 0.223946180E-01 0.412591174E-01 0.605163090E-01 0.801948905E-01 0.100338541E+00
 0.121009633E+00 0.142294124E+00 0.164308086E+00 0.187206909E+00 0.211198524E+00
 0.236563936E+00 0.263693094E+00 0.293167382E+00 0.326098084E+00 0.367553264E+00
 0.103989661E+00 0.996974781E-01 0.929607898E-01 0.846151635E-01 0.755688548E-01
 0.661450177E-01 0.564281158E-01 0.464468524E-01 0.362181403E-01 0.257559214E-01
 0.150725655E-01 0.417858595E-02-0.691886013E-02-0.182204377E-01-0.294554234E-01
-0.405891500E-01-0.515839569E-01-0.623957440E-01-0.729727149E-01-0.832551792E-01
-0.931758955E-01-0.102660879E+00-0.111630499E+00-0.120000944E+00-0.127685934E+00
-0.134598717E+00-0.140654147E+00-0.145770937E+00-0.149873912E+00-0.152896091E+00
-0.154780641E+00-0.155482337E+00-0.154968888E+00-0.153221413E+00-0.150234714E+00
-0.146016657E+00-0.140587211E+00-0.133976802E+00-0.126224220E+00-0.117374144E+00
-0.107474267E+00-0.965723172E-01-0.847129226E-01-0.719343647E-01-0.582649447E-01
-0.437168479E-01-0.282724258E-01-0.118928952E-01 0.487096142E-02 0.220065713E-01
 0.395049825E-01 0.573623218E-01 0.755812973E-01 0.941727683E-01 0.113157421E+00
 0.132567599E+00 0.152449250E+00 0.172863826E+00 0.193890125E+00 0.215625271E+00
 0.238184139E+00 0.261693478E+00 0.286266834E+00 0.311898232E+00 0.337444276E+00
 0.105633058E+00 0.102247775E+00 0.945587829E-01 0.856365860E-01 0.767565519E-01
 0.677124485E-01 0.584615022E-01 0.490098260E-01 0.393728241E-01 0.295660738E-01
 0.196037330E-01 0.949881226E-02-0.735895534E-03-0.110859536E-01-0.215305481E-01
-0.318144448E-01-0.419067256E-01-0.517694913E-01-0.613578893E-01-0.706203356E-01
-0.794989914E-01-0.879304931E-01-0.958469659E-01-0.103177279E+00-0.109848462E+00
-0.115787417E+00-0.120922603E+00-0.125185892E+00-0.128514335E+00-0.130851850E+00
-0.132150665E+00-0.132372528E+00-0.131489545E+00-0.129484609E+00-0.126351386E+00
-0.122093871E+00-0.116725385E+00-0.110267222E+00-0.102746814E+00-0.941955671E-01
-0.846464112E-01-0.741311982E-01-0.626784861E-01-0.503123552E-01-0.370563269E-01
-0.229439009E-01-0.788918883E-02 0.756304711E-02 0.233957488E-01 0.395877212E-01
 0.561176501E-01 0.729660988E-01 0.901166499E-01 0.107556686E+00 0.125277817E+00
 0.143275872E+00 0.161550194E+00 0.180101454E+00 0.198927402E+00 0.218014419E+00
 0.237322047E+00 0.256754577E+00 0.276108414E+00 0.294965982E+00 0.312461168E+00
 0.103950411E+00 0.100244343E+00 0.939771011E-01 0.861766413E-01 0.778118670E-01
 0.691650361E-01 0.603293106E-01 0.513504893E-01 0.422553606E-01 0.330617391E-01
 0.237831399E-01 0.144313816E-01 0.501825335E-02-0.444317749E-02-0.139375422E-01
-0.234472863E-01-0.327137895E-01-0.417064838E-01-0.503882542E-01-0.587159544E-01
-0.666409731E-01-0.741100162E-01-0.810659602E-01-0.874489844E-01-0.931977928E-01
-0.982510075E-01-0.102548607E+00-0.106033430E+00-0.108652584E+00-0.110358775E+00
-0.111111388E+00-0.110877402E+00-0.109631978E+00-0.107358687E+00-0.104049444E+00
-0.997040346E-01-0.943292454E-01-0.879376978E-01-0.805462673E-01-0.721740797E-01
-0.628399625E-01-0.525589697E-01-0.413381569E-01-0.291637983E-01-0.160075352E-01
-0.236982759E-02 0.117821302E-01 0.263766535E-01 0.413614810E-01 0.566924699E-01
 0.723289549E-01 0.882318690E-01 0.104363017E+00 0.120684639E+00 0.137159064E+00
 0.153747767E+00 0.170409769E+00 0.187098414E+00 0.203756124E+00 0.220305875E+00
 0.236638293E+00 0.252593458E+00 0.267937988E+00 0.282344878E+00 0.295400441E+00
 0.104408279E+00 0.101087160E+00 0.950139984E-01 0.872211233E-01 0.788811296E-01
 0.703895465E-01 0.618406907E-01 0.532613546E-01 0.446620844E-01 0.360488333E-01
 0.274264384E-01 0.188001189E-01 0.101763494E-01 0.156346615E-02-0.702796644E-02
-0.155850332E-01-0.240924526E-01-0.322861448E-01-0.401365384E-01-0.476086102E-01
-0.546625443E-01-0.612543598E-01-0.673366264E-01-0.728594214E-01-0.777714029E-01
-0.820209831E-01-0.855575874E-01-0.883328840E-01-0.903019384E-01-0.914242864E-01
-0.916646868E-01-0.909937471E-01-0.893882886E-01-0.868314654E-01-0.833126083E-01
-0.788267702E-01-0.733739361E-01-0.669582263E-01-0.595867559E-01-0.512682013E-01
-0.420119278E-01-0.318225697E-01-0.207212251E-01-0.862404983E-02 0.396117056E-02
 0.170227196E-01 0.305395015E-01 0.444720127E-01 0.587735958E-01 0.733938962E-01
 0.882796720E-01 0.103374928E+00 0.118620880E+00 0.133955926E+00 0.149315640E+00
 0.164632514E+00 0.179835260E+00 0.194847167E+00 0.209583342E+00 0.223946482E+00
 0.237821326E+00 0.251068771E+00 0.263521850E+00 0.274987519E+00 0.285259157E+00
 0.108650193E+00 0.107655607E+00 0.983696058E-01 0.882560015E-01 0.794107094E-01
 0.709380284E-01 0.626380071E-01 0.544493794E-01 0.463466123E-01 0.383160487E-01
 0.303497091E-01 0.224435292E-01 0.145968422E-01 0.681217341E-02-0.904907065E-03
-0.854598545E-02-0.161000509E-01-0.235537719E-01-0.306366142E-01-0.373211205E-01
-0.435758308E-01-0.493656024E-01-0.546515584E-01-0.593921579E-01-0.635442287E-01
-0.670639649E-01-0.699080378E-01-0.720347911E-01-0.734053031E-01-0.739841759E-01
-0.737399906E-01-0.726455450E-01-0.706779361E-01-0.678186938E-01-0.640536472E-01
-0.593722798E-01-0.537664704E-01-0.472304411E-01-0.397609882E-01-0.313525423E-01
-0.220167823E-01-0.116650369E-01-0.751987624E-03 0.107691241E-01 0.228392351E-01
 0.354126617E-01 0.484458357E-01 0.618910976E-01 0.756950751E-01 0.897981748E-01
 0.104134224E+00 0.118630297E+00 0.133206874E+00 0.147778347E+00 0.162253976E+00
 0.176539391E+00 0.190537989E+00 0.204152375E+00 0.217285126E+00 0.229838848E+00
 0.241715491E+00 0.252815604E+00 0.263038397E+00 0.272283942E+00 0.280458689E+00
 0.102547497E+00 0.997415185E-01 0.939872190E-01 0.863624066E-01 0.782408789E-01
 0.701797381E-01 0.622983351E-01 0.545988493E-01 0.470607243E-01 0.396628045E-01
 0.323881432E-01 0.252248347E-01 0.181658603E-01 0.112087214E-01 0.435494166E-02
-0.239046128E-02-0.901958439E-02-0.155223440E-01-0.218873248E-01-0.278372820E-01
-0.333496593E-01-0.383999385E-01-0.429557152E-01-0.469819382E-01-0.504417978E-01
-0.532970056E-01-0.555087402E-01-0.570395440E-01-0.578546263E-01-0.579224937E-01
-0.572148226E-01-0.557054058E-01-0.533699766E-01-0.501868166E-01-0.461377129E-01
-0.412075706E-01-0.353758633E-01-0.286210421E-01-0.209410619E-01-0.122403437E-01
-0.294012344E-02 0.701910257E-02 0.175985880E-01 0.287723746E-01 0.405056402E-01
 0.527591445E-01 0.654889941E-01 0.786449611E-01 0.921688676E-01 0.105993010E+00
 0.120038837E+00 0.134216055E+00 0.148422346E+00 0.162544310E+00 0.176459700E+00
 0.190041259E+00 0.203161880E+00 0.215700373E+00 0.227546856E+00 0.238606974E+00
 0.248804271E+00 0.258080542E+00 0.266394705E+00 0.273721009E+00 0.280047238E+00
 0.104307421E+00 0.104696736E+00 0.938838869E-01 0.838882476E-01 0.756221786E-01
 0.679214224E-01 0.605676286E-01 0.534820668E-01 0.466178581E-01 0.399405286E-01
 0.334243551E-01 0.270512570E-01 0.208099447E-01 0.146950698E-01 0.870639086E-02
 0.284795696E-02-0.287272641E-02-0.844571274E-02-0.138601484E-01-0.191071220E-01
-0.239078309E-01-0.282706898E-01-0.321522318E-01-0.355221443E-01-0.383500867E-01
-0.406010449E-01-0.422349535E-01-0.432145968E-01-0.435074754E-01-0.430865362E-01
-0.419296063E-01-0.400110483E-01-0.373013318E-01-0.337697603E-01-0.293924827E-01
-0.241762567E-01-0.180676561E-01-0.109517667E-01-0.322019658E-02 0.519682001E-02
 0.142748561E-01 0.240027104E-01 0.343620628E-01 0.453311168E-01 0.568832830E-01
 0.689865723E-01 0.816024393E-01 0.946839377E-01 0.108173423E+00 0.121999770E+00
 0.136075437E+00 0.150293663E+00 0.164526418E+00 0.178624287E+00 0.192419425E+00
 0.205732629E+00 0.218384787E+00 0.230210766E+00 0.241073281E+00 0.250873446E+00
 0.259556264E+00 0.267110735E+00 0.273564279E+00 0.278972864E+00 0.283409208E+00
 0.927906781E-01 0.901077911E-01 0.847868547E-01 0.778798312E-01 0.707163140E-01
 0.638108104E-01 0.572372973E-01 0.509577021E-01 0.449206159E-01 0.390833132E-01
 0.334147885E-01 0.278945751E-01 0.225109290E-01 0.172592383E-01 0.121408086E-01
 0.716200238E-02 0.233373279E-02-0.232864870E-02-0.680482434E-02-0.110676875E-01
-0.150785130E-01-0.188539512E-01-0.221087839E-01-0.248656031E-01-0.271177609E-01
-0.288352016E-01-0.299489684E-01-0.304160081E-01-0.302034952E-01-0.292905699E-01
-0.276898593E-01-0.253758989E-01-0.223020427E-01-0.183976516E-01-0.135465758E-01
-0.809453148E-02-0.195154618E-02 0.491803186E-02 0.124812089E-01 0.207285229E-01
 0.296496768E-01 0.392350145E-01 0.494735166E-01 0.603519604E-01 0.718539208E-01
 0.839585364E-01 0.966387540E-01 0.109858908E+00 0.123571351E+00 0.137711957E+00
 0.152194351E+00 0.166903049E+00 0.181685954E+00 0.196348190E+00 0.210650817E+00
 0.224320173E+00 0.237071514E+00 0.248643845E+00 0.258834124E+00 0.267520368E+00
 0.274671584E+00 0.280346334E+00 0.284679621E+00 0.287856847E+00 0.290078491E+00
 0.885814503E-01 0.880257338E-01 0.791809708E-01 0.705101267E-01 0.637647063E-01
 0.577931888E-01 0.522643067E-01 0.470284298E-01 0.420035943E-01 0.371419452E-01
 0.324157402E-01 0.278102532E-01 0.233197734E-01 0.189452600E-01 0.146929640E-01
 0.105736703E-01 0.660234876E-02 0.279816147E-02-0.815226871E-03-0.420906628E-02
-0.734894210E-02-0.101952758E-01-0.126860952E-01-0.147936232E-01-0.165130477E-01
-0.178724937E-01-0.185440835E-01-0.185353141E-01-0.178070236E-01-0.162686910E-01
-0.142199956E-01-0.115722585E-01-0.826788414E-02-0.426726975E-02 0.447732018E-03
 0.584689761E-02 0.119304005E-01 0.187020972E-01 0.261598546E-01 0.343019404E-01
 0.431269407E-01 0.526338406E-01 0.628217012E-01 0.736892819E-01 0.852344111E-01
 0.974530578E-01 0.110337846E+00 0.123875670E+00 0.138044015E+00 0.152805358E+00
 0.168098748E+00 0.183827281E+00 0.199840024E+00 0.215907380E+00 0.231692970E+00
 0.246740401E+00 0.260515958E+00 0.272525728E+00 0.282423645E+00 0.290037632E+00
 0.295369238E+00 0.298591644E+00 0.300045282E+00 0.300192624E+00 0.299492747E+00
 0.707354099E-01 0.674415603E-01 0.631241947E-01 0.584420934E-01 0.540037714E-01
 0.498327017E-01 0.458284803E-01 0.419258215E-01 0.380936265E-01 0.343200192E-01
 0.306034870E-01 0.269485395E-01 0.233636294E-01 0.198601931E-01 0.164522696E-01
 0.131564289E-01 0.999187492E-02 0.698067667E-02 0.414804090E-02 0.152257911E-02
-0.863556867E-03-0.297479448E-02-0.477243075E-02-0.622008648E-02-0.728123169E-02
-0.791054219E-02-0.803149398E-02-0.759790279E-02-0.657687150E-02-0.495036319E-02
-0.273776148E-02 0.729923486E-04 0.350257941E-02 0.757065509E-02 0.122908298E-01
 0.176688507E-01 0.237107072E-01 0.304227062E-01 0.378107801E-01 0.458812378E-01
 0.546413139E-01 0.640996695E-01 0.742668211E-01 0.851554498E-01 0.967807174E-01
 0.109160297E+00 0.122314155E+00 0.136263713E+00 0.151029900E+00 0.166629374E+00
 0.183067620E+00 0.200326517E+00 0.218342274E+00 0.236963734E+00 0.255862802E+00
 0.274325728E+00 0.291000783E+00 0.304561406E+00 0.314690113E+00 0.321118206E+00
 0.323925793E+00 0.323396474E+00 0.320032656E+00 0.315318078E+00 0.310441047E+00
 0.518498719E-01 0.469729900E-01 0.451609306E-01 0.442959480E-01 0.428912155E-01
 0.409655422E-01 0.387076735E-01 0.362428613E-01 0.336484425E-01 0.309759788E-01
 0.282632504E-01 0.255403146E-01 0.228327792E-01 0.201638099E-01 0.175554845E-01
 0.150298206E-01 0.126095703E-01 0.103188520E-01 0.818363205E-02 0.623205444E-02
 0.449458556E-02 0.300395419E-02 0.179484917E-02 0.903332664E-03 0.367228873E-03
 0.227105018E-03 0.526062737E-03 0.130209140E-02 0.258652424E-02 0.440330338E-02
 0.676924735E-02 0.970185455E-02 0.132192997E-01 0.173388775E-01 0.220757443E-01
 0.274426956E-01 0.334513299E-01 0.401128381E-01 0.474386215E-01 0.554410554E-01
 0.641343296E-01 0.735353976E-01 0.836649984E-01 0.945488662E-01 0.106219091E+00
 0.118715703E+00 0.132088587E+00 0.146399543E+00 0.161724657E+00 0.178156361E+00
 0.195804924E+00 0.214798093E+00 0.235278174E+00 0.257398993E+00 0.281360298E+00
 0.307849973E+00 0.338146716E+00 0.347075135E+00 0.361596942E+00 0.364831835E+00
 0.362893552E+00 0.362245500E+00 0.342976570E+00 0.329777002E+00 0.319759607E+00
 0.369220860E-01 0.306443851E-01 0.312346183E-01 0.329508036E-01 0.333531201E-01
 0.329524167E-01 0.320307389E-01 0.307514705E-01 0.292241927E-01 0.275274944E-01
 0.257199258E-01 0.238465928E-01 0.219435599E-01 0.200409740E-01 0.181653779E-01
 0.163414385E-01 0.145932641E-01 0.129453884E-01 0.114234695E-01 0.100547606E-01
 0.886836182E-02 0.789527874E-02 0.716831814E-02 0.672186492E-02 0.659163343E-02
 0.681426283E-02 0.742637180E-02 0.846280716E-02 0.995548815E-02 0.119328778E-01
 0.144201759E-01 0.174403861E-01 0.210146997E-01 0.251624398E-01 0.299009867E-01
 0.352459550E-01 0.412117429E-01 0.478122346E-01 0.550616495E-01 0.629755184E-01
 0.715718120E-01 0.808722600E-01 0.909039006E-01 0.101700947E+00 0.113307074E+00
 0.125778452E+00 0.139187694E+00 0.153629094E+00 0.169226065E+00 0.186141059E+00
 0.204589099E+00 0.224854976E+00 0.247311980E+00 0.272444069E+00 0.300937116E+00
 0.333231509E+00 0.355526388E+00 0.371104836E+00 0.383278847E+00 0.382846922E+00
 0.382756263E+00 0.367733955E+00 0.349674165E+00 0.334509432E+00 0.322399825E+00
 0.320519730E-01 0.266498998E-01 0.251443218E-01 0.256551318E-01 0.263105929E-01
 0.265840087E-01 0.264444463E-01 0.259643383E-01 0.252253059E-01 0.242977310E-01
 0.232381113E-01 0.220908932E-01 0.208912957E-01 0.196680892E-01 0.184459928E-01
 0.172476210E-01 0.160949659E-01 0.150105283E-01 0.140180765E-01 0.131431613E-01
 0.124133788E-01 0.118584558E-01 0.115101608E-01 0.114020845E-01 0.115692839E-01
 0.120477658E-01 0.128737688E-01 0.140828993E-01 0.157093164E-01 0.177851189E-01
 0.203399565E-01 0.234008692E-01 0.269921776E-01 0.311354175E-01 0.358494259E-01
 0.411506444E-01 0.470536947E-01 0.535721928E-01 0.607197471E-01 0.685111433E-01
 0.769637004E-01 0.860987827E-01 0.959435552E-01 0.106533073E+00 0.117912903E+00
 0.130142465E+00 0.143299729E+00 0.157487690E+00 0.172844008E+00 0.189555615E+00
 0.207881957E+00 0.228193536E+00 0.251038402E+00 0.277240932E+00 0.307546437E+00
 0.335890234E+00 0.354654938E+00 0.370844305E+00 0.377171189E+00 0.378944099E+00
 0.372718602E+00 0.356861055E+00 0.341013938E+00 0.327681899E+00 0.316603065E+00
 0.218810830E-01 0.145318294E-01 0.167757999E-01 0.197178703E-01 0.210680235E-01
 0.217498187E-01 0.220247619E-01 0.220134091E-01 0.217953138E-01 0.214289408E-01
 0.209574308E-01 0.204123240E-01 0.198169965E-01 0.191897321E-01 0.185462609E-01
 0.179017168E-01 0.172720719E-01 0.166751090E-01 0.161310397E-01 0.156628657E-01
 0.152965020E-01 0.150607741E-01 0.149872582E-01 0.151100401E-01 0.154653387E-01
 0.160910171E-01 0.170259476E-01 0.183092374E-01 0.199793763E-01 0.220733192E-01
 0.246256217E-01 0.276676435E-01 0.312269162E-01 0.353267603E-01 0.399862230E-01
 0.452204049E-01 0.510411784E-01 0.574582480E-01 0.644804314E-01 0.721171200E-01
 0.803797990E-01 0.892836154E-01 0.988489985E-01 0.109103374E+00 0.120083191E+00
 0.131836295E+00 0.144425064E+00 0.157930657E+00 0.172458977E+00 0.188149363E+00
 0.205187991E+00 0.223829255E+00 0.244429290E+00 0.267458200E+00 0.292792708E+00
 0.314739048E+00 0.330104589E+00 0.343165904E+00 0.348069310E+00 0.349832982E+00
 0.344001085E+00 0.332664788E+00 0.322005928E+00 0.312506407E+00 0.304100394E+00
 0.247716028E-01 0.190633498E-01 0.170466714E-01 0.171937104E-01 0.177994706E-01
 0.182834193E-01 0.185846370E-01 0.187533293E-01 0.188403316E-01 0.188777857E-01
 0.188813452E-01 0.188560616E-01 0.188016798E-01 0.187165905E-01 0.186004899E-01
 0.184560809E-01 0.182900205E-01 0.181133952E-01 0.179418474E-01 0.177955255E-01
 0.176988952E-01 0.176805090E-01 0.177727453E-01 0.180115104E-01 0.184359271E-01
 0.190879274E-01 0.200116765E-01 0.212527756E-01 0.228571575E-01 0.248696860E-01
 0.273325406E-01 0.302835386E-01 0.337546542E-01 0.377709828E-01 0.423503593E-01
 0.475037135E-01 0.532361828E-01 0.595487505E-01 0.664402172E-01 0.739091933E-01
 0.819559693E-01 0.905840546E-01 0.998014361E-01 0.109621495E+00 0.120063767E+00
 0.131154478E+00 0.142926902E+00 0.155421317E+00 0.168684170E+00 0.182765543E+00
 0.197712228E+00 0.213551626E+00 0.230254725E+00 0.247655034E+00 0.265071690E+00
 0.280476213E+00 0.292982876E+00 0.302220196E+00 0.307848901E+00 0.309720844E+00
 0.307848513E+00 0.303614020E+00 0.298491210E+00 0.293084174E+00 0.287741601E+00
 0.170131680E-01 0.889831875E-02 0.124835260E-01 0.149778854E-01 0.154876309E-01
 0.155647872E-01 0.156115834E-01 0.157615449E-01 0.160420537E-01 0.164338853E-01
 0.168996453E-01 0.173980985E-01 0.178915132E-01 0.183493830E-01 0.187500082E-01
 0.190808401E-01 0.193381272E-01 0.195262264E-01 0.196568146E-01 0.197481196E-01
 0.198242404E-01 0.199145824E-01 0.200534295E-01 0.202797037E-01 0.206368435E-01
 0.211727675E-01 0.219396874E-01 0.229935106E-01 0.243925583E-01 0.261953864E-01
 0.284577776E-01 0.312292613E-01 0.345497988E-01 0.384473205E-01 0.429366529E-01
 0.480201021E-01 0.536896065E-01 0.599299632E-01 0.667224973E-01 0.740484446E-01
 0.818914995E-01 0.902394503E-01 0.990848169E-01 0.108424716E+00 0.118260130E+00
 0.128594577E+00 0.139432088E+00 0.150774062E+00 0.162614569E+00 0.174932450E+00
 0.187678710E+00 0.200755864E+00 0.213985473E+00 0.227063015E+00 0.239524946E+00
 0.250809759E+00 0.260416687E+00 0.267997324E+00 0.273364812E+00 0.276505649E+00
 0.277613789E+00 0.277089566E+00 0.275415421E+00 0.273011953E+00 0.270193666E+00
 0.290169735E-01 0.228874832E-01 0.187255647E-01 0.159497038E-01 0.139530776E-01
 0.126789678E-01 0.121571468E-01 0.122740120E-01 0.128617417E-01 0.137651628E-01
 0.148515757E-01 0.160116311E-01 0.171596259E-01 0.182324797E-01 0.191874728E-01
 0.199993439E-01 0.206573140E-01 0.211624950E-01 0.215258095E-01 0.217663795E-01
 0.219102595E-01 0.219894536E-01 0.220412239E-01 0.221079122E-01 0.222373419E-01
 0.224838220E-01 0.229093805E-01 0.235845614E-01 0.245877858E-01 0.260022990E-01
 0.279103350E-01 0.303853117E-01 0.334839635E-01 0.372403935E-01 0.416634418E-01
 0.467379317E-01 0.524296723E-01 0.586930774E-01 0.654793531E-01 0.727431104E-01
 0.804462209E-01 0.885590017E-01 0.970594510E-01 0.105931409E+00 0.115162052E+00
 0.124739043E+00 0.134647220E+00 0.144864619E+00 0.155357420E+00 0.166073486E+00
 0.176934063E+00 0.187823996E+00 0.198582053E+00 0.208996207E+00 0.218811586E+00
 0.227757156E+00 0.235585004E+00 0.242106602E+00 0.247216910E+00 0.250906527E+00
 0.253262043E+00 0.254449427E+00 0.254680365E+00 0.254173934E+00 0.253128797E+00
 0.338970087E-01 0.272999480E-01 0.209919270E-01 0.149641754E-01 0.958587416E-02
 0.673136814E-02 0.641675573E-02 0.719395466E-02 0.866953004E-02 0.105746184E-01
 0.126767373E-01 0.147991423E-01 0.168147348E-01 0.186388642E-01 0.202207714E-01
 0.215348676E-01 0.225736983E-01 0.233431347E-01 0.238594022E-01 0.241472628E-01
 0.242386274E-01 0.241709650E-01 0.239856374E-01 0.237270650E-01 0.234436933E-01
 0.231911875E-01 0.230375268E-01 0.230689868E-01 0.233944375E-01 0.241436549E-01
 0.254554413E-01 0.274570845E-01 0.302435588E-01 0.338636748E-01 0.383142829E-01
 0.435423739E-01 0.494567528E-01 0.559488721E-01 0.629150420E-01 0.702704713E-01
 0.779528618E-01 0.859194100E-01 0.941413715E-01 0.102598578E+00 0.111274607E+00
 0.120152645E+00 0.129211798E+00 0.138423547E+00 0.147748172E+00 0.157131001E+00
 0.166498825E+00 0.175756976E+00 0.184788316E+00 0.193455696E+00 0.201609343E+00
 0.209099367E+00 0.215791374E+00 0.221581757E+00 0.226409405E+00 0.230261758E+00
 0.233174309E+00 0.235223249E+00 0.236513004E+00 0.237161636E+00 0.237287834E+00
 0.371000245E-01 0.297526009E-01 0.217817947E-01 0.127951950E-01 0.263482472E-02
-0.239591673E-02-0.254878006E-02-0.323841319E-03 0.321268965E-02 0.695044640E-02
 0.106854932E-01 0.142012406E-01 0.173532143E-01 0.200735331E-01 0.223394409E-01
 0.241520535E-01 0.255245119E-01 0.264777001E-01 0.270391535E-01 0.272434838E-01
 0.271343812E-01 0.267624725E-01 0.261777267E-01 0.254236013E-01 0.245375931E-01
 0.235577840E-01 0.225347131E-01 0.215499233E-01 0.207422078E-01 0.203313641E-01
 0.206012633E-01 0.218170378E-01 0.241559912E-01 0.276980679E-01 0.324208140E-01
 0.381929688E-01 0.447774045E-01 0.519064106E-01 0.593718030E-01 0.670458600E-01
 0.748603344E-01 0.827822387E-01 0.907968953E-01 0.988973901E-01 0.107078016E+00
 0.115330100E+00 0.123638995E+00 0.131981894E+00 0.140326008E+00 0.148627073E+00
 0.156828478E+00 0.164861172E+00 0.172644839E+00 0.180090904E+00 0.187107325E+00
 0.193605140E+00 0.199505866E+00 0.204748496E+00 0.209295034E+00 0.213133454E+00
 0.216277704E+00 0.218764767E+00 0.220649466E+00 0.221998110E+00 0.222882137E+00
 0.408117548E-01 0.333586223E-01 0.249833632E-01 0.151810311E-01 0.310834963E-02
-0.460525043E-02-0.897616055E-02-0.717091653E-02-0.295417849E-02 0.364164589E-02
 0.995196868E-02 0.152759785E-01 0.197165739E-01 0.233454984E-01 0.262341201E-01
 0.284581818E-01 0.300544910E-01 0.310612787E-01 0.315236002E-01 0.314631611E-01
 0.309400838E-01 0.300622862E-01 0.289141722E-01 0.275321566E-01 0.259175766E-01
 0.240513086E-01 0.219056923E-01 0.194620881E-01 0.167584810E-01 0.140616866E-01
 0.122660268E-01 0.121881822E-01 0.138114607E-01 0.174597390E-01 0.229041521E-01
 0.302658342E-01 0.386557616E-01 0.471751653E-01 0.555567294E-01 0.637585819E-01
 0.717999041E-01 0.797149241E-01 0.875374451E-01 0.952948257E-01 0.103005670E+00
 0.110678852E+00 0.118313283E+00 0.125897855E+00 0.133411556E+00 0.140823826E+00
 0.148095042E+00 0.155177653E+00 0.162017792E+00 0.168557718E+00 0.174738973E+00
 0.180506080E+00 0.185810372E+00 0.190613642E+00 0.194890842E+00 0.198631749E+00
 0.201841086E+00 0.204537377E+00 0.206750661E+00 0.208519444E+00 0.209887564E+00
 0.458257794E-01 0.391469412E-01 0.318407714E-01 0.237991121E-01 0.151851298E-01
 0.658004405E-02-0.361075322E-02-0.407905737E-02-0.349092484E-02 0.525377830E-02
 0.132223740E-01 0.197524391E-01 0.253076535E-01 0.295409523E-01 0.325506590E-01
 0.351657383E-01 0.368098617E-01 0.375133157E-01 0.379688106E-01 0.373996980E-01
 0.358782597E-01 0.341759771E-01 0.323502570E-01 0.303424243E-01 0.280674174E-01
 0.254161619E-01 0.222414564E-01 0.183303487E-01 0.133454157E-01 0.661240099E-02
-0.108360802E-02 0.268610922E-03-0.254485197E-02 0.491887424E-02 0.771035766E-02
 0.213574562E-01 0.332723260E-01 0.435660966E-01 0.528564826E-01 0.614595450E-01
 0.695774034E-01 0.773487464E-01 0.848707929E-01 0.922109187E-01 0.994137079E-01
 0.106505744E+00 0.113498941E+00 0.120393068E+00 0.127177641E+00 0.133833542E+00
 0.140334383E+00 0.146648094E+00 0.152738497E+00 0.158567280E+00 0.164096043E+00
 0.169288650E+00 0.174113348E+00 0.178544834E+00 0.182565749E+00 0.186167628E+00
 0.189351097E+00 0.192125484E+00 0.194507614E+00 0.196520492E+00 0.198191449E+00
 0.518218726E-01 0.464150310E-01 0.406845845E-01 0.346475840E-01 0.284259841E-01
 0.222496968E-01 0.165952016E-01 0.117820930E-01 0.496358471E-02 0.153943477E-01
 0.217939597E-01 0.275585409E-01 0.333860815E-01 0.375282764E-01 0.395655520E-01
 0.426625460E-01 0.441390835E-01 0.439528078E-01 0.449734181E-01 0.438278466E-01
 0.409379937E-01 0.385497697E-01 0.362852290E-01 0.339367986E-01 0.313519537E-01
 0.283806752E-01 0.248372369E-01 0.204576999E-01 0.148417521E-01 0.742003275E-02
 0.293997262E-03-0.107698012E-03-0.147795270E-02 0.420866488E-02 0.878069643E-02
 0.211162660E-01 0.333179608E-01 0.437366180E-01 0.529075675E-01 0.612150542E-01
 0.689187571E-01 0.761974677E-01 0.831747204E-01 0.899339914E-01 0.965291783E-01
 0.102992311E+00 0.109339245E+00 0.115573645E+00 0.121689856E+00 0.127674967E+00
 0.133510500E+00 0.139173880E+00 0.144639775E+00 0.149881646E+00 0.154873043E+00
 0.159589157E+00 0.164008081E+00 0.168112084E+00 0.171888426E+00 0.175330028E+00
 0.178435564E+00 0.181209415E+00 0.183661088E+00 0.185804427E+00 0.187656760E+00
 0.689056814E+00 0.700819671E+00 0.708675683E+00 0.718873918E+00 0.729229450E+00
 0.740229130E+00 0.751626313E+00 0.763482571E+00 0.775760293E+00 0.788337648E+00
 0.801866293E+00 0.815137148E+00 0.829258204E+00 0.843889177E+00 0.859283209E+00
 0.875057161E+00 0.891353786E+00 0.908429742E+00 0.926171482E+00 0.944568336E+00
 0.963675618E+00 0.983481169E+00 0.100411975E+01 0.102562952E+01 0.104799211E+01
 0.107124448E+01 0.109546459E+01 0.112067807E+01 0.114694619E+01 0.117441607E+01
 0.120309675E+01 0.123294866E+01 0.126405585E+01 0.129669929E+01 0.133092201E+01
 0.136665833E+01 0.140395105E+01 0.144304323E+01 0.148432016E+01 0.152755034E+01
 0.157279885E+01 0.162032521E+01 0.167074656E+01 0.172381186E+01 0.177951670E+01
 0.183837283E+01 0.190114069E+01 0.196743560E+01 0.203722453E+01 0.211239004E+01
 0.219224763E+01 0.227703094E+01 0.236852670E+01 0.246680522E+01 0.257240343E+01
 0.268742108E+01 0.281234288E+01 0.295057702E+01 0.310280061E+01 0.327600765E+01
 0.347248054E+01 0.370576429E+01 0.399968266E+01 0.442489672E+01 0.635202789E+01
   90   89
 0.110245860E+01-0.500000007E-01 0.110151601E+01 0.500000007E-01 0.110562503E+01
 0.136629090E+00 0.111071980E+01 0.200000003E+00 0.112304068E+01 0.300000012E+00
 0.113218749E+01 0.353342503E+00 0.115381551E+01 0.449999988E+00 0.116785693E+01
 0.500000000E+00 0.118531251E+01 0.555302203E+00 0.121187496E+01 0.626779139E+00
 0.123843753E+01 0.688051581E+00 0.126499999E+01 0.741468072E+00 0.129156256E+01
 0.787912965E+00 0.131812501E+01 0.827553034E+00 0.134468746E+01 0.860219955E+00
 0.138803244E+01 0.899999976E+00 0.142437506E+01 0.924647510E+00 0.147749996E+01
 0.945517004E+00 0.150406253E+01 0.952050924E+00 0.155718756E+01 0.954898119E+00
 0.158967531E+01 0.949999988E+00 0.163687503E+01 0.937958777E+00 0.169000006E+01
 0.917237163E+00 0.172167552E+01 0.899999976E+00 0.176968753E+01 0.870869637E+00
 0.179850388E+01 0.850000024E+00 0.184937501E+01 0.809810996E+00 0.187593746E+01
 0.786334574E+00 0.191418278E+01 0.750000000E+00 0.195562506E+01 0.708155930E+00
 0.198218751E+01 0.678481221E+00 0.200874996E+01 0.646540582E+00 0.204498148E+01
 0.600000024E+00 0.207940316E+01 0.550000012E+00 0.211013412E+01 0.500000000E+00
 0.213770938E+01 0.449999988E+00 0.216265082E+01 0.400000006E+00 0.218540263E+01
 0.349999994E+00 0.220623064E+01 0.300000012E+00 0.222511363E+01 0.250000000E+00
 0.224781251E+01 0.177519009E+00 0.226672554E+01 0.100000001E+00 0.227488852E+01
 0.500000007E-01 0.227876735E+01-0.500000007E-01 0.227437496E+01-0.102173075E+00
 0.225584078E+01-0.200000003E+00 0.224201822E+01-0.250000000E+00 0.222125006E+01
-0.314607203E+00 0.219468760E+01-0.384353697E+00 0.216812491E+01-0.445445985E+00
 0.214156246E+01-0.499624044E+00 0.211500001E+01-0.548140109E+00 0.208843756E+01
-0.592095375E+00 0.206187510E+01-0.632417381E+00 0.203531241E+01-0.669797182E+00
 0.200874996E+01-0.704637647E+00 0.197102726E+01-0.750000000E+00 0.192906249E+01
-0.798411489E+00 0.190250003E+01-0.828853309E+00 0.187593746E+01-0.858013630E+00
 0.183546686E+01-0.899999976E+00 0.179624999E+01-0.940925360E+00 0.176968753E+01
-0.968338728E+00 0.173613453E+01-0.100000000E+01 0.169000006E+01-0.104515886E+01
 0.166343749E+01-0.107168186E+01 0.163051188E+01-0.110000002E+01 0.158375001E+01
-0.114363837E+01 0.155718756E+01-0.116990554E+01 0.151464117E+01-0.120000005E+01
 0.147765541E+01-0.123571205E+01 0.145093751E+01-0.118142772E+01 0.142437506E+01
-0.111953568E+01 0.139781249E+01-0.105538535E+01 0.137589908E+01-0.100000000E+01
 0.135451949E+01-0.949999988E+00 0.133310902E+01-0.899999976E+00 0.131202590E+01
-0.850000024E+00 0.129156256E+01-0.799535990E+00 0.126499999E+01-0.734839737E+00
 0.123843753E+01-0.666791320E+00 0.121438420E+01-0.600000024E+00 0.119707429E+01
-0.550000012E+00 0.118093538E+01-0.500000000E+00 0.115875006E+01-0.422010690E+00
 0.114125037E+01-0.349999994E+00 0.113092327E+01-0.300000012E+00 0.111518717E+01
-0.200000003E+00 0.110562503E+01-0.104529597E+00 0.110245860E+01-0.500000007E-01
 0.101600003E+01 0.000000000E+00 0.101600003E+01 0.963999987E+00 0.101800001E+01
 0.967999995E+00 0.101800001E+01 0.100100005E+01 0.101800001E+01 0.101900005E+01
 0.101800001E+01 0.107700002E+01 0.101800001E+01 0.107000005E+01 0.101800001E+01
 0.109599996E+01 0.101800001E+01 0.111300004E+01 0.101800001E+01 0.113800001E+01
 0.101600003E+01 0.114699996E+01 0.101199996E+01 0.116499996E+01 0.100100005E+01
 0.121700001E+01 0.102900004E+01 0.121700001E+01 0.104200006E+01 0.116240001E+01
 0.104600000E+01 0.116237998E+01 0.105599999E+01 0.116260004E+01 0.109700000E+01
 0.116450000E+01 0.110800004E+01 0.116594005E+01 0.111600006E+01 0.116591001E+01
 0.113399994E+01 0.116895998E+01 0.114800000E+01 0.117174995E+01 0.116199994E+01
 0.117556000E+01 0.118099999E+01 0.118299997E+01 0.118200004E+01 0.118350005E+01
 0.118499994E+01 0.118499994E+01 0.119000006E+01 0.118799996E+01 0.119500005E+01
 0.119099998E+01 0.120099998E+01 0.119599998E+01 0.120899999E+01 0.120200002E+01
 0.121500003E+01 0.120799994E+01 0.122200000E+01 0.121399999E+01 0.122800004E+01
 0.122099996E+01 0.123399997E+01 0.123099995E+01 0.123899996E+01 0.123800004E+01
 0.124199998E+01 0.124399996E+01 0.124800003E+01 0.125399995E+01 0.125800002E+01
 0.127800000E+01 0.126300001E+01 0.128999996E+01 0.127999997E+01 0.133099997E+01
 0.127999997E+01 0.134700000E+01 0.127999997E+01 0.134800005E+01 0.130999994E+01
 0.134800005E+01 0.132799995E+01 0.134800005E+01 0.136099994E+01 0.134800005E+01
 0.138000000E+01 0.134800005E+01 0.141900003E+01 0.134800005E+01 0.141900003E+01
 0.130999994E+01 0.137199998E+01 0.130999994E+01 0.137199998E+01 0.129200006E+01
 0.160800004E+01 0.109500003E+01 0.164699996E+01 0.107700002E+01 0.178499997E+01
 0.107700002E+01 0.206999993E+01 0.103999996E+01 0.212800002E+01 0.992999971E+00
 0.224499989E+01 0.708999991E+00 0.232299995E+01 0.518999994E+00 0.237700009E+01
 0.388999999E+00 0.235200000E+01 0.400000006E+00 0.235100007E+01 0.337000012E+00
 0.235100007E+01 0.204999998E+00 0.235400009E+01 0.680000037E-01 0.235400009E+01
 0.000000000E+00 0.235400009E+01-0.680000037E-01 0.235299993E+01-0.204999998E+00
 0.235100007E+01-0.337000012E+00 0.235299993E+01-0.400000006E+00 0.237700009E+01
-0.388999999E+00 0.213400006E+01-0.972999990E+00 0.178600001E+01-0.117400002E+01
 0.176800001E+01-0.121099997E+01 0.176800001E+01-0.125399995E+01 0.168200004E+01
-0.125399995E+01 0.167400002E+01-0.126199996E+01 0.167400002E+01-0.132900000E+01
 0.168099999E+01-0.133899999E+01 0.175399995E+01-0.133899999E+01 0.175399995E+01
-0.136800003E+01 0.168900001E+01-0.136800003E+01 0.168900001E+01-0.136600006E+01
 0.155499995E+01-0.136600006E+01 0.141199994E+01-0.136600006E+01 0.127300000E+01
-0.136600006E+01 0.115300000E+01-0.136600006E+01 0.101600003E+01-0.122899997E+01
 0.101600003E+01-0.800000012E+00 0.101600003E+01-0.414999992E+00 0.101600003E+01
-0.400000006E+00 0.101600003E+01 0.000000000E+00
    0 0.000000000E+00    1
 0.000000000E+00 0.000000000E+00 0.000000000E+00 0.000000000E+00 0.000000000E+00
 0.000000000E+00 0.000000000E+00 0.000000000E+00 0.000000000E+00 0.000000000E+00
 0.000000000E+00 0.000000000E+00 0.000000000E+00 0.000000000E+00 0.000000000E+00
 0.000000000E+00 0.000000000E+00 0.000000000E+00 0.000000000E+00 0.000000000E+00
 0.000000000E+00 0.000000000E+00 0.000000000E+00 0.000000000E+00 0.000000000E+00
 0.000000000E+00 0.000000000E+00 0.000000000E+00 0.000000000E+00 0.000000000E+00
 0.000000000E+00 0.000000000E+00 0.000000000E+00 0.000000000E+00 0.000000000E+00
 0.000000000E+00 0.000000000E+00 0.000000000E+00 0.000000000E+00 0.000000000E+00
 0.000000000E+00 0.000000000E+00 0.000000000E+00 0.000000000E+00 0.000000000E+00
 0.000000000E+00 0.000000000E+00 0.000000000E+00 0.000000000E+00 0.000000000E+00
 0.000000000E+00 0.000000000E+00 0.000000000E+00 0.000000000E+00 0.000000000E+00
 0.000000000E+00 0.000000000E+00 0.000000000E+00 0.000000000E+00 0.000000000E+00
 0.000000000E+00 0.000000000E+00 0.000000000E+00 0.000000000E+00 0.000000000E+00
 0.000000000E+00 0.814461112E-01 0.115945719E+00 0.142571583E+00 0.165333420E+00
 0.185583621E+00 0.204121053E+00 0.221353963E+00 0.236317486E+00 0.251904994E+00
 0.266885638E+00 0.281178564E+00 0.295006663E+00 0.308498114E+00 0.321676195E+00
 0.334511697E+00 0.347108185E+00 0.359462887E+00 0.371682882E+00 0.383752704E+00
 0.395629257E+00 0.407413453E+00 0.419113338E+00 0.430718809E+00 0.442272455E+00
 0.453769892E+00 0.465221375E+00 0.476672202E+00 0.488080740E+00 0.499507815E+00
 0.510964513E+00 0.522414327E+00 0.533879578E+00 0.545417368E+00 0.557017148E+00
 0.568664134E+00 0.580365598E+00 0.592148364E+00 0.604060411E+00 0.616059065E+00
 0.628153384E+00 0.640356064E+00 0.652740300E+00 0.665265679E+00 0.677912652E+00
 0.690725863E+00 0.703776777E+00 0.717014551E+00 0.730391920E+00 0.744095147E+00
 0.758011758E+00 0.772160769E+00 0.786632955E+00 0.801427245E+00 0.816524923E+00
 0.832013249E+00 0.847900033E+00 0.864235282E+00 0.881029487E+00 0.898463011E+00
 0.916442156E+00 0.935247123E+00 0.955006659E+00 0.976105034E+00 0.100000000E+01
    1
 0.000000000E+00 0.000000000E+00 0.000000000E+00 0.000000000E+00 0.000000000E+00
 0.000000000E+00 0.000000000E+00 0.000000000E+00 0.000000000E+00 0.000000000E+00
 0.000000000E+00 0.000000000E+00 0.000000000E+00 0.000000000E+00 0.000000000E+00
 0.000000000E+00 0.000000000E+00 0.000000000E+00 0.000000000E+00 0.000000000E+00
 0.000000000E+00 0.000000000E+00 0.000000000E+00 0.000000000E+00 0.000000000E+00
 0.000000000E+00 0.000000000E+00 0.000000000E+00 0.000000000E+00 0.000000000E+00
 0.000000000E+00 0.000000000E+00 0.000000000E+00 0.000000000E+00 0.000000000E+00
 0.000000000E+00 0.000000000E+00 0.000000000E+00 0.000000000E+00 0.000000000E+00
 0.000000000E+00 0.000000000E+00 0.000000000E+00 0.000000000E+00 0.000000000E+00
 0.000000000E+00 0.000000000E+00 0.000000000E+00 0.000000000E+00 0.000000000E+00
 0.000000000E+00 0.000000000E+00 0.000000000E+00 0.000000000E+00 0.000000000E+00
 0.000000000E+00 0.000000000E+00 0.000000000E+00 0.000000000E+00 0.000000000E+00
 0.000000000E+00 0.000000000E+00 0.000000000E+00 0.000000000E+00 0.000000000E+00
