    2.475290E+18    3.016582E+19    8.205613E-02    2.000568E-02
    2.475290E+18    3.055179E+19    8.101948E-02    2.252650E-02
    2.475290E+18    3.100280E+19    7.984087E-02    2.582710E-02
    6.876916E+18    3.153183E+19    2.180944E-01    2.882547E-02
    6.876916E+18    3.214769E+19    2.139164E-01    3.207759E-02
    6.876916E+18    3.286159E+19    2.092691E-01    3.615590E-02
    6.876916E+18    3.368674E+19    2.041431E-01    4.077521E-02
    9.681626E+18    3.463717E+19    2.795155E-01    4.526288E-02
    9.681626E+18    3.573242E+19    2.709480E-01    5.156638E-02
    9.681626E+18    3.699514E+19    2.616999E-01    5.863228E-02
    1.102642E+19    3.844640E+19    2.867999E-01    6.600167E-02
    1.102642E+19    4.011800E+19    2.748497E-01    7.421231E-02
    1.102642E+19    4.204200E+19    2.622716E-01    8.540940E-02
    1.102642E+19    4.424363E+19    2.492206E-01    9.653756E-02
    1.426473E+19    4.676836E+19    3.050081E-01    1.110807E-01
    1.426473E+19    4.966604E+19    2.872130E-01    1.343206E-01
    1.426473E+19    5.299943E+19    2.691488E-01    1.487525E-01
    1.949930E+19    5.677835E+19    3.434286E-01    1.739105E-01
    1.949930E+19    6.109628E+19    3.191570E-01    1.980986E-01
    1.949930E+19    6.590492E+19    2.958702E-01    2.371965E-01
    1.949930E+19    7.142739E+19    2.729948E-01    2.889553E-01
    2.025138E+19    7.785159E+19    2.601281E-01    3.728992E-01
    2.025138E+19    8.570890E+19    2.362810E-01    5.254697E-01
    2.025138E+19    9.409736E+19    2.152173E-01    8.064249E-01
    2.025138E+19    1.019761E+20    1.985895E-01    0.000000E+00
