    1.177200E-02
    2.354400E-02
    3.531600E-02
    4.708800E-02
    5.886000E-02
    7.063200E-02
    8.240400E-02
    9.417599E-02
    1.059480E-01
    1.177200E-01
    1.294920E-01
    1.412640E-01
    1.530360E-01
    1.648080E-01
    1.765800E-01
    1.883520E-01
    2.001240E-01
    2.118960E-01
    2.236680E-01
    2.354400E-01
    2.472121E-01
    2.589841E-01
    2.707561E-01
    2.825281E-01
    2.943001E-01
    3.060721E-01
    3.178441E-01
    3.296161E-01
    3.413881E-01
    3.531601E-01
    3.649321E-01
    3.767041E-01
    3.884761E-01
    4.002481E-01
    4.120201E-01
    4.237922E-01
    4.355642E-01
    4.473362E-01
    4.591082E-01
    4.708802E-01
    4.826522E-01
    4.944242E-01
    5.061962E-01
    5.179682E-01
    5.297402E-01
    5.415121E-01
    5.532841E-01
    5.650561E-01
    5.768281E-01
