     -4.04508     -3.92109     -3.80447     -3.69459     -3.59088     -3.49283
     -3.39999     -3.31187     -3.22822     -3.14876     -3.07310     -3.00103
     -2.93238     -2.86685     -2.80400     -2.74408     -2.68653     -2.63110
     -2.57815     -2.52706     -2.47788     -2.43074     -2.38540     -2.34174
     -2.29965     -2.25905     -2.21985     -2.18199     -2.14539     -2.10999
     -2.07574     -2.04260     -2.01051     -1.97943     -1.94930     -1.92004
     -1.89164     -1.86408     -1.83731     -1.81129     -1.78600     -1.76141
     -1.73748     -1.71420     -1.69153     -1.66946     -1.64795     -1.62699
     -1.60656     -1.58663     -1.56719     -1.54822     -1.52971     -1.51163
     -1.49398     -1.47673     -1.45988     -1.44341     -1.42730     -1.41155
     -1.39614     -1.38107     -1.36632     -1.35188     -1.33774
     -4.04508     -3.92109     -3.80447     -3.69459     -3.59088     -3.49283
     -3.39987     -3.31181     -3.22822     -3.14875     -3.07311     -3.00102
     -2.93227     -2.86662     -2.80382     -2.74375     -2.68616     -2.63088
     -2.57785     -2.52686     -2.47784     -2.43073     -2.38540     -2.34173
     -2.29964     -2.25904     -2.21984     -2.18198     -2.14538     -2.10998
     -2.07574     -2.04260     -2.01050     -1.97942     -1.94929     -1.92004
     -1.89164     -1.86408     -1.83731     -1.81129     -1.78600     -1.76141
     -1.73748     -1.71420     -1.69153     -1.66946     -1.64795     -1.62699
     -1.60656     -1.58663     -1.56719     -1.54822     -1.52971     -1.51163
     -1.49398     -1.47673     -1.45988     -1.44341     -1.42730     -1.41155
     -1.39614     -1.38107     -1.36632     -1.35188     -1.33774
     -4.04508     -3.92109     -3.80447     -3.69459     -3.59088     -3.49279
     -3.39988     -3.31183     -3.22824     -3.14877     -3.07312     -3.00101
     -2.93221     -2.86650     -2.80368     -2.74355     -2.68595     -2.63071
     -2.57769     -2.52676     -2.47781     -2.43073     -2.38540     -2.34174
     -2.29965     -2.25905     -2.21985     -2.18199     -2.14540     -2.11001
     -2.07577     -2.04264     -2.01055     -1.97946     -1.94930     -1.92004
     -1.89164     -1.86408     -1.83731     -1.81129     -1.78600     -1.76141
     -1.73748     -1.71420     -1.69153     -1.66946     -1.64795     -1.62699
     -1.60656     -1.58663     -1.56719     -1.54822     -1.52971     -1.51163
     -1.49398     -1.47673     -1.45988     -1.44341     -1.42730     -1.41155
     -1.39614     -1.38107     -1.36632     -1.35188     -1.33774
     -4.04508     -3.92109     -3.80447     -3.69459     -3.59088     -3.49283
     -3.39999     -3.31195     -3.22834     -3.14886     -3.07319     -3.00107
     -2.93226     -2.86653     -2.80369     -2.74355     -2.68594     -2.63070
     -2.57769     -2.52677     -2.47783     -2.43075     -2.38542     -2.34176
     -2.29967     -2.25907     -2.21987     -2.18201     -2.14543     -2.11005
     -2.07582     -2.04268     -2.01057     -1.97946     -1.94930     -1.92004
     -1.89164     -1.86408     -1.83731     -1.81129     -1.78600     -1.76141
     -1.73748     -1.71420     -1.69153     -1.66946     -1.64795     -1.62699
     -1.60656     -1.58663     -1.56719     -1.54822     -1.52971     -1.51163
     -1.49398     -1.47673     -1.45988     -1.44341     -1.42730     -1.41155
     -1.39614     -1.38107     -1.36632     -1.35188     -1.33774
     -4.04508     -3.92109     -3.80447     -3.69459     -3.59088     -3.49283
     -3.39999     -3.31196     -3.22838     -3.14891     -3.07325     -3.00115
     -2.93234     -2.86661     -2.80376     -2.74361     -2.68599     -2.63074
     -2.57773     -2.52681     -2.47786     -2.43078     -2.38545     -2.34179
     -2.29969     -2.25909     -2.21989     -2.18204     -2.14545     -2.11007
     -2.07583     -2.04268     -2.01057     -1.97946     -1.94930     -1.92004
     -1.89164     -1.86408     -1.83731     -1.81129     -1.78600     -1.76141
     -1.73748     -1.71420     -1.69153     -1.66946     -1.64795     -1.62699
     -1.60656     -1.58663     -1.56719     -1.54822     -1.52971     -1.51163
     -1.49398     -1.47673     -1.45988     -1.44341     -1.42730     -1.41155
     -1.39614     -1.38107     -1.36632     -1.35188     -1.33774
     -4.04508     -3.92109     -3.80447     -3.69459     -3.59088     -3.49283
     -3.39999     -3.31196     -3.22838     -3.14891     -3.07325     -3.00115
     -2.93236     -2.86664     -2.80381     -2.74367     -2.68605     -2.63080
     -2.57778     -2.52685     -2.47790     -2.43081     -2.38548     -2.34181
     -2.29972     -2.25911     -2.21991     -2.18205     -2.14546     -2.11007
     -2.07583     -2.04268     -2.01057     -1.97946     -1.94930     -1.92004
     -1.89164     -1.86408     -1.83731     -1.81129     -1.78600     -1.76141
     -1.73748     -1.71420     -1.69153     -1.66946     -1.64795     -1.62699
     -1.60656     -1.58663     -1.56719     -1.54822     -1.52971     -1.51163
     -1.49398     -1.47673     -1.45988     -1.44341     -1.42730     -1.41155
     -1.39614     -1.38107     -1.36632     -1.35188     -1.33774
     -4.04508     -3.92109     -3.80447     -3.69459     -3.59088     -3.49283
     -3.39999     -3.31196     -3.22838     -3.14891     -3.07325     -3.00115
     -2.93236     -2.86664     -2.80381     -2.74367     -2.68606     -2.63082
     -2.57780     -2.52688     -2.47793     -2.43084     -2.38550     -2.34183
     -2.29973     -2.25912     -2.21992     -2.18205     -2.14546     -2.11007
     -2.07583     -2.04268     -2.01057     -1.97946     -1.94930     -1.92004
     -1.89164     -1.86408     -1.83731     -1.81129     -1.78600     -1.76141
     -1.73748     -1.71420     -1.69153     -1.66946     -1.64795     -1.62699
     -1.60656     -1.58663     -1.56719     -1.54822     -1.52971     -1.51163
     -1.49398     -1.47673     -1.45988     -1.44341     -1.42730     -1.41155
     -1.39614     -1.38107     -1.36632     -1.35188     -1.33774
     -4.04508     -3.92109     -3.80447     -3.69459     -3.59088     -3.49283
     -3.39999     -3.31196     -3.22838     -3.14891     -3.07325     -3.00115
     -2.93236     -2.86664     -2.80381     -2.74367     -2.68606     -2.63082
     -2.57780     -2.52688     -2.47793     -2.43085     -2.38551     -2.34184
     -2.29974     -2.25913     -2.21992     -2.18205     -2.14546     -2.11007
     -2.07583     -2.04268     -2.01057     -1.97946     -1.94930     -1.92004
     -1.89164     -1.86408     -1.83731     -1.81129     -1.78600     -1.76141
     -1.73748     -1.71420     -1.69153     -1.66946     -1.64795     -1.62699
     -1.60656     -1.58663     -1.56719     -1.54822     -1.52971     -1.51163
     -1.49398     -1.47673     -1.45988     -1.44341     -1.42730     -1.41155
     -1.39614     -1.38107     -1.36632     -1.35188     -1.33774
     -4.04508     -3.92109     -3.80447     -3.69459     -3.59088     -3.49283
     -3.39999     -3.31196     -3.22838     -3.14891     -3.07325     -3.00115
     -2.93236     -2.86664     -2.80381     -2.74367     -2.68606     -2.63082
     -2.57780     -2.52688     -2.47793     -2.43085     -2.38551     -2.34184
     -2.29974     -2.25912     -2.21992     -2.18205     -2.14546     -2.11007
     -2.07583     -2.04268     -2.01057     -1.97946     -1.94930     -1.92004
     -1.89164     -1.86408     -1.83731     -1.81129     -1.78600     -1.76141
     -1.73748     -1.71420     -1.69153     -1.66946     -1.64795     -1.62699
     -1.60656     -1.58663     -1.56719     -1.54822     -1.52971     -1.51163
     -1.49398     -1.47673     -1.45988     -1.44341     -1.42730     -1.41155
     -1.39614     -1.38107     -1.36632     -1.35188     -1.33774
     -4.04508     -3.92109     -3.80447     -3.69459     -3.59088     -3.49283
     -3.39999     -3.31196     -3.22838     -3.14891     -3.07325     -3.00115
     -2.93236     -2.86664     -2.80381     -2.74367     -2.68606     -2.63082
     -2.57780     -2.52688     -2.47793     -2.43085     -2.38551     -2.34184
     -2.29973     -2.25911     -2.21990     -2.18204     -2.14545     -2.11007
     -2.07583     -2.04268     -2.01057     -1.97946     -1.94930     -1.92004
     -1.89164     -1.86408     -1.83731     -1.81129     -1.78600     -1.76141
     -1.73748     -1.71420     -1.69153     -1.66946     -1.64795     -1.62699
     -1.60656     -1.58663     -1.56719     -1.54822     -1.52971     -1.51163
     -1.49398     -1.47673     -1.45988     -1.44341     -1.42730     -1.41155
     -1.39614     -1.38107     -1.36632     -1.35188     -1.33774
     -4.04508     -3.92109     -3.80447     -3.69459     -3.59088     -3.49283
     -3.39999     -3.31196     -3.22838     -3.14891     -3.07325     -3.00115
     -2.93236     -2.86664     -2.80381     -2.74367     -2.68606     -2.63082
     -2.57780     -2.52688     -2.47793     -2.43085     -2.38551     -2.34182
     -2.29971     -2.25909     -2.21988     -2.18201     -2.14542     -2.11005
     -2.07582     -2.04268     -2.01057     -1.97946     -1.94930     -1.92004
     -1.89164     -1.86408     -1.83731     -1.81129     -1.78600     -1.76141
     -1.73748     -1.71420     -1.69153     -1.66946     -1.64795     -1.62699
     -1.60656     -1.58663     -1.56719     -1.54822     -1.52971     -1.51163
     -1.49398     -1.47673     -1.45988     -1.44341     -1.42730     -1.41155
     -1.39614     -1.38107     -1.36632     -1.35188     -1.33774
     -4.04508     -3.92109     -3.80447     -3.69459     -3.59088     -3.49283
     -3.39999     -3.31196     -3.22838     -3.14891     -3.07325     -3.00115
     -2.93236     -2.86664     -2.80381     -2.74367     -2.68606     -2.63082
     -2.57780     -2.52688     -2.47793     -2.43085     -2.38549     -2.34180
     -2.29969     -2.25906     -2.21985     -2.18198     -2.14539     -2.11001
     -2.07578     -2.04265     -2.01056     -1.97946     -1.94930     -1.92004
     -1.89164     -1.86408     -1.83731     -1.81129     -1.78600     -1.76141
     -1.73748     -1.71420     -1.69153     -1.66946     -1.64795     -1.62699
     -1.60656     -1.58663     -1.56719     -1.54822     -1.52971     -1.51163
     -1.49398     -1.47673     -1.45988     -1.44341     -1.42730     -1.41155
     -1.39614     -1.38107     -1.36632     -1.35188     -1.33774
     -4.04508     -3.92109     -3.80447     -3.69459     -3.59088     -3.49283
     -3.39999     -3.31196     -3.22838     -3.14891     -3.07325     -3.00115
     -2.93236     -2.86664     -2.80381     -2.74367     -2.68606     -2.63082
     -2.57780     -2.52688     -2.47793     -2.43082     -2.38546     -2.34177
     -2.29966     -2.25904     -2.21983     -2.18196     -2.14536     -2.10998
     -2.07574     -2.04261     -2.01051     -1.97942     -1.94929     -1.92004
     -1.89164     -1.86408     -1.83731     -1.81129     -1.78600     -1.76141
     -1.73748     -1.71420     -1.69153     -1.66946     -1.64795     -1.62699
     -1.60656     -1.58663     -1.56719     -1.54822     -1.52971     -1.51163
     -1.49398     -1.47673     -1.45988     -1.44341     -1.42730     -1.41155
     -1.39614     -1.38107     -1.36632     -1.35188     -1.33774
     -4.04508     -3.92109     -3.80447     -3.69459     -3.59088     -3.49283
     -3.39999     -3.31196     -3.22838     -3.14891     -3.07325     -3.00115
     -2.93236     -2.86664     -2.80381     -2.74367     -2.68606     -2.63082
     -2.57780     -2.52688     -2.47791     -2.43079     -2.38543     -2.34174
     -2.29963     -2.25902     -2.21981     -2.18195     -2.14535     -2.10996
     -2.07572     -2.04258     -2.01048     -1.97938     -1.94923     -1.92000
     -1.89164     -1.86408     -1.83731     -1.81129     -1.78600     -1.76141
     -1.73748     -1.71420     -1.69153     -1.66946     -1.64795     -1.62699
     -1.60656     -1.58663     -1.56719     -1.54822     -1.52971     -1.51163
     -1.49398     -1.47673     -1.45988     -1.44341     -1.42730     -1.41155
     -1.39614     -1.38107     -1.36632     -1.35188     -1.33774
     -4.04508     -3.92109     -3.80447     -3.69459     -3.59088     -3.49283
     -3.39999     -3.31196     -3.22838     -3.14891     -3.07325     -3.00115
     -2.93236     -2.86664     -2.80381     -2.74367     -2.68606     -2.63082
     -2.57780     -2.52686     -2.47787     -2.43076     -2.38541     -2.34173
     -2.29963     -2.25903     -2.21983     -2.18198     -2.14539     -2.11000
     -2.07576     -2.04260     -2.01049     -1.97937     -1.94920     -1.91995
     -1.89157     -1.86404     -1.83731     -1.81129     -1.78600     -1.76141
     -1.73748     -1.71420     -1.69153     -1.66946     -1.64795     -1.62699
     -1.60656     -1.58663     -1.56719     -1.54822     -1.52971     -1.51163
     -1.49398     -1.47673     -1.45988     -1.44341     -1.42730     -1.41155
     -1.39614     -1.38107     -1.36632     -1.35188     -1.33774
     -4.04508     -3.92109     -3.80447     -3.69459     -3.59088     -3.49283
     -3.39999     -3.31196     -3.22838     -3.14891     -3.07325     -3.00115
     -2.93236     -2.86664     -2.80381     -2.74367     -2.68606     -2.63082
     -2.57779     -2.52682     -2.47784     -2.43073     -2.38540     -2.34174
     -2.29967     -2.25909     -2.21993     -2.18209     -2.14552     -2.11014
     -2.07590     -2.04274     -2.01060     -1.97946     -1.94926     -1.91997
     -1.89156     -1.86399     -1.83723     -1.81125     -1.78600     -1.76141
     -1.73748     -1.71420     -1.69153     -1.66946     -1.64795     -1.62699
     -1.60656     -1.58663     -1.56719     -1.54822     -1.52971     -1.51163
     -1.49398     -1.47673     -1.45988     -1.44341     -1.42730     -1.41155
     -1.39614     -1.38107     -1.36632     -1.35188     -1.33774
     -4.04508     -3.92109     -3.80447     -3.69459     -3.59088     -3.49283
     -3.39999     -3.31196     -3.22838     -3.14891     -3.07325     -3.00115
     -2.93236     -2.86664     -2.80381     -2.74367     -2.68606     -2.63082
     -2.57775     -2.52678     -2.47781     -2.43073     -2.38544     -2.34182
     -2.29980     -2.25927     -2.22015     -2.18236     -2.14583     -2.11047
     -2.07624     -2.04308     -2.01092     -1.97974     -1.94950     -1.92015
     -1.89167     -1.86404     -1.83723     -1.81120     -1.78593     -1.76138
     -1.73748     -1.71420     -1.69153     -1.66946     -1.64795     -1.62699
     -1.60656     -1.58663     -1.56719     -1.54822     -1.52971     -1.51163
     -1.49398     -1.47673     -1.45988     -1.44341     -1.42730     -1.41155
     -1.39614     -1.38107     -1.36632     -1.35188     -1.33774
     -4.04508     -3.92109     -3.80447     -3.69459     -3.59088     -3.49283
     -3.39999     -3.31196     -3.22838     -3.14891     -3.07325     -3.00115
     -2.93236     -2.86664     -2.80381     -2.74367     -2.68606     -2.63077
     -2.57770     -2.52676     -2.47783     -2.43080     -2.38556     -2.34202
     -2.30008     -2.25963     -2.22060     -2.18289     -2.14642     -2.11112
     -2.07692     -2.04376     -2.01159     -1.98037     -1.95006     -1.92064
     -1.89206     -1.86433     -1.83741     -1.81129     -1.78593     -1.76132
     -1.73742     -1.71419     -1.69153     -1.66946     -1.64795     -1.62699
     -1.60656     -1.58663     -1.56719     -1.54822     -1.52971     -1.51163
     -1.49398     -1.47673     -1.45988     -1.44341     -1.42730     -1.41155
     -1.39614     -1.38107     -1.36632     -1.35188     -1.33774
     -4.04508     -3.92109     -3.80447     -3.69459     -3.59088     -3.49283
     -3.39999     -3.31196     -3.22838     -3.14891     -3.07325     -3.00115
     -2.93236     -2.86664     -2.80381     -2.74367     -2.68602     -2.63072
     -2.57768     -2.52678     -2.47791     -2.43097     -2.38584     -2.34243
     -2.30062     -2.26031     -2.22141     -2.18382     -2.14747     -2.11226
     -2.07812     -2.04499     -2.01282     -1.98155     -1.95117     -1.92163
     -1.89293     -1.86504     -1.83796     -1.81167     -1.78617     -1.76142
     -1.73742     -1.71412     -1.69149     -1.66946     -1.64795     -1.62699
     -1.60656     -1.58663     -1.56719     -1.54822     -1.52971     -1.51163
     -1.49398     -1.47673     -1.45988     -1.44341     -1.42730     -1.41155
     -1.39614     -1.38107     -1.36632     -1.35188     -1.33774
     -4.04508     -3.92109     -3.80447     -3.69459     -3.59088     -3.49283
     -3.39999     -3.31196     -3.22838     -3.14891     -3.07325     -3.00115
     -2.93236     -2.86664     -2.80381     -2.74365     -2.68597     -2.63069
     -2.57770     -2.52689     -2.47813     -2.43133     -2.38637     -2.34315
     -2.30154     -2.26145     -2.22277     -2.18539     -2.14922     -2.11416
     -2.08013     -2.04706     -2.01489     -1.98359     -1.95310     -1.92342
     -1.89452     -1.86642     -1.83910     -1.81257     -1.78682     -1.76186
     -1.73765     -1.71420     -1.69146     -1.66939     -1.64794     -1.62699
     -1.60656     -1.58663     -1.56719     -1.54822     -1.52971     -1.51163
     -1.49398     -1.47673     -1.45988     -1.44341     -1.42730     -1.41155
     -1.39614     -1.38107     -1.36632     -1.35188     -1.33774
     -4.04508     -3.92109     -3.80447     -3.69459     -3.59088     -3.49283
     -3.39999     -3.31196     -3.22838     -3.14891     -3.07325     -3.00115
     -2.93236     -2.86664     -2.80381     -2.74359     -2.68593     -2.63071
     -2.57782     -2.52714     -2.47856     -2.43197     -2.38727     -2.34433
     -2.30305     -2.26328     -2.22493     -2.18786     -2.15197     -2.11716
     -2.08331     -2.05035     -2.01822     -1.98687     -1.95625     -1.92638
     -1.89723     -1.86881     -1.84116     -1.81427     -1.78816     -1.76284
     -1.73833     -1.71460     -1.69164     -1.66941     -1.64787     -1.62696
     -1.60656     -1.58663     -1.56719     -1.54822     -1.52971     -1.51163
     -1.49398     -1.47673     -1.45988     -1.44341     -1.42730     -1.41155
     -1.39614     -1.38107     -1.36632     -1.35188     -1.33774
     -4.04508     -3.92109     -3.80447     -3.69459     -3.59088     -3.49283
     -3.39999     -3.31196     -3.22838     -3.14891     -3.07325     -3.00115
     -2.93236     -2.86664     -2.80376     -2.74355     -2.68594     -2.63082
     -2.57807     -2.52760     -2.47928     -2.43302     -2.38869     -2.34616
     -2.30534     -2.26605     -2.22819     -2.19159     -2.15612     -2.12167
     -2.08808     -2.05532     -2.02327     -1.99187     -1.96110     -1.93097
     -1.90146     -1.87262     -1.84449     -1.81710     -1.79048     -1.76466
     -1.73968     -1.71554     -1.69222     -1.66970     -1.64795     -1.62691
     -1.60651     -1.58663     -1.56719     -1.54822     -1.52971     -1.51163
     -1.49398     -1.47673     -1.45988     -1.44341     -1.42730     -1.41155
     -1.39614     -1.38107     -1.36632     -1.35188     -1.33774
     -4.04508     -3.92109     -3.80447     -3.69459     -3.59088     -3.49283
     -3.39999     -3.31196     -3.22838     -3.14891     -3.07325     -3.00115
     -2.93236     -2.86662     -2.80370     -2.74354     -2.68603     -2.63106
     -2.57854     -2.52835     -2.48040     -2.43458     -2.39077     -2.34885
     -2.30866     -2.27006     -2.23286     -2.19692     -2.16207     -2.12814
     -2.09498     -2.06249     -2.03056     -1.99914     -1.96819     -1.93771
     -1.90775     -1.87834     -1.84955     -1.82146     -1.79412     -1.76761
     -1.74197     -1.71723     -1.69339     -1.67043     -1.64833     -1.62704
     -1.60648     -1.58658     -1.56719     -1.54822     -1.52971     -1.51163
     -1.49398     -1.47673     -1.45988     -1.44341     -1.42730     -1.41155
     -1.39614     -1.38107     -1.36632     -1.35188     -1.33774
     -4.04508     -3.92109     -3.80447     -3.69459     -3.59088     -3.49283
     -3.39999     -3.31196     -3.22838     -3.14891     -3.07325     -3.00115
     -2.93236     -2.86657     -2.80367     -2.74360     -2.68623     -2.63148
     -2.57926     -2.52946     -2.48203     -2.43681     -2.39370     -2.35256
     -2.31324     -2.27555     -2.23929     -2.20424     -2.17023     -2.13703
     -2.10446     -2.07235     -2.04065     -2.00922     -1.97803     -1.94714
     -1.91656     -1.88640     -1.85676     -1.82773     -1.79945     -1.77200
     -1.74546     -1.71991     -1.69533     -1.67176     -1.64916     -1.62747
     -1.60663     -1.58656     -1.56714     -1.54822     -1.52971     -1.51163
     -1.49398     -1.47673     -1.45988     -1.44341     -1.42730     -1.41155
     -1.39614     -1.38107     -1.36632     -1.35188     -1.33774
     -4.04508     -3.92109     -3.80447     -3.69459     -3.59088     -3.49283
     -3.39999     -3.31196     -3.22838     -3.14891     -3.07325     -3.00115
     -2.93233     -2.86652     -2.80369     -2.74373     -2.68657     -2.63210
     -2.58028     -2.53101     -2.48421     -2.43977     -2.39757     -2.35745
     -2.31925     -2.28273     -2.24767     -2.21379     -2.18088     -2.14864
     -2.11685     -2.08532     -2.05388     -2.02246     -1.99103     -1.95961
     -1.92828     -1.89717     -1.86641     -1.83622     -1.80671     -1.77805
     -1.75036     -1.72374     -1.69822     -1.67382     -1.65054     -1.62830
     -1.60706     -1.58670     -1.56712     -1.54819     -1.52971     -1.51163
     -1.49398     -1.47673     -1.45988     -1.44341     -1.42730     -1.41155
     -1.39614     -1.38107     -1.36632     -1.35188     -1.33774
     -4.04508     -3.92109     -3.80447     -3.69459     -3.59088     -3.49283
     -3.39999     -3.31196     -3.22838     -3.14891     -3.07325     -3.00115
     -2.93228     -2.86650     -2.80376     -2.74397     -2.68705     -2.63295
     -2.58162     -2.53299     -2.48697     -2.44347     -2.40239     -2.36352
     -2.32669     -2.29161     -2.25802     -2.22561     -2.19407     -2.16301
     -2.13221     -2.10137     -2.07035     -2.03898     -2.00725     -1.97519
     -1.94295     -1.91068     -1.87862     -1.84697     -1.81597     -1.78583
     -1.75672     -1.72879     -1.70210     -1.67669     -1.65255     -1.62962
     -1.60783     -1.58707     -1.56722     -1.54815     -1.52969     -1.51163
     -1.49398     -1.47673     -1.45988     -1.44341     -1.42730     -1.41155
     -1.39614     -1.38107     -1.36632     -1.35188     -1.33774
     -4.04508     -3.92109     -3.80447     -3.69459     -3.59088     -3.49283
     -3.39999     -3.31196     -3.22838     -3.14891     -3.07325     -3.00115
     -2.93224     -2.86652     -2.80389     -2.74430     -2.68769     -2.63402
     -2.58325     -2.53535     -2.49024     -2.44785     -2.40802     -2.37059
     -2.33535     -2.30196     -2.27011     -2.23939     -2.20943     -2.17979
     -2.15016     -2.12017     -2.08959     -2.05830     -2.02625     -1.99352
     -1.96024     -1.92665     -1.89304     -1.85971     -1.82699     -1.79515
     -1.76440     -1.73494     -1.70689     -1.68029     -1.65515     -1.63140
     -1.60896     -1.58770     -1.56750     -1.54820     -1.52964     -1.51163
     -1.49398     -1.47673     -1.45988     -1.44341     -1.42730     -1.41155
     -1.39614     -1.38107     -1.36632     -1.35188     -1.33774
     -4.04508     -3.92109     -3.80447     -3.69459     -3.59088     -3.49283
     -3.39999     -3.31196     -3.22838     -3.14891     -3.07325     -3.00111
     -2.93222     -2.86657     -2.80408     -2.74471     -2.68843     -2.63522
     -2.58507     -2.53796     -2.49383     -2.45260     -2.41416     -2.37830
     -2.34476     -2.31320     -2.28320     -2.25434     -2.22611     -2.19803
     -2.16966     -2.14060     -2.11055     -2.07938     -2.04699     -2.01352
     -1.97913     -1.94412     -1.90886     -1.87374     -1.83916     -1.80544
     -1.77294     -1.74184     -1.71231     -1.68443     -1.65819     -1.63353
     -1.61038     -1.58857     -1.56795     -1.54837     -1.52965     -1.51159
     -1.49398     -1.47673     -1.45988     -1.44341     -1.42730     -1.41155
     -1.39614     -1.38107     -1.36632     -1.35188     -1.33774
     -4.04508     -3.92109     -3.80447     -3.69459     -3.59088     -3.49283
     -3.39999     -3.31196     -3.22838     -3.14891     -3.07325     -3.00107
     -2.93221     -2.86664     -2.80430     -2.74516     -2.68922     -2.63647
     -2.58692     -2.54060     -2.49744     -2.45739     -2.42030     -2.38600
     -2.35416     -2.32441     -2.29630     -2.26927     -2.24279     -2.21625
     -2.18915     -2.16102     -2.13153     -2.10044     -2.06775     -2.03354
     -1.99805     -1.96163     -1.92475     -1.88784     -1.85141     -1.81586
     -1.78159     -1.74886     -1.71787     -1.68871     -1.66138     -1.63583
     -1.61195     -1.58957     -1.56853     -1.54865     -1.52972     -1.51156
     -1.49398     -1.47673     -1.45988     -1.44341     -1.42730     -1.41155
     -1.39614     -1.38107     -1.36632     -1.35188     -1.33774
     -4.04508     -3.92109     -3.80447     -3.69459     -3.59088     -3.49283
     -3.39999     -3.31196     -3.22838     -3.14891     -3.07325     -3.00105
     -2.93222     -2.86673     -2.80452     -2.74560     -2.68995     -2.63761
     -2.58863     -2.54300     -2.50070     -2.46171     -2.42585     -2.39292
     -2.36261     -2.33448     -2.30801     -2.28265     -2.25769     -2.23254
     -2.20659     -2.17928     -2.15027     -2.11929     -2.08632     -2.05144
     -2.01498     -1.97733     -1.93897     -1.90050     -1.86242     -1.82524
     -1.78940     -1.75522     -1.72291     -1.69262     -1.66432     -1.63797
     -1.61344     -1.59056     -1.56913     -1.54896     -1.52984     -1.51157
     -1.49394     -1.47673     -1.45988     -1.44341     -1.42730     -1.41155
     -1.39614     -1.38107     -1.36632     -1.35188     -1.33774
     -4.04508     -3.92109     -3.80447     -3.69459     -3.59088     -3.49283
     -3.39999     -3.31196     -3.22838     -3.14891     -3.07325     -3.00103
     -2.93224     -2.86681     -2.80471     -2.74595     -2.69055     -2.63854
     -2.58997     -2.54488     -2.50325     -2.46505     -2.43011     -2.39825
     -2.36909     -2.34218     -2.31698     -2.29284     -2.26906     -2.24494
     -2.21982     -2.19314     -2.16448     -2.13357     -2.10037     -2.06500
     -2.02780     -1.98920     -1.94974     -1.91007     -1.87073     -1.83234
     -1.79531     -1.76003     -1.72677     -1.69560     -1.66658     -1.63963
     -1.61461     -1.59134     -1.56962     -1.54924     -1.52996     -1.51159
     -1.49392     -1.47673     -1.45988     -1.44341     -1.42730     -1.41155
     -1.39614     -1.38107     -1.36632     -1.35188     -1.33774
     -4.04508     -3.92109     -3.80447     -3.69459     -3.59088     -3.49283
     -3.39999     -3.31196     -3.22838     -3.14891     -3.07324     -3.00102
     -2.93225     -2.86686     -2.80484     -2.74618     -2.69091     -2.63910
     -2.59078     -2.54599     -2.50474     -2.46697     -2.43256     -2.40125
     -2.37273     -2.34649     -2.32197     -2.29848     -2.27532     -2.25174
     -2.22706     -2.20070     -2.17220     -2.14130     -2.10797     -2.07232
     -2.03469     -1.99557     -1.95552     -1.91519     -1.87518     -1.83612
     -1.79846     -1.76262     -1.72881     -1.69720     -1.66779     -1.64051
     -1.61524     -1.59178     -1.56990     -1.54940     -1.53004     -1.51161
     -1.49391     -1.47673     -1.45988     -1.44341     -1.42730     -1.41155
     -1.39614     -1.38107     -1.36632     -1.35188     -1.33774
     -4.04508     -3.92109     -3.80447     -3.69459     -3.59088     -3.49283
     -3.39999     -3.31196     -3.22838     -3.14891     -3.07324     -3.00102
     -2.93225     -2.86688     -2.80488     -2.74624     -2.69100     -2.63922
     -2.59092     -2.54617     -2.50494     -2.46721     -2.43281     -2.40153
     -2.37302     -2.34678     -2.32226     -2.29876     -2.27557     -2.25196
     -2.22725     -2.20084     -2.17230     -2.14135     -2.10798     -2.07230
     -2.03464     -1.99549     -1.95542     -1.91508     -1.87507     -1.83601
     -1.79835     -1.76252     -1.72873     -1.69714     -1.66773     -1.64047
     -1.61521     -1.59176     -1.56989     -1.54939     -1.53003     -1.51161
     -1.49391     -1.47673     -1.45988     -1.44341     -1.42730     -1.41155
     -1.39614     -1.38107     -1.36632     -1.35188     -1.33774
     -4.04508     -3.92109     -3.80447     -3.69459     -3.59088     -3.49283
     -3.39999     -3.31196     -3.22838     -3.14891     -3.07324     -3.00102
     -2.93225     -2.86686     -2.80482     -2.74613     -2.69080     -2.63886
     -2.59040     -2.54538     -2.50386     -2.46572     -2.43087     -2.39905
     -2.36990     -2.34300     -2.31780     -2.29362     -2.26976     -2.24555
     -2.22034     -2.19353     -2.16474     -2.13370     -2.10039     -2.06492
     -2.02762     -1.98896     -1.94945     -1.90975     -1.87040     -1.83201
     -1.79501     -1.75977     -1.72653     -1.69541     -1.66642     -1.63951
     -1.61453     -1.59129     -1.56959     -1.54922     -1.52996     -1.51159
     -1.49392     -1.47673     -1.45988     -1.44341     -1.42730     -1.41155
     -1.39614     -1.38107     -1.36632     -1.35188     -1.33774
     -4.04508     -3.92109     -3.80447     -3.69459     -3.59088     -3.49283
     -3.39999     -3.31196     -3.22838     -3.14891     -3.07325     -3.00103
     -2.93224     -2.86680     -2.80468     -2.74585     -2.69033     -2.63813
     -2.58927     -2.54377     -2.50162     -2.46273     -2.42697     -2.39413
     -2.36386     -2.33574     -2.30924     -2.28379     -2.25872     -2.23342
     -2.20731     -2.17982     -2.15061     -2.11944     -2.08629     -2.05125
     -2.01465     -1.97691     -1.93849     -1.89997     -1.86188     -1.82473
     -1.78892     -1.75479     -1.72255     -1.69232     -1.66408     -1.63778
     -1.61331     -1.59047     -1.56908     -1.54893     -1.52983     -1.51156
     -1.49394     -1.47673     -1.45988     -1.44341     -1.42730     -1.41155
     -1.39614     -1.38107     -1.36632     -1.35188     -1.33774
     -4.04508     -3.92109     -3.80447     -3.69459     -3.59088     -3.49283
     -3.39999     -3.31196     -3.22838     -3.14891     -3.07325     -3.00104
     -2.93222     -2.86672     -2.80449     -2.74547     -2.68968     -2.63709
     -2.58772     -2.54154     -2.49854     -2.45864     -2.42168     -2.38745
     -2.35565     -2.32590     -2.29771     -2.27060     -2.24396     -2.21724
     -2.18992     -2.16155     -2.13183     -2.10051     -2.06761     -2.03320
     -1.99755     -1.96104     -1.92406     -1.88713     -1.85071     -1.81519
     -1.78096     -1.74831     -1.71741     -1.68832     -1.66108     -1.63560
     -1.61179     -1.58947     -1.56847     -1.54862     -1.52971     -1.51156
     -1.49398     -1.47673     -1.45988     -1.44341     -1.42730     -1.41155
     -1.39614     -1.38107     -1.36632     -1.35188     -1.33774
     -4.04508     -3.92109     -3.80447     -3.69459     -3.59088     -3.49283
     -3.39999     -3.31196     -3.22838     -3.14891     -3.07325     -3.00106
     -2.93221     -2.86664     -2.80427     -2.74504     -2.68892     -2.63588
     -2.58591     -2.53897     -2.49501     -2.45394     -2.41561     -2.37982
     -2.34629     -2.31471     -2.28464     -2.25566     -2.22725     -2.19894
     -2.17034     -2.14102     -2.11070     -2.07928     -2.04667     -2.01301
     -1.97846     -1.94334     -1.90803     -1.87289     -1.83832     -1.80467
     -1.77222     -1.74121     -1.71179     -1.68401     -1.65786     -1.63330
     -1.61021     -1.58846     -1.56790     -1.54835     -1.52964     -1.51160
     -1.49398     -1.47673     -1.45988     -1.44341     -1.42730     -1.41155
     -1.39614     -1.38107     -1.36632     -1.35188     -1.33774
     -4.04508     -3.92109     -3.80447     -3.69459     -3.59088     -3.49283
     -3.39999     -3.31196     -3.22838     -3.14891     -3.07325     -3.00109
     -2.93221     -2.86657     -2.80406     -2.74461     -2.68816     -2.63467
     -2.58408     -2.53634     -2.49139     -2.44912     -2.40939     -2.37204
     -2.33678     -2.30335     -2.27138     -2.24051     -2.21037     -2.18051
     -2.15062     -2.12036     -2.08953     -2.05799     -2.02573     -1.99282
     -1.95941     -1.92573     -1.89209     -1.85877     -1.82609     -1.79429
     -1.76366     -1.73430     -1.70636     -1.67987     -1.65482     -1.63116
     -1.60880     -1.58760     -1.56746     -1.54819     -1.52964     -1.51163
     -1.49398     -1.47673     -1.45988     -1.44341     -1.42730     -1.41155
     -1.39614     -1.38107     -1.36632     -1.35188     -1.33774
     -4.04508     -3.92109     -3.80447     -3.69459     -3.59088     -3.49283
     -3.39999     -3.31196     -3.22838     -3.14891     -3.07325     -3.00112
     -2.93223     -2.86652     -2.80388     -2.74423     -2.68747     -2.63353
     -2.58237     -2.53389     -2.48800     -2.44462     -2.40360     -2.36476
     -2.32789     -2.29276     -2.25906     -2.22648     -2.19472     -2.16345
     -2.13240     -2.10131     -2.07005     -2.03846     -2.00655     -1.97436
     -1.94201     -1.90970     -1.87761     -1.84599     -1.81505     -1.78499
     -1.75600     -1.72817     -1.70159     -1.67629     -1.65224     -1.62941
     -1.60770     -1.58700     -1.56720     -1.54815     -1.52970     -1.51163
     -1.49398     -1.47673     -1.45988     -1.44341     -1.42730     -1.41155
     -1.39614     -1.38107     -1.36632     -1.35188     -1.33774
     -4.04508     -3.92109     -3.80447     -3.69459     -3.59088     -3.49283
     -3.39999     -3.31196     -3.22838     -3.14891     -3.07325     -3.00115
     -2.93226     -2.86650     -2.80376     -2.74392     -2.68689     -2.63258
     -2.58090     -2.53176     -2.48507     -2.44070     -2.39856     -2.35844
     -2.32019     -2.28358     -2.24839     -2.21435     -2.18123     -2.14877
     -2.11676     -2.08501     -2.05337     -2.02177     -1.99020     -1.95865
     -1.92727     -1.89613     -1.86542     -1.83526     -1.80583     -1.77728
     -1.74971     -1.72319     -1.69779     -1.67350     -1.65030     -1.62815
     -1.60697     -1.58666     -1.56712     -1.54820     -1.52971     -1.51163
     -1.49398     -1.47673     -1.45988     -1.44341     -1.42730     -1.41155
     -1.39614     -1.38107     -1.36632     -1.35188     -1.33774
     -4.04508     -3.92109     -3.80447     -3.69459     -3.59088     -3.49283
     -3.39999     -3.31196     -3.22838     -3.14891     -3.07325     -3.00115
     -2.93230     -2.86651     -2.80369     -2.74371     -2.68646     -2.63183
     -2.57973     -2.53004     -2.48268     -2.43752     -2.39444     -2.35329
     -2.31390     -2.27610     -2.23970     -2.20450     -2.17030     -2.13690
     -2.10413     -2.07186     -2.03996     -2.00840     -1.97713     -1.94617
     -1.91558     -1.88543     -1.85581     -1.82688     -1.79869     -1.77134
     -1.74492     -1.71946     -1.69500     -1.67151     -1.64899     -1.62737
     -1.60659     -1.58655     -1.56716     -1.54822     -1.52971     -1.51163
     -1.49398     -1.47673     -1.45988     -1.44341     -1.42730     -1.41155
     -1.39614     -1.38107     -1.36632     -1.35188     -1.33774
     -4.04508     -3.92109     -3.80447     -3.69459     -3.59088     -3.49283
     -3.39999     -3.31196     -3.22838     -3.14891     -3.07325     -3.00115
     -2.93235     -2.86655     -2.80367     -2.74359     -2.68617     -2.63130
     -2.57886     -2.52876     -2.48087     -2.43509     -2.39128     -2.34931
     -2.30904     -2.27034     -2.23301     -2.19693     -2.16191     -2.12781
     -2.09449     -2.06186     -2.02981     -1.99829     -1.96728     -1.93679
     -1.90683     -1.87746     -1.84874     -1.82072     -1.79349     -1.76709
     -1.74155     -1.71690     -1.69315     -1.67027     -1.64824     -1.62700
     -1.60648     -1.58659     -1.56719     -1.54822     -1.52971     -1.51163
     -1.49398     -1.47673     -1.45988     -1.44341     -1.42730     -1.41155
     -1.39614     -1.38107     -1.36632     -1.35188     -1.33774
     -4.04508     -3.92109     -3.80447     -3.69459     -3.59088     -3.49283
     -3.39999     -3.31196     -3.22838     -3.14891     -3.07325     -3.00115
     -2.93236     -2.86660     -2.80369     -2.74354     -2.68600     -2.63096
     -2.57828     -2.52786     -2.47958     -2.43332     -2.38898     -2.34642
     -2.30551     -2.26613     -2.22814     -2.19141     -2.15581     -2.12120
     -2.08752     -2.05463     -2.02248     -1.99104     -1.96026     -1.93011
     -1.90066     -1.87188     -1.84381     -1.81651     -1.78998     -1.76427
     -1.73939     -1.71532     -1.69208     -1.66963     -1.64792     -1.62691
     -1.60652     -1.58663     -1.56719     -1.54822     -1.52971     -1.51163
     -1.49398     -1.47673     -1.45988     -1.44341     -1.42730     -1.41155
     -1.39614     -1.38107     -1.36632     -1.35188     -1.33774
     -4.04508     -3.92109     -3.80447     -3.69459     -3.59088     -3.49283
     -3.39999     -3.31196     -3.22838     -3.14891     -3.07325     -3.00115
     -2.93236     -2.86664     -2.80374     -2.74355     -2.68593     -2.63077
     -2.57792     -2.52728     -2.47872     -2.43214     -2.38741     -2.34443
     -2.30307     -2.26321     -2.22476     -2.18758     -2.15158     -2.11665
     -2.08271     -2.04968     -2.01749     -1.98612     -1.95551     -1.92566
     -1.89655     -1.86820     -1.84063     -1.81383     -1.78781     -1.76259
     -1.73815     -1.71449     -1.69158     -1.66939     -1.64788     -1.62697
     -1.60656     -1.58663     -1.56719     -1.54822     -1.52971     -1.51163
     -1.49398     -1.47673     -1.45988     -1.44341     -1.42730     -1.41155
     -1.39614     -1.38107     -1.36632     -1.35188     -1.33774
     -4.04508     -3.92109     -3.80447     -3.69459     -3.59088     -3.49283
     -3.39999     -3.31196     -3.22838     -3.14891     -3.07325     -3.00115
     -2.93236     -2.86664     -2.80380     -2.74359     -2.68594     -2.63069
     -2.57774     -2.52695     -2.47821     -2.43140     -2.38642     -2.34314
     -2.30147     -2.26131     -2.22254     -2.18507     -2.14880     -2.11367
     -2.07957     -2.04645     -2.01426     -1.98295     -1.95249     -1.92285
     -1.89401     -1.86597     -1.83873     -1.81228     -1.78661     -1.76171
     -1.73757     -1.71416     -1.69145     -1.66940     -1.64795     -1.62699
     -1.60656     -1.58663     -1.56719     -1.54822     -1.52971     -1.51163
     -1.49398     -1.47673     -1.45988     -1.44341     -1.42730     -1.41155
     -1.39614     -1.38107     -1.36632     -1.35188     -1.33774
     -4.04508     -3.92109     -3.80447     -3.69459     -3.59088     -3.49283
     -3.39999     -3.31196     -3.22838     -3.14891     -3.07325     -3.00115
     -2.93236     -2.86664     -2.80381     -2.74365     -2.68598     -2.63070
     -2.57768     -2.52680     -2.47794     -2.43098     -2.38583     -2.34236
     -2.30050     -2.26013     -2.22116     -2.18351     -2.14709     -2.11182
     -2.07764     -2.04449     -2.01230     -1.98105     -1.95070     -1.92121
     -1.89256     -1.86474     -1.83773     -1.81151     -1.78606     -1.76137
     -1.73740     -1.71413     -1.69151     -1.66946     -1.64795     -1.62699
     -1.60656     -1.58663     -1.56719     -1.54822     -1.52971     -1.51163
     -1.49398     -1.47673     -1.45988     -1.44341     -1.42730     -1.41155
     -1.39614     -1.38107     -1.36632     -1.35188     -1.33774
     -4.04508     -3.92109     -3.80447     -3.69459     -3.59088     -3.49283
     -3.39999     -3.31196     -3.22838     -3.14891     -3.07325     -3.00115
     -2.93236     -2.86664     -2.80381     -2.74367     -2.68604     -2.63074
     -2.57769     -2.52676     -2.47783     -2.43079     -2.38553     -2.34195
     -2.29996     -2.25947     -2.22038     -2.18261     -2.14610     -2.11076
     -2.07653     -2.04337     -2.01121     -1.98002     -1.94974     -1.92037
     -1.89185     -1.86417     -1.83731     -1.81123     -1.78591     -1.76133
     -1.73745     -1.71420     -1.69153     -1.66946     -1.64795     -1.62699
     -1.60656     -1.58663     -1.56719     -1.54822     -1.52971     -1.51163
     -1.49398     -1.47673     -1.45988     -1.44341     -1.42730     -1.41155
     -1.39614     -1.38107     -1.36632     -1.35188     -1.33774
     -4.04508     -3.92109     -3.80447     -3.69459     -3.59088     -3.49283
     -3.39999     -3.31196     -3.22838     -3.14891     -3.07325     -3.00115
     -2.93236     -2.86664     -2.80381     -2.74367     -2.68606     -2.63080
     -2.57774     -2.52678     -2.47782     -2.43073     -2.38541     -2.34177
     -2.29971     -2.25914     -2.21998     -2.18216     -2.14559     -2.11022
     -2.07598     -2.04282     -2.01068     -1.97953     -1.94932     -1.92001
     -1.89158     -1.86399     -1.83722     -1.81122     -1.78596     -1.76141
     -1.73748     -1.71420     -1.69153     -1.66946     -1.64795     -1.62699
     -1.60656     -1.58663     -1.56719     -1.54822     -1.52971     -1.51163
     -1.49398     -1.47673     -1.45988     -1.44341     -1.42730     -1.41155
     -1.39614     -1.38107     -1.36632     -1.35188     -1.33774
     -4.04508     -3.92109     -3.80447     -3.69459     -3.59088     -3.49283
     -3.39999     -3.31196     -3.22838     -3.14891     -3.07325     -3.00115
     -2.93236     -2.86664     -2.80381     -2.74367     -2.68606     -2.63082
     -2.57780     -2.52684     -2.47786     -2.43075     -2.38540     -2.34173
     -2.29963     -2.25903     -2.21983     -2.18198     -2.14539     -2.11000
     -2.07576     -2.04261     -2.01049     -1.97937     -1.94920     -1.91994
     -1.89156     -1.86402     -1.83728     -1.81129     -1.78600     -1.76141
     -1.73748     -1.71420     -1.69153     -1.66946     -1.64795     -1.62699
     -1.60656     -1.58663     -1.56719     -1.54822     -1.52971     -1.51163
     -1.49398     -1.47673     -1.45988     -1.44341     -1.42730     -1.41155
     -1.39614     -1.38107     -1.36632     -1.35188     -1.33774
     -4.04508     -3.92109     -3.80447     -3.69459     -3.59088     -3.49283
     -3.39999     -3.31196     -3.22838     -3.14891     -3.07325     -3.00115
     -2.93236     -2.86664     -2.80381     -2.74367     -2.68606     -2.63082
     -2.57780     -2.52688     -2.47792     -2.43080     -2.38545     -2.34176
     -2.29965     -2.25903     -2.21982     -2.18195     -2.14535     -2.10996
     -2.07573     -2.04258     -2.01048     -1.97938     -1.94924     -1.92000
     -1.89164     -1.86408     -1.83731     -1.81129     -1.78600     -1.76141
     -1.73748     -1.71420     -1.69153     -1.66946     -1.64795     -1.62699
     -1.60656     -1.58663     -1.56719     -1.54822     -1.52971     -1.51163
     -1.49398     -1.47673     -1.45988     -1.44341     -1.42730     -1.41155
     -1.39614     -1.38107     -1.36632     -1.35188     -1.33774
     -4.04508     -3.92109     -3.80447     -3.69459     -3.59088     -3.49283
     -3.39999     -3.31196     -3.22838     -3.14891     -3.07325     -3.00115
     -2.93236     -2.86664     -2.80381     -2.74367     -2.68606     -2.63082
     -2.57780     -2.52688     -2.47793     -2.43085     -2.38551     -2.34182
     -2.29970     -2.25908     -2.21987     -2.18200     -2.14540     -2.11002
     -2.07578     -2.04264     -2.01055     -1.97946     -1.94930     -1.92004
     -1.89164     -1.86408     -1.83731     -1.81129     -1.78600     -1.76141
     -1.73748     -1.71420     -1.69153     -1.66946     -1.64795     -1.62699
     -1.60656     -1.58663     -1.56719     -1.54822     -1.52971     -1.51163
     -1.49398     -1.47673     -1.45988     -1.44341     -1.42730     -1.41155
     -1.39614     -1.38107     -1.36632     -1.35188     -1.33774
     -4.04508     -3.92109     -3.80447     -3.69459     -3.59088     -3.49283
     -3.39999     -3.31196     -3.22838     -3.14891     -3.07325     -3.00115
     -2.93236     -2.86664     -2.80381     -2.74367     -2.68606     -2.63082
     -2.57780     -2.52688     -2.47793     -2.43085     -2.38551     -2.34184
     -2.29974     -2.25913     -2.21992     -2.18205     -2.14546     -2.11007
     -2.07583     -2.04268     -2.01057     -1.97946     -1.94930     -1.92004
     -1.89164     -1.86408     -1.83731     -1.81129     -1.78600     -1.76141
     -1.73748     -1.71420     -1.69153     -1.66946     -1.64795     -1.62699
     -1.60656     -1.58663     -1.56719     -1.54822     -1.52971     -1.51163
     -1.49398     -1.47673     -1.45988     -1.44341     -1.42730     -1.41155
     -1.39614     -1.38107     -1.36632     -1.35188     -1.33774
     -4.04508     -3.92109     -3.80447     -3.69459     -3.59088     -3.49283
     -3.39999     -3.31196     -3.22838     -3.14891     -3.07325     -3.00115
     -2.93236     -2.86664     -2.80381     -2.74367     -2.68606     -2.63082
     -2.57780     -2.52688     -2.47793     -2.43085     -2.38551     -2.34184
     -2.29974     -2.25913     -2.21992     -2.18205     -2.14546     -2.11007
     -2.07583     -2.04268     -2.01057     -1.97946     -1.94930     -1.92004
     -1.89164     -1.86408     -1.83731     -1.81129     -1.78600     -1.76141
     -1.73748     -1.71420     -1.69153     -1.66946     -1.64795     -1.62699
     -1.60656     -1.58663     -1.56719     -1.54822     -1.52971     -1.51163
     -1.49398     -1.47673     -1.45988     -1.44341     -1.42730     -1.41155
     -1.39614     -1.38107     -1.36632     -1.35188     -1.33774
     -4.04508     -3.92109     -3.80447     -3.69459     -3.59088     -3.49283
     -3.39999     -3.31196     -3.22838     -3.14891     -3.07325     -3.00115
     -2.93236     -2.86664     -2.80381     -2.74367     -2.68606     -2.63082
     -2.57780     -2.52688     -2.47793     -2.43085     -2.38551     -2.34184
     -2.29974     -2.25913     -2.21992     -2.18205     -2.14546     -2.11007
     -2.07583     -2.04268     -2.01057     -1.97946     -1.94930     -1.92004
     -1.89164     -1.86408     -1.83731     -1.81129     -1.78600     -1.76141
     -1.73748     -1.71420     -1.69153     -1.66946     -1.64795     -1.62699
     -1.60656     -1.58663     -1.56719     -1.54822     -1.52971     -1.51163
     -1.49398     -1.47673     -1.45988     -1.44341     -1.42730     -1.41155
     -1.39614     -1.38107     -1.36632     -1.35188     -1.33774
     -4.04508     -3.92109     -3.80447     -3.69459     -3.59088     -3.49283
     -3.39999     -3.31196     -3.22838     -3.14891     -3.07325     -3.00115
     -2.93236     -2.86664     -2.80381     -2.74367     -2.68606     -2.63082
     -2.57780     -2.52688     -2.47793     -2.43085     -2.38551     -2.34184
     -2.29974     -2.25913     -2.21992     -2.18205     -2.14546     -2.11007
     -2.07583     -2.04268     -2.01057     -1.97946     -1.94930     -1.92004
     -1.89164     -1.86408     -1.83731     -1.81129     -1.78600     -1.76141
     -1.73748     -1.71420     -1.69153     -1.66946     -1.64795     -1.62699
     -1.60656     -1.58663     -1.56719     -1.54822     -1.52971     -1.51163
     -1.49398     -1.47673     -1.45988     -1.44341     -1.42730     -1.41155
     -1.39614     -1.38107     -1.36632     -1.35188     -1.33774
     -4.04508     -3.92109     -3.80447     -3.69459     -3.59088     -3.49283
     -3.39999     -3.31196     -3.22838     -3.14891     -3.07325     -3.00115
     -2.93236     -2.86664     -2.80381     -2.74367     -2.68606     -2.63082
     -2.57780     -2.52688     -2.47793     -2.43085     -2.38551     -2.34184
     -2.29974     -2.25913     -2.21992     -2.18205     -2.14546     -2.11007
     -2.07583     -2.04268     -2.01057     -1.97946     -1.94930     -1.92004
     -1.89164     -1.86408     -1.83731     -1.81129     -1.78600     -1.76141
     -1.73748     -1.71420     -1.69153     -1.66946     -1.64795     -1.62699
     -1.60656     -1.58663     -1.56719     -1.54822     -1.52971     -1.51163
     -1.49398     -1.47673     -1.45988     -1.44341     -1.42730     -1.41155
     -1.39614     -1.38107     -1.36632     -1.35188     -1.33774
     -4.04508     -3.92109     -3.80447     -3.69459     -3.59088     -3.49283
     -3.39999     -3.31196     -3.22838     -3.14891     -3.07325     -3.00115
     -2.93236     -2.86664     -2.80381     -2.74367     -2.68606     -2.63082
     -2.57780     -2.52688     -2.47793     -2.43085     -2.38551     -2.34184
     -2.29974     -2.25913     -2.21992     -2.18205     -2.14546     -2.11007
     -2.07583     -2.04268     -2.01057     -1.97946     -1.94930     -1.92004
     -1.89164     -1.86408     -1.83731     -1.81129     -1.78600     -1.76141
     -1.73748     -1.71420     -1.69153     -1.66946     -1.64795     -1.62699
     -1.60656     -1.58663     -1.56719     -1.54822     -1.52971     -1.51163
     -1.49398     -1.47673     -1.45988     -1.44341     -1.42730     -1.41155
     -1.39614     -1.38107     -1.36632     -1.35188     -1.33774
     -4.04508     -3.92109     -3.80447     -3.69459     -3.59088     -3.49283
     -3.39999     -3.31196     -3.22838     -3.14891     -3.07325     -3.00115
     -2.93236     -2.86664     -2.80381     -2.74367     -2.68606     -2.63082
     -2.57780     -2.52688     -2.47793     -2.43085     -2.38551     -2.34184
     -2.29974     -2.25913     -2.21992     -2.18205     -2.14546     -2.11007
     -2.07583     -2.04268     -2.01057     -1.97946     -1.94930     -1.92004
     -1.89164     -1.86408     -1.83731     -1.81129     -1.78600     -1.76141
     -1.73748     -1.71420     -1.69153     -1.66946     -1.64795     -1.62699
     -1.60656     -1.58663     -1.56719     -1.54822     -1.52971     -1.51163
     -1.49398     -1.47673     -1.45988     -1.44341     -1.42730     -1.41155
     -1.39614     -1.38107     -1.36632     -1.35188     -1.33774
     -4.04508     -3.92109     -3.80447     -3.69459     -3.59088     -3.49283
     -3.39999     -3.31196     -3.22838     -3.14891     -3.07325     -3.00115
     -2.93236     -2.86664     -2.80381     -2.74367     -2.68606     -2.63082
     -2.57780     -2.52688     -2.47793     -2.43085     -2.38551     -2.34184
     -2.29974     -2.25913     -2.21992     -2.18205     -2.14546     -2.11007
     -2.07583     -2.04268     -2.01057     -1.97946     -1.94930     -1.92004
     -1.89164     -1.86408     -1.83731     -1.81129     -1.78600     -1.76141
     -1.73748     -1.71420     -1.69153     -1.66946     -1.64795     -1.62699
     -1.60656     -1.58663     -1.56719     -1.54822     -1.52971     -1.51163
     -1.49398     -1.47673     -1.45988     -1.44341     -1.42730     -1.41155
     -1.39614     -1.38107     -1.36632     -1.35188     -1.33774
     -4.04508     -3.92109     -3.80447     -3.69459     -3.59088     -3.49283
     -3.39999     -3.31196     -3.22838     -3.14891     -3.07325     -3.00115
     -2.93236     -2.86664     -2.80381     -2.74367     -2.68606     -2.63082
     -2.57780     -2.52688     -2.47793     -2.43085     -2.38551     -2.34184
     -2.29974     -2.25913     -2.21992     -2.18205     -2.14546     -2.11007
     -2.07583     -2.04268     -2.01057     -1.97946     -1.94930     -1.92004
     -1.89164     -1.86408     -1.83731     -1.81129     -1.78600     -1.76141
     -1.73748     -1.71420     -1.69153     -1.66946     -1.64795     -1.62699
     -1.60656     -1.58663     -1.56719     -1.54822     -1.52971     -1.51163
     -1.49398     -1.47673     -1.45988     -1.44341     -1.42730     -1.41155
     -1.39614     -1.38107     -1.36632     -1.35188     -1.33774
     -4.04508     -3.92109     -3.80447     -3.69459     -3.59088     -3.49283
     -3.39999     -3.31196     -3.22838     -3.14891     -3.07325     -3.00115
     -2.93236     -2.86664     -2.80381     -2.74367     -2.68606     -2.63082
     -2.57780     -2.52688     -2.47793     -2.43085     -2.38551     -2.34184
     -2.29974     -2.25913     -2.21992     -2.18205     -2.14546     -2.11007
     -2.07583     -2.04268     -2.01057     -1.97946     -1.94930     -1.92004
     -1.89164     -1.86408     -1.83731     -1.81129     -1.78600     -1.76141
     -1.73748     -1.71420     -1.69153     -1.66946     -1.64795     -1.62699
     -1.60656     -1.58663     -1.56719     -1.54822     -1.52971     -1.51163
     -1.49398     -1.47673     -1.45988     -1.44341     -1.42730     -1.41155
     -1.39614     -1.38107     -1.36632     -1.35188     -1.33774
     -4.04508     -3.92109     -3.80447     -3.69459     -3.59088     -3.49283
     -3.39999     -3.31196     -3.22838     -3.14891     -3.07325     -3.00115
     -2.93236     -2.86664     -2.80381     -2.74367     -2.68606     -2.63082
     -2.57780     -2.52688     -2.47793     -2.43085     -2.38551     -2.34184
     -2.29974     -2.25913     -2.21992     -2.18205     -2.14546     -2.11007
     -2.07583     -2.04268     -2.01057     -1.97946     -1.94930     -1.92004
     -1.89164     -1.86408     -1.83731     -1.81129     -1.78600     -1.76141
     -1.73748     -1.71420     -1.69153     -1.66946     -1.64795     -1.62699
     -1.60656     -1.58663     -1.56719     -1.54822     -1.52971     -1.51163
     -1.49398     -1.47673     -1.45988     -1.44341     -1.42730     -1.41155
     -1.39614     -1.38107     -1.36632     -1.35188     -1.33774
     -4.04508     -3.92109     -3.80447     -3.69459     -3.59088     -3.49283
     -3.39999     -3.31196     -3.22838     -3.14891     -3.07325     -3.00115
     -2.93236     -2.86664     -2.80381     -2.74367     -2.68606     -2.63082
     -2.57780     -2.52688     -2.47793     -2.43085     -2.38551     -2.34184
     -2.29974     -2.25913     -2.21992     -2.18205     -2.14546     -2.11007
     -2.07583     -2.04268     -2.01057     -1.97946     -1.94930     -1.92004
     -1.89164     -1.86408     -1.83731     -1.81129     -1.78600     -1.76141
     -1.73748     -1.71420     -1.69153     -1.66946     -1.64795     -1.62699
     -1.60656     -1.58663     -1.56719     -1.54822     -1.52971     -1.51163
     -1.49398     -1.47673     -1.45988     -1.44341     -1.42730     -1.41155
     -1.39614     -1.38107     -1.36632     -1.35188     -1.33774
     -4.04508     -3.92109     -3.80447     -3.69459     -3.59088     -3.49283
     -3.39999     -3.31196     -3.22838     -3.14891     -3.07325     -3.00115
     -2.93236     -2.86664     -2.80381     -2.74367     -2.68606     -2.63082
     -2.57780     -2.52688     -2.47793     -2.43085     -2.38551     -2.34184
     -2.29974     -2.25913     -2.21992     -2.18205     -2.14546     -2.11007
     -2.07583     -2.04268     -2.01057     -1.97946     -1.94930     -1.92004
     -1.89164     -1.86408     -1.83731     -1.81129     -1.78600     -1.76141
     -1.73748     -1.71420     -1.69153     -1.66946     -1.64795     -1.62699
     -1.60656     -1.58663     -1.56719     -1.54822     -1.52971     -1.51163
     -1.49398     -1.47673     -1.45988     -1.44341     -1.42730     -1.41155
     -1.39614     -1.38107     -1.36632     -1.35188     -1.33774
     -4.04508     -3.92109     -3.80447     -3.69459     -3.59088     -3.49283
     -3.39999     -3.31196     -3.22838     -3.14891     -3.07325     -3.00115
     -2.93236     -2.86664     -2.80381     -2.74367     -2.68606     -2.63082
     -2.57780     -2.52688     -2.47793     -2.43085     -2.38551     -2.34184
     -2.29974     -2.25913     -2.21992     -2.18205     -2.14546     -2.11007
     -2.07583     -2.04268     -2.01057     -1.97946     -1.94930     -1.92004
     -1.89164     -1.86408     -1.83731     -1.81129     -1.78600     -1.76141
     -1.73748     -1.71420     -1.69153     -1.66946     -1.64795     -1.62699
     -1.60656     -1.58663     -1.56719     -1.54822     -1.52971     -1.51163
     -1.49398     -1.47673     -1.45988     -1.44341     -1.42730     -1.41155
     -1.39614     -1.38107     -1.36632     -1.35188     -1.33774
