     0.350584     0.380846     0.413867     0.448646     0.476134     0.522117
     0.647306     0.566171     0.288082     0.196243     0.233469     0.336359
     0.343264     0.193256     0.129502     0.206323     0.175032    0.0966648
     0.169469     0.303941     0.314252     0.215183     0.157127     0.118133
    0.0893086    0.0669204    0.0512000    0.0488493    0.0680560    0.0867378
    0.0883380    0.0980347     0.138611     0.170532     0.220214     0.263354
     0.245488     0.215026     0.192929     0.177083     0.165666     0.157482
     0.151658     0.147520     0.144557     0.142387     0.140733     0.139390
     0.138199     0.137041     0.135819     0.134458     0.132899     0.131098
     0.129028     0.126676     0.124047     0.121153     0.118019     0.114674
     0.111155     0.107497     0.103739    0.0999151    0.0960102
     0.388008     0.426176     0.466643     0.507941     0.541950     0.584794
     0.433483     0.233390     0.107427    0.0339341     0.116307     0.206362
     0.258912     0.251351     0.214084     0.242787     0.235502     0.193533
     0.224768     0.239886     0.211929     0.167218     0.128601    0.0974553
    0.0711337    0.0470476    0.0227014   0.00623279    0.0401460    0.0591589
    0.0453292    0.0712088     0.116995     0.159494     0.211297     0.264035
     0.247562     0.220345     0.201269     0.187728     0.177925     0.170786
     0.165600     0.161856     0.159170     0.157243     0.155841     0.154774
     0.153888     0.153052     0.152156     0.151102     0.149808     0.148198
     0.146215     0.143815     0.140976     0.137691     0.133979     0.129877
     0.125442     0.120745     0.115863     0.110877     0.105800
     0.406384     0.458314     0.518517     0.603431     0.554744     0.414847
     0.298473     0.219782     0.230540     0.195661     0.191734     0.213330
     0.242316     0.253174     0.245067     0.247646     0.239106     0.218793
     0.212206     0.191515     0.156513     0.128265     0.105223    0.0858304
    0.0694957    0.0562135    0.0472776    0.0464449    0.0582769    0.0846410
     0.116804     0.134389     0.163307     0.180634     0.206321     0.217730
     0.214262     0.204547     0.195710     0.188623     0.183137     0.179007
     0.175998     0.173897     0.172512     0.171673     0.171225     0.171026
     0.170941     0.170846     0.170618     0.170143     0.169307     0.168007
     0.166149     0.163662     0.160498     0.156646     0.152129     0.147010
     0.141385     0.135376     0.129118     0.122744     0.116310
     0.402737     0.451328     0.507338     0.572464     0.525019     0.400980
     0.363148     0.327605     0.298904     0.263810     0.240842     0.230306
     0.225290     0.220145     0.212689     0.203017     0.190861     0.176489
     0.160587     0.142882     0.124156     0.106595    0.0916637    0.0797826
    0.0710243    0.0655970    0.0641068    0.0676285    0.0774381    0.0939109
     0.112776     0.129647     0.146546     0.160547     0.172695     0.179808
     0.183551     0.185134     0.185285     0.184816     0.184260     0.183902
     0.183866     0.184189     0.184855     0.185815     0.186999     0.188320
     0.189675     0.190947     0.192005     0.192706     0.192893     0.192403
     0.191078     0.188778     0.185403     0.180913     0.175338     0.168782
     0.161420     0.153474     0.145192     0.136810     0.128482
     0.380569     0.413454     0.446474     0.473711     0.474226     0.427112
     0.379227     0.338280     0.300605     0.271068     0.248100     0.230215
     0.215584     0.202395     0.189367     0.175827     0.161543     0.146585
     0.131239     0.115961     0.101421    0.0884282    0.0777152    0.0697705
    0.0648350    0.0629935    0.0642810    0.0687315    0.0762779    0.0865173
    0.0986177     0.111632     0.124745     0.137235     0.148492     0.158095
     0.165937     0.172177     0.177116     0.181119     0.184534     0.187642
     0.190644     0.193671     0.196802     0.200069     0.203471     0.206969
     0.210491     0.213931     0.217143     0.219943     0.222099     0.223337
     0.223353     0.221840     0.218559     0.213386     0.206347     0.197620
     0.187525     0.176506     0.165054     0.153626     0.142594
     0.348949     0.382747     0.396537     0.401509     0.398435     0.377791
     0.345845     0.315124     0.287413     0.262847     0.241258     0.222156
     0.204867     0.188693     0.173060     0.157593     0.142131     0.126700
     0.111496    0.0968502    0.0832209    0.0711682    0.0613297    0.0543683
    0.0508329    0.0509073    0.0542676    0.0603153    0.0684695    0.0782585
    0.0892461     0.100984     0.113015     0.124900     0.136258     0.146805
     0.156381     0.164956     0.172609     0.179496     0.185809     0.191744
     0.197476     0.203153     0.208893     0.214780     0.220871     0.227183
     0.233692     0.240322     0.246929     0.253290     0.259079     0.263846
     0.266964     0.267636     0.265196     0.259377     0.250228     0.238000
     0.223208     0.206804     0.189988     0.173720     0.158798
     0.248158     0.334677     0.376181     0.363420     0.346775     0.330725
     0.311859     0.291319     0.270508     0.250269     0.230961     0.212631
     0.195144     0.178289     0.161853     0.145682     0.129698     0.113913
    0.0984156    0.0833682    0.0690068    0.0556780    0.0439683    0.0350212
    0.0308237    0.0328988    0.0398327    0.0492916    0.0599212    0.0712315
    0.0829858    0.0950016     0.107086     0.119036     0.130657     0.141792
     0.152337     0.162256     0.171575     0.180375     0.188775     0.196921
     0.204964     0.213055     0.221343     0.229967     0.239059     0.248732
     0.259074     0.270130     0.281862     0.294107     0.306495     0.318464
     0.329447     0.336012     0.335495     0.328879     0.316857     0.299488
     0.275986     0.247802     0.221116     0.197130     0.176776
     0.267254     0.293305     0.313504     0.319507     0.314369     0.303476
     0.289511     0.273712     0.256901     0.239673     0.222417     0.205346
     0.188543     0.172013     0.155721     0.139633     0.123726     0.107999
    0.0924696    0.0771601    0.0620807    0.0472083    0.0324683    0.0177804
   0.00534054    0.0154303    0.0298449    0.0434124    0.0563498    0.0689973
    0.0814860    0.0938639     0.106111     0.118169     0.129966     0.141434
     0.152529     0.163243     0.173601     0.183668     0.193539     0.203344
     0.213229     0.223361     0.233931     0.245147     0.257252     0.270519
     0.285264     0.301851     0.320683     0.342158     0.366566     0.393670
     0.416899     0.429076     0.416768     0.409102     0.391232     0.369189
     0.348003     0.301020     0.257768     0.222764     0.195083
     0.206840     0.280243     0.321055     0.312827     0.299865     0.289196
     0.277194     0.263710     0.249106     0.233787     0.218083     0.202231
     0.186386     0.170639     0.155044     0.139634     0.124436     0.109484
    0.0948175    0.0804912    0.0665892    0.0532756    0.0409646    0.0308489
    0.0216179    0.0227636    0.0363384    0.0507737    0.0627288    0.0744347
    0.0863421    0.0982662     0.110153     0.121945     0.133595     0.145065
     0.156337     0.167416     0.178334     0.189152     0.199961     0.210888
     0.222083     0.233733     0.246068     0.259367     0.273984     0.290373
     0.309136     0.331111     0.357504     0.390151     0.431828     0.484432
     0.521621     0.484835     0.430836     0.400344     0.367517     0.346883
     0.358779     0.350649     0.298665     0.249336     0.210120
     0.232330     0.258976     0.283948     0.293525     0.291414     0.283784
     0.273319     0.261082     0.247666     0.233496     0.218887     0.204076
     0.189232     0.174477     0.159902     0.145586     0.131601     0.118038
     0.105009    0.0926734    0.0812637    0.0711287    0.0627885    0.0525229
    0.0419485    0.0390067    0.0452632    0.0580626    0.0730192    0.0865453
    0.0974668     0.108074     0.119031     0.130096     0.141209     0.152316
     0.163393     0.174440     0.185485     0.196585     0.207824     0.219320
     0.231222     0.243721     0.257060     0.271547     0.287588     0.305719
     0.326676     0.351505     0.381747     0.419788     0.469407     0.535202
     0.590516     0.516004     0.393466     0.292498     0.207334     0.167426
     0.233102     0.342792     0.326598     0.270828     0.218833
     0.215629     0.269524     0.306473     0.307905     0.298521     0.289048
     0.278064     0.265774     0.252602     0.238910     0.224965     0.210962
     0.197045     0.183326     0.169897     0.156846     0.144270     0.132280
     0.121023     0.110698     0.101587    0.0940985    0.0842995    0.0717613
    0.0623592    0.0579482    0.0597528    0.0673224    0.0789920    0.0935156
     0.108745     0.121901     0.132242     0.142152     0.152429     0.162849
     0.173393     0.184043     0.194814     0.205751     0.216925     0.228434
     0.240409     0.253015     0.266466     0.281037     0.297086     0.315083
     0.335646     0.359612     0.388108     0.422645     0.465198     0.518640
     0.587953     0.603082     0.438159     0.315354     0.197132    0.0604291
     0.119440     0.264559     0.333510     0.281176     0.219644
     0.251573     0.287812     0.313874     0.320979     0.315038     0.304030
     0.291061     0.277364     0.263466     0.249609     0.235920     0.222482
     0.209361     0.196614     0.184301     0.172485     0.161239     0.150646
     0.140795     0.131777     0.123654     0.116398     0.105456    0.0929492
    0.0836155    0.0782051    0.0773989    0.0812854    0.0892435     0.100334
     0.113634     0.128750     0.144107     0.157026     0.166930     0.176318
     0.186068     0.195989     0.206110     0.216473     0.227126     0.238136
     0.249590     0.261602     0.274323     0.287942     0.302701     0.318902
     0.336918     0.357223     0.380403     0.407211     0.438650     0.476326
     0.524669     0.603809     0.561598     0.429598     0.420668     0.335857
     0.310563     0.293422     0.354381     0.278615     0.191147
     0.289921     0.360970     0.379034     0.372090     0.351131     0.329768
     0.311024     0.294286     0.278906     0.264496     0.250843     0.237833
     0.225413     0.213564     0.202289     0.191615     0.181579     0.172230
     0.163625     0.155824     0.148897     0.138722     0.125558     0.114217
     0.105290    0.0993780    0.0969884    0.0983540     0.103315     0.111394
     0.121979     0.134516     0.148507     0.163875     0.179267     0.191922
     0.201328     0.210095     0.219172     0.228597     0.238355     0.248453
     0.258914     0.269784     0.281131     0.293042     0.305622     0.318992
     0.333274     0.348592     0.365050     0.382702     0.401487     0.421077
     0.440455     0.458230     0.484540     0.465344     0.431333     0.426562
     0.355622     0.350602     0.266776     0.202860     0.164390
     0.234709     0.278452     0.460402     0.435591     0.382823     0.352906
     0.330844     0.312508     0.296410     0.281849     0.268439     0.255956
     0.244270     0.233303     0.223021     0.213413     0.204490     0.196270
     0.188778     0.182041     0.171983     0.158760     0.146713     0.136199
     0.127634     0.121456     0.118055     0.117684     0.120376     0.125934
     0.134000     0.144155     0.155998     0.169206     0.183478     0.198855
     0.214043     0.225941     0.233556     0.241897     0.250576     0.259528
     0.268704     0.278086     0.287672     0.297461     0.307450     0.317615
     0.327900     0.338201     0.348333     0.357997     0.366724     0.373823
     0.378366     0.379136     0.374082     0.360467     0.338815     0.310946
     0.277689     0.240966     0.201120     0.161953     0.128843
     0.131506     0.231648     0.336188     0.382850     0.381127     0.364522
     0.346288     0.329355     0.314045     0.300169     0.287488     0.275812
     0.265008     0.254988     0.245702     0.237129     0.229272     0.222144
     0.215729     0.205892     0.192747     0.180465     0.169239     0.159321
     0.151018     0.144655     0.140541     0.138913     0.139879     0.143395
     0.149278     0.157252     0.167010     0.178262     0.190778     0.204421
     0.219129     0.235319     0.247662     0.256252     0.263905     0.271697
     0.279451     0.287176     0.294831     0.302366     0.309716     0.316779
     0.323408     0.329402     0.334481     0.338279     0.340323     0.340030
     0.336725     0.329676     0.318191     0.301846     0.280726     0.255415
     0.226826     0.196120     0.164679     0.134086     0.105466
     0.262434     0.277092     0.514418     0.459926     0.404153     0.379137
     0.360848     0.345225     0.331292     0.318682     0.307174     0.296612
     0.286883     0.277907     0.269637     0.262065     0.255233     0.249282
     0.240389     0.227640     0.215414     0.203914     0.193322     0.183842
     0.175707     0.169174     0.164496     0.161889     0.161491     0.163338
     0.167356     0.173379     0.181183     0.190523     0.201172     0.212948
     0.225718     0.239412     0.253902     0.267985     0.278761     0.285808
     0.291839     0.297809     0.303464     0.308763     0.313628     0.317932
     0.321499     0.324111     0.325497     0.325337     0.323259     0.318856
     0.311719     0.301480     0.287881     0.270844     0.250528     0.227348
     0.201944     0.175140     0.147871     0.121094    0.0951662
    0.0316944     0.199895     0.331952     0.390353     0.396773     0.386140
     0.372665     0.359717     0.347836     0.336984     0.327035     0.317879
     0.309426     0.301602     0.294341     0.287571     0.281194     0.275026
     0.264835     0.252016     0.240184     0.229194     0.219060     0.209885
     0.201836     0.195115     0.189936     0.186498     0.184954     0.185387
     0.187790     0.192074     0.198076     0.205591     0.214400     0.224288
     0.235064     0.246560     0.258623     0.271116     0.284236     0.296899
     0.305919     0.310779     0.314288     0.317372     0.319978     0.321942
     0.323077     0.323183     0.322030     0.319371     0.314940     0.308466
     0.299700     0.288441     0.274575     0.258100     0.239159     0.218048
     0.195214     0.171235     0.146784     0.122580    0.0991985
     0.249231     0.298587     0.534784     0.471216     0.417122     0.396855
     0.383821     0.373164     0.363668     0.354964     0.346911     0.339441
     0.332511     0.326078     0.320101     0.314530     0.309308     0.300627
     0.288587     0.277117     0.266231     0.255941     0.246296     0.237397
     0.229387     0.222447     0.216775     0.212568     0.209991     0.209161
     0.210122     0.212836     0.217194     0.223025     0.230122     0.238263
     0.247235     0.256843     0.266926     0.277366     0.288104     0.299074
     0.310487     0.321259     0.327619     0.328384     0.329088     0.329186
     0.328480     0.326813     0.324021     0.319930     0.314359     0.307130
     0.298084     0.287097     0.274098     0.259084     0.242135     0.223430
     0.203248     0.181986     0.160151     0.138353     0.117749
     0.150666     0.266862     0.339553     0.385932     0.398192     0.396773
     0.391554     0.385358     0.379016     0.372821     0.366894     0.361302
     0.356083     0.351256     0.346829     0.342766     0.335235     0.324342
     0.313800     0.303577     0.293670     0.284103     0.274934     0.266264
     0.258231     0.251012     0.244805     0.239815     0.236230     0.234200
     0.233812     0.235077     0.237929     0.242229     0.247787     0.254380
     0.261783     0.269784     0.278202     0.286902     0.295806     0.304897
     0.314247     0.324000     0.334739     0.340392     0.341006     0.339803
     0.337724     0.334820     0.331033     0.326264     0.320398     0.313323
     0.304937     0.295160     0.283939     0.271249     0.257102     0.241552
     0.224707     0.206752     0.187988     0.168865     0.151283
    0.0528555     0.229130     0.354198     0.398836     0.405026     0.404579
     0.402219     0.398896     0.395112     0.391178     0.387279     0.383538
     0.380051     0.376919     0.374309     0.368658     0.359177     0.349837
     0.340634     0.331536     0.322522     0.313602     0.304827     0.296287
     0.288121     0.280508     0.273658     0.267796     0.263142     0.259886
     0.258165     0.258039     0.259485     0.262396     0.266597     0.271866
     0.277961     0.284646     0.291712     0.298994     0.306380     0.313821
     0.321325     0.328951     0.336785     0.344790     0.352101     0.354500
     0.350724     0.346732     0.342326     0.337379     0.331798     0.325514
     0.318479     0.310658     0.302036     0.292601     0.282340     0.271230
     0.259213     0.246198     0.232100     0.217018     0.204077
    0.0439713     0.252965     0.396092     0.426146     0.421177     0.418445
     0.416560     0.414647     0.412584     0.410435     0.408282     0.406188
     0.404179     0.402217     0.400164     0.394169     0.385389     0.377101
     0.368982     0.360848     0.352599     0.344203     0.335684     0.327121
     0.318652     0.310462     0.302782     0.295871     0.289992     0.285391
     0.282263     0.280731     0.280821     0.282459     0.285485     0.289670
     0.294749     0.300449     0.306522     0.312757     0.319004     0.325174
     0.331247     0.337256     0.343293     0.349498     0.356110     0.363738
     0.365647     0.361234     0.356684     0.351960     0.347048     0.341950
     0.336697     0.331339     0.325952     0.320627     0.315460     0.310541
     0.305903     0.301442     0.296656     0.289830     0.286986
    0.0909904     0.249274     0.368140     0.418943     0.430474     0.432297
     0.432210     0.431715     0.431130     0.430552     0.430037     0.429632
     0.429365     0.429204     0.425576     0.418611     0.411833     0.405091
     0.398208     0.391037     0.383475     0.375471     0.367037     0.358245
     0.349233     0.340203     0.331415     0.323175     0.315806     0.309630
     0.304923     0.301884     0.300603     0.301052     0.303082     0.306449
     0.310849     0.315958     0.321465     0.327104     0.332672     0.338042
     0.343166     0.348073     0.352873     0.357753     0.362992     0.368959
     0.376051     0.377591     0.373034     0.368642     0.364475     0.360617
     0.357193     0.354369     0.352364     0.351461     0.352029     0.354558
     0.359703     0.368318     0.381239     0.393390     0.418328
    0.0440692     0.288029     0.451413     0.464827     0.451595     0.448994
     0.448934     0.449485     0.450242     0.451141     0.452206     0.453523
     0.455255     0.453946     0.448960     0.444002     0.438962     0.433673
     0.427955     0.421650     0.414636     0.406844     0.398269     0.388975
     0.379104     0.368878     0.358597     0.348628     0.339377     0.331266
     0.324680     0.319929     0.317191     0.316494     0.317705     0.320555
     0.324681     0.329675     0.335141     0.340727     0.346158     0.351253
     0.355928     0.360193     0.364154     0.368002     0.372012     0.376531
     0.381963     0.388776     0.390306     0.386036     0.382336     0.379359
     0.377316     0.376477     0.377200     0.379954     0.385377     0.394372
     0.408274     0.429316     0.462700     0.539346     0.652004
     0.123182     0.270174     0.384812     0.440231     0.457178     0.462339
     0.464985     0.467201     0.469413     0.471717     0.474140     0.476665
     0.479147     0.477889     0.473877     0.470252     0.466568     0.462491
     0.457752     0.452131     0.445462     0.437642     0.428638     0.418499
     0.407369     0.395493     0.383219     0.370988     0.359314     0.348752
     0.339841     0.333040     0.328662     0.326816     0.327393     0.330081
     0.334425     0.339894     0.345961     0.352150     0.358086     0.363509
     0.368283     0.372386     0.375912     0.379049     0.382077     0.385349
     0.389280     0.394358     0.401136     0.402877     0.399051     0.396199
     0.394602     0.394593     0.396590     0.401138     0.408964     0.421063
     0.438785     0.463910     0.498831     0.548802     0.610136
    0.0583794     0.333095     0.512593     0.499071     0.479286     0.478723
     0.481578     0.485036     0.488617     0.492326     0.496273     0.500643
     0.502062     0.500005     0.498080     0.496107     0.493792     0.490824
     0.486906     0.481774     0.475216     0.467086     0.457316     0.445934
     0.433077     0.419010     0.404132     0.388972     0.374175     0.360468
     0.348600     0.339251     0.332926     0.329868     0.330005     0.332962
     0.338140     0.344821     0.352281     0.359870     0.367069     0.373515
     0.379004     0.383475     0.387007     0.389789     0.392110     0.394337
     0.396899     0.400288     0.405047     0.411786     0.413540     0.409714
     0.407285     0.406594     0.407999     0.411957     0.419099     0.430311
     0.446850     0.470479     0.502877     0.536540     0.569193
     0.165377     0.291751     0.392443     0.452825     0.479584     0.491286
     0.497927     0.503016     0.507714     0.512432     0.517295     0.522211
     0.523664     0.522532     0.521886     0.521194     0.520019     0.517964
     0.514665     0.509800     0.503098     0.494359     0.483469     0.470418
     0.455330     0.438479     0.420309     0.401440     0.382668     0.364935
     0.349265     0.336655     0.327911     0.323496     0.323406     0.327173
     0.333968     0.342787     0.352613     0.362551     0.371893     0.380147
     0.387030     0.392443     0.396455     0.399265     0.401184     0.402602
     0.403971     0.405790     0.408582     0.412860     0.419043     0.419173
     0.414469     0.411697     0.410824     0.412037     0.415672     0.422244
     0.432517     0.447749     0.470228     0.501594     0.541167
    0.0468510     0.322356     0.491684     0.521440     0.514299     0.514509
     0.517679     0.521899     0.526749     0.532227     0.538479     0.542057
     0.542478     0.543230     0.544063     0.544598     0.544417     0.543095
     0.540218     0.535400     0.528309     0.518678     0.506336     0.491223
     0.473429     0.453219     0.431062     0.407659     0.383954     0.361133
     0.340574     0.323719     0.311851     0.305810     0.305737     0.311016
     0.320450     0.332572     0.345940     0.359321     0.371776     0.382669
     0.391645     0.398578     0.403542     0.406763     0.408589     0.409458
     0.409873     0.410401     0.411670     0.414417     0.419586     0.420701
     0.415249     0.410347     0.406432     0.403696     0.402240     0.402111
     0.403264     0.405444     0.407925     0.409607     0.417576
     0.109280     0.320092     0.468319     0.521794     0.530102     0.532451
     0.535233     0.539022     0.543776     0.549430     0.555958     0.559681
     0.560715     0.562404     0.564221     0.565662     0.566227     0.565423
     0.562764     0.557797     0.550113     0.539373     0.525334     0.507871
     0.487016     0.462998     0.436279     0.407598     0.378012     0.348940
     0.322159     0.299717     0.283658     0.275517     0.275755     0.283518
     0.296957     0.313848     0.332122     0.350123     0.366662     0.380980
     0.392676     0.401630     0.407947     0.411899     0.413888     0.414398
     0.413970     0.413187     0.412641     0.412922     0.414542     0.417776
     0.414608     0.405875     0.398123     0.391048     0.384437     0.378055
     0.371571     0.364516     0.356264     0.346050     0.335551
    0.0925036     0.330375     0.491462     0.541118     0.545124     0.546480
     0.549045     0.552822     0.557698     0.563591     0.570457     0.574690
     0.576410     0.578841     0.581400     0.583515     0.584616     0.584143
     0.581541     0.576285     0.567890     0.555941     0.540115     0.520206
     0.496173     0.468173     0.436612     0.402200     0.366016     0.329611
     0.295113     0.265292     0.243372     0.232262     0.233209     0.244928
     0.264278     0.287742     0.312383     0.336096     0.357509     0.375819
     0.390650     0.401938     0.409859     0.414755     0.417094     0.417423
     0.416332     0.414441     0.412385     0.410814     0.410426     0.412061
     0.408965     0.398739     0.388176     0.377549     0.366814     0.355778
     0.344161     0.331632     0.317833     0.302419     0.286509
    0.0902294     0.341483     0.508526     0.553733     0.554617     0.555661
     0.558514     0.562679     0.567948     0.574223     0.581465     0.586178
     0.588498     0.591541     0.594685     0.597308     0.598792     0.598519
     0.595879     0.590282     0.581179     0.568081     0.550588     0.528414
     0.501429     0.469697     0.433522     0.393498     0.350593     0.306277
     0.262747     0.223313     0.192785     0.176926     0.179244     0.197476
     0.225491     0.257548     0.289775     0.319841     0.346418     0.368823
     0.386808     0.400427     0.409959     0.415839     0.418610     0.418881
     0.417288     0.414480     0.411086     0.407703     0.404864     0.402967
     0.402136     0.394248     0.379937     0.366051     0.352156     0.337942
     0.323147     0.307553     0.290982     0.273320     0.255354
     0.132181     0.335293     0.482748     0.541741     0.554613     0.559200
     0.563455     0.568510     0.574466     0.581237     0.588609     0.593408
     0.596184     0.599739     0.603355     0.606367     0.608122     0.607971
     0.605264     0.599370     0.589689     0.575679     0.556878     0.532933
     0.503632     0.468946     0.429060     0.384407     0.335723     0.284143
     0.231412     0.180451     0.136896     0.111856     0.117127     0.147129
     0.187397     0.229417     0.269333     0.305301     0.336412     0.362284
     0.382879     0.398401     0.409247     0.415939     0.419092     0.419372
     0.417461     0.414043     0.409774     0.405286     0.401164     0.397960
     0.396236     0.387997     0.372512     0.357029     0.341361     0.325329
     0.308775     0.291581     0.273676     0.255052     0.236296
    0.0684971     0.360538     0.541843     0.567312     0.558288     0.559780
     0.564679     0.570812     0.577840     0.585893     0.591613     0.594830
     0.598719     0.602938     0.606986     0.610285     0.612215     0.612131
     0.609378     0.603304     0.593288     0.578759     0.559222     0.534284
     0.503687     0.467342     0.425349     0.378020     0.325887     0.269722
     0.210558     0.149820    0.0900485    0.0421215    0.0572438     0.108915
     0.162129     0.212046     0.257199     0.296858     0.330663     0.358526
     0.380584     0.397156     0.408713     0.415837     0.419188     0.419465
     0.417379     0.413637     0.408920     0.403882     0.399146     0.395301
     0.392940     0.384104     0.367961     0.351687     0.335159     0.318259
     0.300887     0.282982     0.264527     0.245557     0.226551
     0.189533     0.328325     0.441570     0.509511     0.540212     0.554155
     0.562676     0.569906     0.577269     0.585324     0.590632     0.593493
     0.597340     0.601597     0.605687     0.609013     0.610953     0.610867
     0.608099     0.602005     0.591963     0.577406     0.557839     0.532871
     0.502248     0.465878     0.423867     0.376525     0.324386     0.268219
     0.209060     0.148325    0.0885554    0.0409289    0.0576795     0.109716
     0.162968     0.212849     0.257939     0.297523     0.331247     0.359028
     0.381004     0.397496     0.408977     0.416026     0.419304     0.419509
     0.417349     0.413530     0.408731     0.403602     0.398763     0.394802
     0.392308     0.383323     0.367018     0.350575     0.333877     0.316817
     0.299306     0.281296     0.262782     0.243809     0.224828
    0.0231107     0.372057     0.578255     0.581531     0.560484     0.558848
     0.562215     0.567354     0.573631     0.580991     0.585783     0.588217
     0.591700     0.595642     0.599464     0.602575     0.604363     0.604205
     0.601464     0.595518     0.585776     0.571699     0.552833     0.528827
     0.499478     0.464760     0.424866     0.380238     0.331622     0.280173
     0.227673     0.177137     0.134431     0.111007     0.118123     0.149110
     0.189675     0.231688     0.271466     0.307236     0.338124     0.363761
     0.384122     0.399416     0.410040     0.416518     0.419464     0.419539
     0.417420     0.413784     0.409280     0.404530     0.400111     0.396565
     0.394445     0.385754     0.369769     0.353750     0.337534     0.320970
     0.303936     0.286356     0.268204     0.249508     0.230764
     0.142986     0.332259     0.472939     0.535250     0.550604     0.554451
     0.557218     0.560935     0.565962     0.572424     0.576838     0.578914
     0.581799     0.585136     0.588428     0.591116     0.592614     0.592325
     0.589648     0.584003     0.574846     0.561699     0.544169     0.521977
     0.495008     0.463337     0.427283     0.387467     0.344883     0.301050
     0.258246     0.219891     0.190902     0.176938     0.181013     0.200378
     0.228891     0.261028     0.293104     0.322898     0.349143     0.371193
     0.388818     0.402087     0.411283     0.416840     0.419301     0.419268
     0.417370     0.414242     0.410500     0.406727     0.403435     0.401004
     0.399536     0.390877     0.375690     0.360833     0.345898     0.330620
     0.314801     0.298306     0.281048     0.263006     0.244798
    0.0400964     0.346098     0.532216     0.562379     0.551176     0.547547
     0.547542     0.549544     0.553059     0.557809     0.563458     0.566698
     0.568046     0.570318     0.572818     0.574916     0.576020     0.575558
     0.572972     0.567736     0.559374     0.547478     0.531735     0.511954
     0.488110     0.460382     0.429201     0.395310     0.359828     0.324358
     0.291083     0.262805     0.242695     0.233453     0.235990     0.248779
     0.268656     0.292226     0.316700     0.340086     0.361089     0.378953
     0.393334     0.404186     0.411694     0.416203     0.418179     0.418160
     0.416725     0.414479     0.412034     0.410018     0.409097     0.410078
     0.406161     0.394878     0.383051     0.370945     0.358523     0.345632
     0.332070     0.317632     0.302134     0.285440     0.268385
     0.119947     0.326762     0.474120     0.527036     0.533000     0.532082
     0.531810     0.533110     0.535957     0.540181     0.545632     0.548683
     0.549425     0.551002     0.552833     0.554362     0.555057     0.554407
     0.551921     0.547146     0.539680     0.529196     0.515464     0.498378
     0.477992     0.454559     0.428568     0.400792     0.372317     0.344589
     0.319389     0.298721     0.284508     0.278086     0.279702     0.288374
     0.302247     0.319187     0.337240     0.354851     0.370909     0.384713
     0.395897     0.404365     0.410236     0.413787     0.415416     0.415601
     0.414871     0.413786     0.412917     0.412818     0.413962     0.416572
     0.412494     0.402552     0.393249     0.384216     0.375183     0.365877
     0.355987     0.345157     0.332994     0.319105     0.304650
    0.0907875     0.323184     0.480408     0.520317     0.515711     0.511569
     0.510445     0.511565     0.514383     0.518573     0.523951     0.526777
     0.527062     0.528054     0.529259     0.530212     0.530465     0.529587
     0.527165     0.522824     0.516241     0.507169     0.495453     0.481055
     0.464086     0.444836     0.423796     0.401686     0.379459     0.358291
     0.339519     0.324499     0.314382     0.309849     0.310909     0.316881
     0.326587     0.338636     0.351682     0.364586     0.376485     0.386804
     0.395224     0.401649     0.406168     0.409018     0.410545     0.411182
     0.411420     0.411807     0.412946     0.415539     0.420483     0.421199
     0.415008     0.409035     0.403600     0.398745     0.394376     0.390300
     0.386195     0.381587     0.375826     0.368085     0.360085
     0.135828     0.330677     0.464472     0.492372     0.484997     0.482001
     0.482629     0.485121     0.488802     0.493455     0.499084     0.502217
     0.502299     0.502679     0.503166     0.503445     0.503163     0.501965
     0.499513     0.495505     0.489693     0.481896     0.472023     0.460086
     0.446226     0.430735     0.414066     0.396841     0.379837     0.363958
     0.350160     0.339335     0.332174     0.329021     0.329795     0.334007
     0.340866     0.349441     0.358807     0.368155     0.376852     0.384464
     0.390750     0.395644     0.399234     0.401730     0.403449     0.404782
     0.406174     0.408113     0.411101     0.415625     0.422059     0.422229
     0.417331     0.414093     0.412344     0.412066     0.413302     0.416098
     0.420433     0.426080     0.432336     0.438195     0.451720
     0.191027     0.286291     0.366717     0.413119     0.434371     0.444558
     0.450906     0.456053     0.460912     0.465809     0.470821     0.475823
     0.477339     0.476254     0.475646     0.475050     0.474092     0.472449
     0.469835     0.466010     0.460786     0.454040     0.445727     0.435888
     0.424678     0.412367     0.399345     0.386124     0.373310     0.361569
     0.351566     0.343882     0.338925     0.336859     0.337575     0.340707
     0.345708     0.351941     0.358769     0.365626     0.372068     0.377787
     0.382626     0.386558     0.389684     0.392211     0.394441     0.396751
     0.399576     0.403411     0.408798     0.416343     0.418896     0.415786
     0.414081     0.414055     0.415969     0.420145     0.427017     0.437195
     0.451572     0.471604     0.499926     0.538463     0.586437
    0.0647115     0.308065     0.427619     0.418699     0.412269     0.417252
     0.423158     0.428670     0.433797     0.438732     0.443642     0.448654
     0.450194     0.448529     0.447149     0.445755     0.444083     0.441899
     0.438990     0.435179     0.430333     0.424373     0.417288     0.409138
     0.400070     0.390323     0.380222     0.370170     0.360626     0.352070
     0.344955     0.339652     0.336398     0.335257     0.336112     0.338686
     0.342590     0.347378     0.352610     0.357897     0.362932     0.367517
     0.371560     0.375075     0.378181     0.381089     0.384099     0.387588
     0.392000     0.397848     0.405709     0.408691     0.406225     0.404986
     0.405258     0.407378     0.411765     0.418966     0.429710     0.445016
     0.466323     0.495643     0.534895     0.575582     0.615135
     0.172278     0.259314     0.328700     0.367773     0.384466     0.392879
     0.398807     0.403807     0.408357     0.412710     0.417085     0.421746
     0.423297     0.421120     0.418887     0.416561     0.414032     0.411159
     0.407798     0.403822     0.399139     0.393703     0.387521     0.380661
     0.373257     0.365509     0.357681     0.350083     0.343056     0.336938
     0.332035     0.328578     0.326698     0.326401     0.327575     0.330004
     0.333403     0.337456     0.341855     0.346335     0.350692     0.354803
     0.358629     0.362216     0.365694     0.369273     0.373248     0.378007
     0.384030     0.391845     0.394655     0.391932     0.390204     0.389666
     0.390584     0.393303     0.398284     0.406136     0.417682     0.434054
     0.456787     0.487919     0.530193     0.589587     0.661539
    0.0627430     0.267636     0.376480     0.379285     0.372062     0.374234
     0.377772     0.381267     0.384518     0.387579     0.390545     0.393495
     0.396440     0.395906     0.392036     0.388319     0.384658     0.380911
     0.376943     0.372643     0.367939     0.362801     0.357244     0.351333
     0.345185     0.338965     0.332881     0.327170     0.322078     0.317845
     0.314669     0.312694     0.311979     0.312503     0.314159     0.316774
     0.320136     0.324014     0.328193     0.332490     0.336774     0.340976
     0.345096     0.349197     0.353409     0.357917     0.362968     0.368920
     0.376495     0.378923     0.375638     0.373049     0.371255     0.370405
     0.370713     0.372468     0.376062     0.382020     0.391059     0.404199
     0.422960     0.449900     0.491014     0.581543     0.713341
     0.146885     0.235079     0.303636     0.338450     0.350660     0.355565
     0.358444     0.360562     0.362286     0.363791     0.365196     0.366573
     0.367929     0.369157     0.366492     0.361093     0.356203     0.351530
     0.346896     0.342190     0.337348     0.332347     0.327207     0.321985
     0.316780     0.311726     0.306986     0.302737     0.299159     0.296416
     0.294637     0.293904     0.294237     0.295595     0.297881     0.300956
     0.304654     0.308805     0.313255     0.317877     0.322590     0.327366
     0.332233     0.337280     0.342644     0.348487     0.354854     0.361089
     0.362915     0.359122     0.355828     0.352964     0.350545     0.348649
     0.347408     0.347006     0.347692     0.349789     0.353718     0.360034
     0.369470     0.382953     0.401295     0.419149     0.453870
    0.0766908     0.234973     0.330039     0.345045     0.341156     0.341222
     0.341700     0.341827     0.341647     0.341342     0.341085     0.341028
     0.341319     0.342150     0.340062     0.334257     0.328646     0.323245
     0.318011     0.312896     0.307865     0.302910     0.298053     0.293344
     0.288866     0.284725     0.281048     0.277968     0.275614     0.274097
     0.273500     0.273865     0.275187     0.277420     0.280474     0.284235
     0.288573     0.293360     0.298481     0.303847     0.309407     0.315158
     0.321150     0.327518     0.334471     0.342652     0.346069     0.344812
     0.342250     0.339343     0.336249     0.333043     0.329767     0.326466
     0.323204     0.320061     0.317146     0.314584     0.312506     0.311035
     0.310235     0.310027     0.309953     0.308485     0.311763
     0.116083     0.212432     0.285531     0.318697     0.327369     0.328616
     0.327299     0.324965     0.322329     0.319766     0.317489     0.315629
     0.314269     0.313448     0.313153     0.309581     0.302821     0.296538
     0.290658     0.285122     0.279889     0.274947     0.270309     0.266017
     0.262137     0.258753     0.255963     0.253864     0.252550     0.252095
     0.252550     0.253934     0.256230     0.259389     0.263336     0.267977
     0.273209     0.278935     0.285070     0.291547     0.298326     0.305409
     0.312771     0.320662     0.328020     0.331170     0.328963     0.326940
     0.324627     0.321914     0.318743     0.315076     0.310880     0.306132
     0.300820     0.294948     0.288535     0.281606     0.274184     0.266282
     0.257877     0.248911     0.239321     0.229168     0.221371
     0.117717     0.229467     0.295848     0.326053     0.328710     0.323143
     0.316337     0.309760     0.303762     0.298466     0.293922     0.290151
     0.287153     0.284906     0.283373     0.282499     0.278472     0.271363
     0.264912     0.259041     0.253677     0.248786     0.244375     0.240477
     0.237145     0.234445     0.232451     0.231233     0.230855     0.231368
     0.232804     0.235168     0.238444     0.242588     0.247537     0.253218
     0.259558     0.266489     0.273949     0.281903     0.290282     0.299335
     0.307885     0.312891     0.313820     0.313397     0.312624     0.311461
     0.309780     0.307461     0.304391     0.300465     0.295585     0.289665
     0.282635     0.274450     0.265096     0.254592     0.242990     0.230388
     0.216932     0.202836     0.188399     0.174002     0.161470
     0.149907     0.220031     0.407680     0.385293     0.340173     0.319512
     0.305373     0.294039     0.284514     0.276455     0.269697     0.264131
     0.259670     0.256231     0.253740     0.252133     0.251358     0.247510
     0.240693     0.234744     0.229415     0.224685     0.220563     0.217092
     0.214323     0.212307     0.211090     0.210718     0.211231     0.212662
     0.215034     0.218358     0.222624     0.227804     0.233845     0.240685
     0.248302     0.256676     0.265715     0.275659     0.285167     0.291531
     0.294250     0.295813     0.297277     0.298327     0.298901     0.298903
     0.298204     0.296655     0.294097     0.290365     0.285296     0.278738
     0.270566     0.260696     0.249104     0.235834     0.221017     0.204876
     0.187738     0.170035     0.152295     0.135124     0.119778
    0.0644547     0.182650     0.281246     0.321366     0.320043     0.305607
     0.289822     0.275543     0.263235     0.252841     0.244198     0.237135
     0.231492     0.227126     0.223918     0.221777     0.220653     0.220561
     0.217668     0.212531     0.207360     0.202905     0.199122     0.196136
     0.194002     0.192739     0.192351     0.192845     0.194237     0.196548
     0.199808     0.204050     0.209304     0.215576     0.222809     0.230818
     0.239780     0.249998     0.259967     0.267225     0.271237     0.274284
     0.277514     0.280600     0.283474     0.286012     0.288089     0.289564
     0.290268     0.290011     0.288573     0.285722     0.281211     0.274800
     0.266281     0.255507     0.242420     0.227084     0.209698     0.190609
     0.170301     0.149383     0.128554     0.108569    0.0902400
     0.299355     0.243140     0.448083     0.381363     0.322940     0.294102
     0.272453     0.254586     0.239666     0.227301     0.217176     0.209007
     0.202543     0.197561     0.193870     0.191314     0.189762     0.189103
     0.189222     0.189435     0.187502     0.183787     0.180145     0.177723
     0.176415     0.176094     0.176671     0.178100     0.180369     0.183497
     0.187529     0.192551     0.198700     0.206169     0.215178     0.223766
     0.233112     0.240537     0.245238     0.249204     0.253637     0.258197
     0.262831     0.267436     0.271915     0.276157     0.280034     0.283394
     0.286049     0.287773     0.288293     0.287296     0.284427     0.279310
     0.271588     0.260966     0.247282     0.230561     0.211052     0.189228
     0.165753     0.141441     0.117186    0.0938843    0.0718878
     0.182020     0.246516     0.296777     0.315823     0.300844     0.275697
     0.251462     0.230731     0.213648     0.199802     0.188707     0.179928
     0.173096     0.167902     0.164093     0.161462     0.159842     0.159097
     0.159121     0.159830     0.161377     0.162855     0.162643     0.161606
     0.161781     0.162823     0.164593     0.167044     0.170170     0.173989
     0.178543     0.183918     0.190298     0.198115     0.205131     0.210518
     0.216162     0.220918     0.226223     0.231784     0.237594     0.243593
     0.249729     0.255942     0.262167     0.268325     0.274319     0.280023
     0.285265     0.289823     0.293399     0.295617     0.296001     0.293985
     0.288941     0.280233     0.267354     0.250132     0.228860     0.204206
     0.177087     0.148623     0.120108    0.0929021    0.0675318
     0.303530     0.318245     0.434586     0.373049     0.301771     0.258906
     0.227627     0.203684     0.185065     0.170515     0.159164     0.150379
     0.143686     0.138713     0.135162     0.132795     0.131416     0.130867
     0.131025     0.131798     0.133137     0.134982     0.137571     0.139569
     0.141603     0.143931     0.146675     0.149900     0.153645     0.157928
     0.162744     0.168047     0.173703     0.179376     0.184228     0.189884
     0.195991     0.202323     0.208932     0.215804     0.222928     0.230292
     0.237883     0.245690     0.253698     0.261889     0.270235     0.278680
     0.287136     0.295462     0.303428     0.310692     0.316737     0.320835
     0.322048     0.319129     0.310055     0.293358     0.270536     0.242573
     0.210792     0.176377     0.140400     0.106988    0.0793036
     0.437424     0.485723     0.411673     0.329767     0.270502     0.227265
     0.195665     0.172027     0.153989     0.140086     0.129371     0.121198
     0.115100     0.110711     0.107734     0.105918     0.105049     0.104948
     0.105468     0.106496     0.107949     0.109765     0.111894     0.114187
     0.116691     0.119493     0.122673     0.126295     0.130403     0.135019
     0.140139     0.145723     0.151698     0.157959     0.164419     0.171203
     0.178306     0.185697     0.193368     0.201317     0.209550     0.218087
     0.226956     0.236197     0.245863     0.256017     0.266734     0.278092
     0.290169     0.303028     0.316701     0.331153     0.346205     0.361329
     0.375224     0.387710     0.409172     0.365150     0.353155     0.314829
     0.273882     0.255783     0.179217     0.134179     0.104843
     0.471464     0.429707     0.346224     0.268899     0.218331     0.183607
     0.157899     0.138087     0.122559     0.110352     0.100841    0.0935982
    0.0882997    0.0846703    0.0824509    0.0813903    0.0812498    0.0818152
    0.0829078    0.0843901    0.0861676    0.0881835    0.0904124    0.0928510
    0.0955404    0.0985486     0.101952     0.105819     0.110204     0.115135
     0.120616     0.126622     0.133106     0.140009     0.147279     0.154888
     0.162807     0.171014     0.179498     0.188264     0.197337     0.206762
     0.216604     0.226955     0.237939     0.249710     0.262470     0.276468
     0.292017     0.309505     0.329421     0.352393     0.379302     0.411814
     0.456185     0.522928     0.416317     0.335833     0.317067     0.253609
     0.239148     0.230974     0.266264     0.184726     0.129436
     0.469416     0.253608     0.217589     0.195920     0.165850     0.142192
     0.122994     0.107309    0.0944325    0.0838903    0.0754154    0.0688739
    0.0641799    0.0612165    0.0597885    0.0596230    0.0604082    0.0618460
    0.0636892    0.0657597    0.0679495    0.0702135    0.0725592    0.0750361
    0.0777280    0.0807388    0.0841770    0.0881396    0.0926995    0.0978964
     0.103734     0.110185     0.117192     0.124688     0.132598     0.140858
     0.149415     0.158232     0.167292     0.176604     0.186202     0.196151
     0.206547     0.217523     0.229257     0.241983     0.256016     0.271762
     0.289772     0.310784     0.335789     0.366104     0.403457     0.450727
     0.507976     0.455954     0.310324     0.241560     0.114196    0.0602739
     0.120806     0.247483     0.245287     0.199202     0.153172
     0.355706     0.227723     0.155196     0.137412     0.123061     0.107928
    0.0944195    0.0825527    0.0720044    0.0626392    0.0545478    0.0479847
    0.0432626    0.0405919    0.0399091    0.0408392    0.0428435    0.0454135
    0.0481732    0.0508915    0.0534587    0.0558591    0.0581487    0.0604386
    0.0628786    0.0656400    0.0688934    0.0727857    0.0774210    0.0828481
    0.0890593    0.0959983     0.103575     0.111681     0.120204     0.129044
     0.138122     0.147381     0.156796     0.166373     0.176153     0.186211
     0.196660     0.207653     0.219395     0.232156     0.246297     0.262303
     0.280845     0.302893     0.329888     0.364076     0.408930     0.465600
     0.478096     0.386138     0.296290     0.209459     0.154184     0.134986
     0.226642     0.274381     0.241429     0.197945     0.160325
     0.521376     0.135139     0.132006     0.117854    0.0912423    0.0807327
    0.0727522    0.0648454    0.0565149    0.0478858    0.0393915    0.0316895
    0.0256950    0.0224997    0.0226356    0.0252987    0.0291285    0.0331644
    0.0369157    0.0401749    0.0428954    0.0451319    0.0470148    0.0487372
    0.0505424    0.0527042    0.0554944    0.0591413    0.0637921    0.0694935
    0.0761961    0.0837787    0.0920777     0.100915     0.110119     0.119542
     0.129072     0.138631     0.148186     0.157740     0.167339     0.177065
     0.187035     0.197402     0.208362     0.220164     0.233125     0.247661
     0.264332     0.283927     0.307603     0.337143     0.375020     0.418805
     0.425578     0.379968     0.341401     0.315068     0.286316     0.280516
     0.290414     0.268197     0.224333     0.188176     0.159364
     0.325234     0.171238    0.0596489    0.0495759    0.0576424    0.0599286
    0.0592337    0.0555649    0.0492548    0.0410459    0.0317520    0.0221216
    0.0129320   0.00619643   0.00850602    0.0150046    0.0212026    0.0264973
    0.0307774    0.0340522    0.0363966    0.0379417    0.0388819    0.0394864
    0.0401095    0.0411801    0.0431499    0.0463979    0.0511311    0.0573493
    0.0648836    0.0734703    0.0828146    0.0926310     0.102669     0.112725
     0.122651     0.132358     0.141810     0.151022     0.160052     0.168994
     0.177970     0.187124     0.196621     0.206651     0.217432     0.229214
     0.242286     0.256984     0.273677     0.292738     0.314460     0.337258
     0.352901     0.353044     0.340367     0.333683     0.312679     0.298403
     0.271491     0.232536     0.199799     0.173289     0.152124
     0.593164     0.103188     0.120499    0.0574946    0.0384285    0.0530058
    0.0590320    0.0578532    0.0521218    0.0437743    0.0342126    0.0245570
    0.0160228    0.0109782    0.0123739    0.0173404    0.0225557    0.0270047
    0.0304033    0.0326841    0.0338744    0.0340676    0.0334293    0.0322304
    0.0309067    0.0301239    0.0307418    0.0335303    0.0387736    0.0462162
    0.0553387    0.0655956    0.0765010    0.0876443    0.0986941     0.109400
     0.119596     0.129199     0.138201     0.146656     0.154661     0.162344
     0.169845     0.177304     0.184862     0.192650     0.200792     0.209390
     0.218523     0.228222     0.238439     0.248990     0.259497     0.269494
     0.278166     0.281376     0.278791     0.271462     0.259569     0.242934
     0.220797     0.197174     0.175804     0.156970     0.141084
     0.356385     0.291805     0.165871    0.0933204    0.0851526    0.0908880
    0.0855357    0.0775744    0.0681222    0.0579328    0.0480699    0.0395310
    0.0332251    0.0297809    0.0291113    0.0303195    0.0322807    0.0341451
    0.0354039    0.0357862    0.0351657    0.0335052    0.0308298    0.0272415
    0.0230153    0.0189113    0.0168547    0.0195038    0.0269304    0.0373078
    0.0493058    0.0621048    0.0751067    0.0878331    0.0999060     0.111055
     0.121131     0.130104     0.138049     0.145115     0.151487     0.157360
     0.162915     0.168303     0.173648     0.179042     0.184545     0.190180
     0.195927     0.201715     0.207410     0.212801     0.217581     0.221323
     0.223426     0.223199     0.220197     0.214324     0.205700     0.194610
     0.181634     0.167734     0.153913     0.140830     0.128986
     0.299763     0.275544     0.248152     0.223176     0.191239     0.156220
     0.137439     0.120260     0.101481    0.0868345    0.0749010    0.0655372
    0.0585985    0.0537958    0.0507251    0.0488712    0.0476713    0.0466062
    0.0452580    0.0433271    0.0406345    0.0370902    0.0326254    0.0271379
    0.0204729    0.0124294   0.00282597   0.00870633    0.0219278    0.0366252
    0.0521367    0.0677468    0.0828494    0.0969087     0.109471     0.120235
     0.129141     0.136332     0.142076     0.146713     0.150580     0.153969
     0.157099     0.160124     0.163144     0.166209     0.169334     0.172494
     0.175632     0.178654     0.181431     0.183798     0.185547     0.186435
     0.186197     0.184584     0.181425     0.176662     0.170367     0.162743
     0.154110     0.144871     0.135445     0.126181     0.117347
     0.307868     0.321190     0.340208     0.370076     0.292302     0.144051
     0.148482     0.164280     0.159944     0.136443     0.118721     0.105331
    0.0944786    0.0857683    0.0788363    0.0733362    0.0687449    0.0646015
    0.0605713    0.0561919    0.0513165    0.0461890    0.0409733    0.0356930
    0.0304576    0.0258449    0.0236335    0.0269888    0.0377274    0.0546776
    0.0734090    0.0906251     0.107208     0.121503     0.133549     0.141484
     0.146396     0.149290     0.150673     0.151192     0.151362     0.151504
     0.151792     0.152303     0.153055     0.154026     0.155167     0.156408
     0.157662     0.158828     0.159790     0.160423     0.160589     0.160147
     0.158965     0.156932     0.153977     0.150086     0.145308     0.139754
     0.133590     0.127016     0.120239     0.113453     0.106770
     0.311423     0.340127     0.376810     0.437394     0.392088     0.237292
    0.0456542     0.110296     0.192747     0.214336     0.190168     0.162696
     0.143048     0.127359     0.113589     0.105103    0.0969829    0.0884138
    0.0839724    0.0771046    0.0677720    0.0606905    0.0554958    0.0518400
    0.0498317    0.0499878    0.0531766    0.0603765    0.0720801    0.0904232
     0.121973     0.119000     0.154804     0.153350     0.183850     0.179993
     0.176809     0.169865     0.162785     0.156808     0.152061     0.148439
     0.145785     0.143936     0.142735     0.142034     0.141698     0.141596
     0.141609     0.141622     0.141526     0.141217     0.140595     0.139570
     0.138063     0.136016     0.133397     0.130202     0.126463     0.122243
     0.117629     0.112731     0.107661     0.102530    0.0973802
     0.295284     0.319327     0.347074     0.378643     0.410460     0.431177
     0.307441     0.175826     0.175210     0.296786     0.257753     0.220218
     0.192157     0.161682     0.137220     0.129630     0.115476     0.100463
     0.101951    0.0967848    0.0854596    0.0769002    0.0717528    0.0696792
    0.0706213    0.0751245    0.0844310     0.100894     0.130055     0.160897
    0.0940041    0.0679029    0.0955870     0.126896     0.182298     0.259206
     0.220185     0.191005     0.172113     0.158869     0.149336     0.142436
     0.137468     0.133930     0.131444     0.129717     0.128520     0.127670
     0.127015     0.126432     0.125815     0.125074     0.124132     0.122923
     0.121397     0.119517     0.117265     0.114640     0.111661     0.108364
     0.104801     0.101033    0.0971264    0.0931474    0.0891071
     0.263188     0.285944     0.312561     0.341339     0.361422     0.409970
     0.554857     0.456488     0.241448     0.377452     0.277474     0.246484
     0.221842     0.173706     0.140797     0.141919     0.119411    0.0980356
     0.109056     0.113625     0.103454    0.0885582    0.0827568    0.0818049
    0.0845621    0.0912527     0.103066     0.122283     0.152258     0.168747
     0.129262    0.0650328     0.119366     0.121464     0.199017     0.248909
     0.224477     0.191290     0.167904     0.151369     0.139628     0.131341
     0.125551     0.121537     0.118761     0.116824     0.115438     0.114392
     0.113527     0.112722     0.111883     0.110937     0.109830     0.108522
     0.106988     0.105219     0.103216     0.100993    0.0985675    0.0959667
    0.0932181    0.0903531    0.0874012    0.0843935    0.0813170
