     -4.04247     -3.91855     -3.80201     -3.69220     -3.58856     -3.49057
     -3.39779     -3.30995     -3.22652     -3.14709     -3.07152     -2.99952
     -2.93092     -2.86540     -2.80258     -2.74266     -2.68513     -2.62976
     -2.57683     -2.52579     -2.47666     -2.42951     -2.38416     -2.34049
     -2.29839     -2.25778     -2.21859     -2.18075     -2.14418     -2.10882
     -2.07461     -2.04147     -2.00937     -1.97824     -1.94804     -1.91880
     -1.89042     -1.86287     -1.83612     -1.81012     -1.78485     -1.76027
     -1.73636     -1.71309     -1.69044     -1.66838     -1.64688     -1.62594
     -1.60552     -1.58560     -1.56618     -1.54722     -1.52872     -1.51066
     -1.49301     -1.47578     -1.45893     -1.44247     -1.42638     -1.41064
     -1.39524     -1.38018     -1.36544     -1.35101     -1.33688
     -4.04247     -3.91855     -3.80201     -3.69220     -3.58856     -3.49057
     -3.39797     -3.31004     -3.22655     -3.14713     -3.07153     -2.99951
     -2.93081     -2.86519     -2.80243     -2.74238     -2.68482     -2.62957
     -2.57657     -2.52561     -2.47661     -2.42950     -2.38416     -2.34049
     -2.29840     -2.25779     -2.21860     -2.18076     -2.14419     -2.10883
     -2.07462     -2.04148     -2.00938     -1.97825     -1.94805     -1.91880
     -1.89042     -1.86287     -1.83612     -1.81012     -1.78485     -1.76027
     -1.73636     -1.71309     -1.69044     -1.66838     -1.64688     -1.62594
     -1.60552     -1.58560     -1.56618     -1.54722     -1.52872     -1.51066
     -1.49301     -1.47578     -1.45893     -1.44247     -1.42638     -1.41064
     -1.39524     -1.38018     -1.36544     -1.35101     -1.33688
     -4.04247     -3.91855     -3.80201     -3.69220     -3.58856     -3.49062
     -3.39796     -3.31001     -3.22649     -3.14707     -3.07147     -2.99943
     -2.93069     -2.86504     -2.80226     -2.74217     -2.68460     -2.62939
     -2.57639     -2.52548     -2.47654     -2.42946     -2.38414     -2.34048
     -2.29838     -2.25778     -2.21859     -2.18074     -2.14416     -2.10880
     -2.07457     -2.04143     -2.00931     -1.97818     -1.94804     -1.91880
     -1.89042     -1.86287     -1.83612     -1.81012     -1.78485     -1.76027
     -1.73636     -1.71309     -1.69044     -1.66838     -1.64688     -1.62594
     -1.60552     -1.58560     -1.56618     -1.54722     -1.52872     -1.51066
     -1.49301     -1.47578     -1.45893     -1.44247     -1.42638     -1.41064
     -1.39524     -1.38018     -1.36544     -1.35101     -1.33688
     -4.04247     -3.91855     -3.80201     -3.69220     -3.58856     -3.49057
     -3.39779     -3.30984     -3.22634     -3.14695     -3.07137     -2.99934
     -2.93060     -2.86495     -2.80217     -2.74208     -2.68451     -2.62930
     -2.57631     -2.52542     -2.47649     -2.42942     -2.38411     -2.34045
     -2.29836     -2.25776     -2.21857     -2.18071     -2.14413     -2.10874
     -2.07450     -2.04136     -2.00927     -1.97818     -1.94804     -1.91880
     -1.89042     -1.86287     -1.83612     -1.81012     -1.78485     -1.76027
     -1.73636     -1.71309     -1.69044     -1.66838     -1.64688     -1.62594
     -1.60552     -1.58560     -1.56618     -1.54722     -1.52872     -1.51066
     -1.49301     -1.47578     -1.45893     -1.44247     -1.42638     -1.41064
     -1.39524     -1.38018     -1.36544     -1.35101     -1.33688
     -4.04247     -3.91855     -3.80201     -3.69220     -3.58856     -3.49057
     -3.39779     -3.30982     -3.22629     -3.14687     -3.07127     -2.99921
     -2.93048     -2.86484     -2.80208     -2.74199     -2.68443     -2.62923
     -2.57625     -2.52536     -2.47644     -2.42938     -2.38407     -2.34041
     -2.29833     -2.25773     -2.21853     -2.18067     -2.14408     -2.10870
     -2.07448     -2.04136     -2.00927     -1.97818     -1.94804     -1.91880
     -1.89042     -1.86287     -1.83612     -1.81012     -1.78485     -1.76027
     -1.73636     -1.71309     -1.69044     -1.66838     -1.64688     -1.62594
     -1.60552     -1.58560     -1.56618     -1.54722     -1.52872     -1.51066
     -1.49301     -1.47578     -1.45893     -1.44247     -1.42638     -1.41064
     -1.39524     -1.38018     -1.36544     -1.35101     -1.33688
     -4.04247     -3.91855     -3.80201     -3.69220     -3.58856     -3.49057
     -3.39779     -3.30982     -3.22629     -3.14687     -3.07127     -2.99921
     -2.93046     -2.86479     -2.80200     -2.74190     -2.68434     -2.62915
     -2.57618     -2.52530     -2.47639     -2.42933     -2.38403     -2.34038
     -2.29830     -2.25770     -2.21850     -2.18064     -2.14407     -2.10870
     -2.07448     -2.04136     -2.00927     -1.97818     -1.94804     -1.91880
     -1.89042     -1.86287     -1.83612     -1.81012     -1.78485     -1.76027
     -1.73636     -1.71309     -1.69044     -1.66838     -1.64688     -1.62594
     -1.60552     -1.58560     -1.56618     -1.54722     -1.52872     -1.51066
     -1.49301     -1.47578     -1.45893     -1.44247     -1.42638     -1.41064
     -1.39524     -1.38018     -1.36544     -1.35101     -1.33688
     -4.04247     -3.91855     -3.80201     -3.69220     -3.58856     -3.49057
     -3.39779     -3.30982     -3.22629     -3.14687     -3.07127     -2.99921
     -2.93046     -2.86479     -2.80200     -2.74190     -2.68432     -2.62912
     -2.57614     -2.52525     -2.47634     -2.42929     -2.38399     -2.34035
     -2.29827     -2.25767     -2.21849     -2.18064     -2.14407     -2.10870
     -2.07448     -2.04136     -2.00927     -1.97818     -1.94804     -1.91880
     -1.89042     -1.86287     -1.83612     -1.81012     -1.78485     -1.76027
     -1.73636     -1.71309     -1.69044     -1.66838     -1.64688     -1.62594
     -1.60552     -1.58560     -1.56618     -1.54722     -1.52872     -1.51066
     -1.49301     -1.47578     -1.45893     -1.44247     -1.42638     -1.41064
     -1.39524     -1.38018     -1.36544     -1.35101     -1.33688
     -4.04247     -3.91855     -3.80201     -3.69220     -3.58856     -3.49057
     -3.39779     -3.30982     -3.22629     -3.14687     -3.07127     -2.99921
     -2.93046     -2.86479     -2.80200     -2.74190     -2.68432     -2.62912
     -2.57614     -2.52525     -2.47633     -2.42927     -2.38397     -2.34033
     -2.29825     -2.25767     -2.21849     -2.18064     -2.14407     -2.10870
     -2.07448     -2.04136     -2.00927     -1.97818     -1.94804     -1.91880
     -1.89042     -1.86287     -1.83612     -1.81012     -1.78485     -1.76027
     -1.73636     -1.71309     -1.69044     -1.66838     -1.64688     -1.62594
     -1.60552     -1.58560     -1.56618     -1.54722     -1.52872     -1.51066
     -1.49301     -1.47578     -1.45893     -1.44247     -1.42638     -1.41064
     -1.39524     -1.38018     -1.36544     -1.35101     -1.33688
     -4.04247     -3.91855     -3.80201     -3.69220     -3.58856     -3.49057
     -3.39779     -3.30982     -3.22629     -3.14687     -3.07127     -2.99921
     -2.93046     -2.86479     -2.80200     -2.74190     -2.68432     -2.62912
     -2.57614     -2.52525     -2.47633     -2.42927     -2.38397     -2.34033
     -2.29826     -2.25767     -2.21849     -2.18064     -2.14407     -2.10870
     -2.07448     -2.04136     -2.00927     -1.97818     -1.94804     -1.91880
     -1.89042     -1.86287     -1.83612     -1.81012     -1.78485     -1.76027
     -1.73636     -1.71309     -1.69044     -1.66838     -1.64688     -1.62594
     -1.60552     -1.58560     -1.56618     -1.54722     -1.52872     -1.51066
     -1.49301     -1.47578     -1.45893     -1.44247     -1.42638     -1.41064
     -1.39524     -1.38018     -1.36544     -1.35101     -1.33688
     -4.04247     -3.91855     -3.80201     -3.69220     -3.58856     -3.49057
     -3.39779     -3.30982     -3.22629     -3.14687     -3.07127     -2.99921
     -2.93046     -2.86479     -2.80200     -2.74190     -2.68432     -2.62912
     -2.57614     -2.52525     -2.47633     -2.42927     -2.38397     -2.34034
     -2.29828     -2.25769     -2.21851     -2.18066     -2.14407     -2.10870
     -2.07448     -2.04136     -2.00927     -1.97818     -1.94804     -1.91880
     -1.89042     -1.86287     -1.83612     -1.81012     -1.78485     -1.76027
     -1.73636     -1.71309     -1.69044     -1.66838     -1.64688     -1.62594
     -1.60552     -1.58560     -1.56618     -1.54722     -1.52872     -1.51066
     -1.49301     -1.47578     -1.45893     -1.44247     -1.42638     -1.41064
     -1.39524     -1.38018     -1.36544     -1.35101     -1.33688
     -4.04247     -3.91855     -3.80201     -3.69220     -3.58856     -3.49057
     -3.39779     -3.30982     -3.22629     -3.14687     -3.07127     -2.99921
     -2.93046     -2.86479     -2.80200     -2.74190     -2.68432     -2.62912
     -2.57614     -2.52525     -2.47633     -2.42927     -2.38398     -2.34036
     -2.29830     -2.25772     -2.21855     -2.18070     -2.14411     -2.10872
     -2.07448     -2.04136     -2.00927     -1.97818     -1.94804     -1.91880
     -1.89042     -1.86287     -1.83612     -1.81012     -1.78485     -1.76027
     -1.73636     -1.71309     -1.69044     -1.66838     -1.64688     -1.62594
     -1.60552     -1.58560     -1.56618     -1.54722     -1.52872     -1.51066
     -1.49301     -1.47578     -1.45893     -1.44247     -1.42638     -1.41064
     -1.39524     -1.38018     -1.36544     -1.35101     -1.33688
     -4.04247     -3.91855     -3.80201     -3.69220     -3.58856     -3.49057
     -3.39779     -3.30982     -3.22629     -3.14687     -3.07127     -2.99921
     -2.93046     -2.86479     -2.80200     -2.74190     -2.68432     -2.62912
     -2.57614     -2.52525     -2.47633     -2.42927     -2.38401     -2.34039
     -2.29833     -2.25776     -2.21858     -2.18074     -2.14416     -2.10878
     -2.07454     -2.04139     -2.00927     -1.97818     -1.94804     -1.91880
     -1.89042     -1.86287     -1.83612     -1.81012     -1.78485     -1.76027
     -1.73636     -1.71309     -1.69044     -1.66838     -1.64688     -1.62594
     -1.60552     -1.58560     -1.56618     -1.54722     -1.52872     -1.51066
     -1.49301     -1.47578     -1.45893     -1.44247     -1.42638     -1.41064
     -1.39524     -1.38018     -1.36544     -1.35101     -1.33688
     -4.04247     -3.91855     -3.80201     -3.69220     -3.58856     -3.49057
     -3.39779     -3.30982     -3.22629     -3.14687     -3.07127     -2.99921
     -2.93046     -2.86479     -2.80200     -2.74190     -2.68432     -2.62912
     -2.57614     -2.52525     -2.47633     -2.42931     -2.38404     -2.34043
     -2.29837     -2.25779     -2.21862     -2.18077     -2.14420     -2.10882
     -2.07459     -2.04145     -2.00934     -1.97821     -1.94804     -1.91880
     -1.89042     -1.86287     -1.83612     -1.81012     -1.78485     -1.76027
     -1.73636     -1.71309     -1.69044     -1.66838     -1.64688     -1.62594
     -1.60552     -1.58560     -1.56618     -1.54722     -1.52872     -1.51066
     -1.49301     -1.47578     -1.45893     -1.44247     -1.42638     -1.41064
     -1.39524     -1.38018     -1.36544     -1.35101     -1.33688
     -4.04247     -3.91855     -3.80201     -3.69220     -3.58856     -3.49057
     -3.39779     -3.30982     -3.22629     -3.14687     -3.07127     -2.99921
     -2.93046     -2.86479     -2.80200     -2.74190     -2.68432     -2.62912
     -2.57614     -2.52525     -2.47636     -2.42935     -2.38408     -2.34046
     -2.29840     -2.25783     -2.21865     -2.18081     -2.14424     -2.10887
     -2.07464     -2.04150     -2.00940     -1.97828     -1.94811     -1.91883
     -1.89042     -1.86287     -1.83612     -1.81012     -1.78485     -1.76027
     -1.73636     -1.71309     -1.69044     -1.66838     -1.64688     -1.62594
     -1.60552     -1.58560     -1.56618     -1.54722     -1.52872     -1.51066
     -1.49301     -1.47578     -1.45893     -1.44247     -1.42638     -1.41064
     -1.39524     -1.38018     -1.36544     -1.35101     -1.33688
     -4.04247     -3.91855     -3.80201     -3.69220     -3.58856     -3.49057
     -3.39779     -3.30982     -3.22629     -3.14687     -3.07127     -2.99921
     -2.93046     -2.86479     -2.80200     -2.74190     -2.68432     -2.62912
     -2.57614     -2.52527     -2.47641     -2.42940     -2.38412     -2.34050
     -2.29844     -2.25787     -2.21870     -2.18087     -2.14430     -2.10893
     -2.07470     -2.04156     -2.00946     -1.97834     -1.94818     -1.91891
     -1.89050     -1.86290     -1.83612     -1.81012     -1.78485     -1.76027
     -1.73636     -1.71309     -1.69044     -1.66838     -1.64688     -1.62594
     -1.60552     -1.58560     -1.56618     -1.54722     -1.52872     -1.51066
     -1.49301     -1.47578     -1.45893     -1.44247     -1.42638     -1.41064
     -1.39524     -1.38018     -1.36544     -1.35101     -1.33688
     -4.04247     -3.91855     -3.80201     -3.69220     -3.58856     -3.49057
     -3.39779     -3.30982     -3.22629     -3.14687     -3.07127     -2.99921
     -2.93046     -2.86479     -2.80200     -2.74190     -2.68432     -2.62912
     -2.57614     -2.52533     -2.47646     -2.42944     -2.38416     -2.34055
     -2.29850     -2.25794     -2.21878     -2.18096     -2.14440     -2.10903
     -2.07481     -2.04166     -2.00955     -1.97843     -1.94825     -1.91898
     -1.89057     -1.86299     -1.83619     -1.81013     -1.78485     -1.76027
     -1.73636     -1.71309     -1.69044     -1.66838     -1.64688     -1.62594
     -1.60552     -1.58560     -1.56618     -1.54722     -1.52872     -1.51066
     -1.49301     -1.47578     -1.45893     -1.44247     -1.42638     -1.41064
     -1.39524     -1.38018     -1.36544     -1.35101     -1.33688
     -4.04247     -3.91855     -3.80201     -3.69220     -3.58856     -3.49057
     -3.39779     -3.30982     -3.22629     -3.14687     -3.07127     -2.99921
     -2.93046     -2.86479     -2.80200     -2.74190     -2.68432     -2.62912
     -2.57621     -2.52538     -2.47651     -2.42949     -2.38422     -2.34063
     -2.29860     -2.25806     -2.21894     -2.18113     -2.14459     -2.10924
     -2.07502     -2.04187     -2.00975     -1.97860     -1.94840     -1.91910
     -1.89067     -1.86307     -1.83627     -1.81023     -1.78491     -1.76027
     -1.73636     -1.71309     -1.69044     -1.66838     -1.64688     -1.62594
     -1.60552     -1.58560     -1.56618     -1.54722     -1.52872     -1.51066
     -1.49301     -1.47578     -1.45893     -1.44247     -1.42638     -1.41064
     -1.39524     -1.38018     -1.36544     -1.35101     -1.33688
     -4.04247     -3.91855     -3.80201     -3.69220     -3.58856     -3.49057
     -3.39779     -3.30982     -3.22629     -3.14687     -3.07127     -2.99921
     -2.93046     -2.86479     -2.80200     -2.74190     -2.68432     -2.62918
     -2.57627     -2.52543     -2.47656     -2.42956     -2.38432     -2.34076
     -2.29879     -2.25830     -2.21922     -2.18147     -2.14497     -2.10964
     -2.07544     -2.04229     -2.01015     -1.97898     -1.94873     -1.91938
     -1.89089     -1.86324     -1.83639     -1.81032     -1.78500     -1.76037
     -1.73640     -1.71309     -1.69044     -1.66838     -1.64688     -1.62594
     -1.60552     -1.58560     -1.56618     -1.54722     -1.52872     -1.51066
     -1.49301     -1.47578     -1.45893     -1.44247     -1.42638     -1.41064
     -1.39524     -1.38018     -1.36544     -1.35101     -1.33688
     -4.04247     -3.91855     -3.80201     -3.69220     -3.58856     -3.49057
     -3.39779     -3.30982     -3.22629     -3.14687     -3.07127     -2.99921
     -2.93046     -2.86479     -2.80200     -2.74190     -2.68436     -2.62924
     -2.57632     -2.52549     -2.47665     -2.42968     -2.38451     -2.34103
     -2.29914     -2.25874     -2.21975     -2.18209     -2.14567     -2.11040
     -2.07623     -2.04310     -2.01095     -1.97974     -1.94942     -1.91999
     -1.89140     -1.86364     -1.83669     -1.81053     -1.78513     -1.76047
     -1.73650     -1.71318     -1.69044     -1.66838     -1.64688     -1.62594
     -1.60552     -1.58560     -1.56618     -1.54722     -1.52872     -1.51066
     -1.49301     -1.47578     -1.45893     -1.44247     -1.42638     -1.41064
     -1.39524     -1.38018     -1.36544     -1.35101     -1.33688
     -4.04247     -3.91855     -3.80201     -3.69220     -3.58856     -3.49057
     -3.39779     -3.30982     -3.22629     -3.14687     -3.07127     -2.99921
     -2.93046     -2.86479     -2.80200     -2.74190     -2.68444     -2.62930
     -2.57639     -2.52558     -2.47680     -2.42992     -2.38486     -2.34151
     -2.29977     -2.25953     -2.22070     -2.18319     -2.14690     -2.11175
     -2.07765     -2.04455     -2.01239     -1.98113     -1.95073     -1.92117
     -1.89242     -1.86449     -1.83737     -1.81104     -1.78548     -1.76069
     -1.73663     -1.71327     -1.69055     -1.66842     -1.64688     -1.62594
     -1.60552     -1.58560     -1.56618     -1.54722     -1.52872     -1.51066
     -1.49301     -1.47578     -1.45893     -1.44247     -1.42638     -1.41064
     -1.39524     -1.38018     -1.36544     -1.35101     -1.33688
     -4.04247     -3.91855     -3.80201     -3.69220     -3.58856     -3.49057
     -3.39779     -3.30982     -3.22629     -3.14687     -3.07127     -2.99921
     -2.93046     -2.86479     -2.80200     -2.74199     -2.68450     -2.62937
     -2.57649     -2.52576     -2.47708     -2.43035     -2.38548     -2.34234
     -2.30085     -2.26087     -2.22231     -2.18504     -2.14898     -2.11401
     -2.08005     -2.04703     -2.01488     -1.98356     -1.95302     -1.92328
     -1.89431     -1.86612     -1.83871     -1.81209     -1.78627     -1.76123
     -1.73697     -1.71346     -1.69066     -1.66852     -1.64696     -1.62594
     -1.60552     -1.58560     -1.56618     -1.54722     -1.52872     -1.51066
     -1.49301     -1.47578     -1.45893     -1.44247     -1.42638     -1.41064
     -1.39524     -1.38018     -1.36544     -1.35101     -1.33688
     -4.04247     -3.91855     -3.80201     -3.69220     -3.58856     -3.49057
     -3.39779     -3.30982     -3.22629     -3.14687     -3.07127     -2.99921
     -2.93046     -2.86479     -2.80205     -2.74206     -2.68457     -2.62947
     -2.57667     -2.52608     -2.47759     -2.43110     -2.38651     -2.34373
     -2.30261     -2.26304     -2.22488     -2.18801     -2.15231     -2.11765
     -2.08391     -2.05103     -2.01892     -1.98753     -1.95682     -1.92682
     -1.89752     -1.86893     -1.84110     -1.81404     -1.78780     -1.76237
     -1.73776     -1.71396     -1.69094     -1.66866     -1.64705     -1.62603
     -1.60552     -1.58560     -1.56618     -1.54722     -1.52872     -1.51066
     -1.49301     -1.47578     -1.45893     -1.44247     -1.42638     -1.41064
     -1.39524     -1.38018     -1.36544     -1.35101     -1.33688
     -4.04247     -3.91855     -3.80201     -3.69220     -3.58856     -3.49057
     -3.39779     -3.30982     -3.22629     -3.14687     -3.07127     -2.99921
     -2.93046     -2.86479     -2.80213     -2.74212     -2.68466     -2.62964
     -2.57699     -2.52661     -2.47841     -2.43230     -2.38817     -2.34589
     -2.30534     -2.26637     -2.22884     -2.19258     -2.15742     -2.12323
     -2.08985     -2.05721     -2.02517     -1.99370     -1.96278     -1.93241
     -1.90262     -1.87347     -1.84502     -1.81731     -1.79043     -1.76440
     -1.73925     -1.71498     -1.69158     -1.66901     -1.64721     -1.62611
     -1.60561     -1.58560     -1.56618     -1.54722     -1.52872     -1.51066
     -1.49301     -1.47578     -1.45893     -1.44247     -1.42638     -1.41064
     -1.39524     -1.38018     -1.36544     -1.35101     -1.33688
     -4.04247     -3.91855     -3.80201     -3.69220     -3.58856     -3.49057
     -3.39779     -3.30982     -3.22629     -3.14687     -3.07127     -2.99921
     -2.93046     -2.86488     -2.80220     -2.74220     -2.68481     -2.62994
     -2.57752     -2.52746     -2.47970     -2.43412     -2.39063     -2.34909
     -2.30936     -2.27126     -2.23461     -2.19923     -2.16488     -2.13139
     -2.09856     -2.06625     -2.03436     -2.00281     -1.97160     -1.94074
     -1.91029     -1.88034     -1.85101     -1.82240     -1.79460     -1.76770
     -1.74175     -1.71678     -1.69280     -1.66976     -1.64762     -1.62630
     -1.60570     -1.58570     -1.56618     -1.54722     -1.52872     -1.51066
     -1.49301     -1.47578     -1.45893     -1.44247     -1.42638     -1.41064
     -1.39524     -1.38018     -1.36544     -1.35101     -1.33688
     -4.04247     -3.91855     -3.80201     -3.69220     -3.58856     -3.49057
     -3.39779     -3.30982     -3.22629     -3.14687     -3.07127     -2.99921
     -2.93048     -2.86495     -2.80226     -2.74232     -2.68506     -2.63041
     -2.57832     -2.52872     -2.48154     -2.43669     -2.39408     -2.35354
     -2.31493     -2.27803     -2.24263     -2.20845     -2.17522     -2.14269
     -2.11064     -2.07887     -2.04719     -2.01557     -1.98399     -1.95246
     -1.92112     -1.89012     -1.85960     -1.82974     -1.80069     -1.77260
     -1.74555     -1.71961     -1.69479     -1.67108     -1.64842     -1.62672
     -1.60588     -1.58578     -1.56626     -1.54722     -1.52872     -1.51066
     -1.49301     -1.47578     -1.45893     -1.44247     -1.42638     -1.41064
     -1.39524     -1.38018     -1.36544     -1.35101     -1.33688
     -4.04247     -3.91855     -3.80201     -3.69220     -3.58856     -3.49057
     -3.39779     -3.30982     -3.22629     -3.14687     -3.07127     -2.99921
     -2.93056     -2.86500     -2.80234     -2.74250     -2.68543     -2.63109
     -2.57943     -2.53042     -2.48401     -2.44010     -2.39863     -2.35940
     -2.32225     -2.28692     -2.25312     -2.22051     -2.18875     -2.15754
     -2.12652     -2.09543     -2.06410     -2.03241     -2.00036     -1.96803
     -1.93556     -1.90318     -1.87111     -1.83963     -1.80897     -1.77933
     -1.75085     -1.72364     -1.69773     -1.67311     -1.64972     -1.62748
     -1.60626     -1.58593     -1.56633     -1.54729     -1.52872     -1.51066
     -1.49301     -1.47578     -1.45893     -1.44247     -1.42638     -1.41064
     -1.39524     -1.38018     -1.36544     -1.35101     -1.33688
     -4.04247     -3.91855     -3.80201     -3.69220     -3.58856     -3.49057
     -3.39779     -3.30982     -3.22629     -3.14687     -3.07127     -2.99921
     -2.93062     -2.86506     -2.80246     -2.74276     -2.68594     -2.63197
     -2.58085     -2.53257     -2.48709     -2.44435     -2.40424     -2.36660
     -2.33124     -2.29780     -2.26598     -2.23533     -2.20540     -2.17578
     -2.14603     -2.11584     -2.08494     -2.05321     -2.02061     -1.98731
     -1.95348     -1.91941     -1.88551     -1.85206     -1.81941     -1.78788
     -1.75764     -1.72886     -1.70160     -1.67586     -1.65158     -1.62864
     -1.60691     -1.58624     -1.56645     -1.54735     -1.52875     -1.51066
     -1.49301     -1.47578     -1.45893     -1.44247     -1.42638     -1.41064
     -1.39524     -1.38018     -1.36544     -1.35101     -1.33688
     -4.04247     -3.91855     -3.80201     -3.69220     -3.58856     -3.49057
     -3.39779     -3.30982     -3.22629     -3.14687     -3.07127     -2.99927
     -2.93066     -2.86512     -2.80261     -2.74309     -2.68656     -2.63304
     -2.58254     -2.53507     -2.49064     -2.44920     -2.41065     -2.37483
     -2.34148     -2.31023     -2.28063     -2.25221     -2.22438     -2.19660
     -2.16834     -2.13917     -2.10880     -2.07701     -2.04385     -2.00942
     -1.97405     -1.93813     -1.90210     -1.86642     -1.83153     -1.79785
     -1.76562     -1.73506     -1.70626     -1.67922     -1.65390     -1.63015
     -1.60782     -1.58672     -1.56666     -1.54742     -1.52881     -1.51066
     -1.49301     -1.47578     -1.45893     -1.44247     -1.42638     -1.41064
     -1.39524     -1.38018     -1.36544     -1.35101     -1.33688
     -4.04247     -3.91855     -3.80201     -3.69220     -3.58856     -3.49057
     -3.39779     -3.30982     -3.22629     -3.14687     -3.07127     -2.99932
     -2.93070     -2.86520     -2.80279     -2.74346     -2.68725     -2.63420
     -2.58434     -2.53774     -2.49439     -2.45432     -2.41740     -2.38346
     -2.35219     -2.32320     -2.29594     -2.26985     -2.24420     -2.21835
     -2.19163     -2.16355     -2.13373     -2.10191     -2.06815     -2.03259
     -1.99564     -1.95775     -1.91953     -1.88152     -1.84434     -1.80840
     -1.77410     -1.74168     -1.71127     -1.68291     -1.65648     -1.63189
     -1.60890     -1.58733     -1.56696     -1.54754     -1.52886     -1.51070
     -1.49301     -1.47578     -1.45893     -1.44247     -1.42638     -1.41064
     -1.39524     -1.38018     -1.36544     -1.35101     -1.33688
     -4.04247     -3.91855     -3.80201     -3.69220     -3.58856     -3.49057
     -3.39779     -3.30982     -3.22629     -3.14687     -3.07127     -2.99936
     -2.93073     -2.86528     -2.80297     -2.74384     -2.68794     -2.63532
     -2.58606     -2.54025     -2.49795     -2.45911     -2.42372     -2.39152
     -2.36220     -2.33530     -2.31025     -2.28631     -2.26270     -2.23864
     -2.21337     -2.18631     -2.15697     -2.12513     -2.09081     -2.05420
     -2.01576     -1.97609     -1.93582     -1.89567     -1.85631     -1.81830
     -1.78206     -1.74794     -1.71605     -1.68643     -1.65899     -1.63360
     -1.61001     -1.58799     -1.56730     -1.54769     -1.52891     -1.51074
     -1.49301     -1.47578     -1.45893     -1.44247     -1.42638     -1.41064
     -1.39524     -1.38018     -1.36544     -1.35101     -1.33688
     -4.04247     -3.91855     -3.80201     -3.69220     -3.58856     -3.49057
     -3.39779     -3.30982     -3.22629     -3.14687     -3.07127     -2.99938
     -2.93076     -2.86535     -2.80315     -2.74418     -2.68850     -2.63625
     -2.58748     -2.54231     -2.50082     -2.46300     -2.42879     -2.39797
     -2.37022     -2.34499     -2.32165     -2.29941     -2.27740     -2.25475
     -2.23063     -2.20435     -2.17539     -2.14353     -2.10874     -2.07131
     -2.03169     -1.99058     -1.94870     -1.90683     -1.86578     -1.82612
     -1.78838     -1.75290     -1.71984     -1.68924     -1.66102     -1.63499
     -1.61092     -1.58855     -1.56761     -1.54783     -1.52896     -1.51077
     -1.49301     -1.47578     -1.45893     -1.44247     -1.42638     -1.41064
     -1.39524     -1.38018     -1.36544     -1.35101     -1.33688
     -4.04247     -3.91855     -3.80201     -3.69220     -3.58856     -3.49057
     -3.39779     -3.30982     -3.22629     -3.14687     -3.07128     -2.99940
     -2.93078     -2.86540     -2.80326     -2.74440     -2.68889     -2.63684
     -2.58838     -2.54359     -2.50260     -2.46536     -2.43189     -2.40187
     -2.37503     -2.35078     -2.32843     -2.30718     -2.28607     -2.26421
     -2.24074     -2.21488     -2.18614     -2.15421     -2.11915     -2.08120
     -2.04089     -1.99892     -1.95611     -1.91326     -1.87121     -1.83060
     -1.79199     -1.75574     -1.72201     -1.69085     -1.66217     -1.63580
     -1.61146     -1.58889     -1.56780     -1.54792     -1.52900     -1.51078
     -1.49304     -1.47578     -1.45893     -1.44247     -1.42638     -1.41064
     -1.39524     -1.38018     -1.36544     -1.35101     -1.33688
     -4.04247     -3.91855     -3.80201     -3.69220     -3.58856     -3.49057
     -3.39779     -3.30982     -3.22629     -3.14687     -3.07129     -2.99940
     -2.93079     -2.86542     -2.80330     -2.74447     -2.68901     -2.63700
     -2.58861     -2.54389     -2.50300     -2.46587     -2.43249     -2.40260
     -2.37587     -2.35172     -2.32948     -2.30833     -2.28729     -2.26549
     -2.24204     -2.21616     -2.18740     -2.15541     -2.12027     -2.08221
     -2.04180     -1.99969     -1.95676     -1.91381     -1.87165     -1.83095
     -1.79225     -1.75593     -1.72215     -1.69094     -1.66224     -1.63584
     -1.61149     -1.58890     -1.56781     -1.54793     -1.52900     -1.51078
     -1.49304     -1.47578     -1.45893     -1.44247     -1.42638     -1.41064
     -1.39524     -1.38018     -1.36544     -1.35101     -1.33688
     -4.04247     -3.91855     -3.80201     -3.69220     -3.58856     -3.49057
     -3.39779     -3.30982     -3.22629     -3.14687     -3.07129     -2.99940
     -2.93079     -2.86541     -2.80326     -2.74438     -2.68884     -2.63672
     -2.58814     -2.54319     -2.50195     -2.46442     -2.43052     -2.40003
     -2.37258     -2.34769     -2.32464     -2.30267     -2.28087     -2.25836
     -2.23430     -2.20798     -2.17896     -2.14691     -2.11190     -2.07416
     -2.03424     -1.99276     -1.95055     -1.90838     -1.86701     -1.82708
     -1.78909     -1.75343     -1.72021     -1.68951     -1.66120     -1.63511
     -1.61099     -1.58860     -1.56764     -1.54785     -1.52897     -1.51077
     -1.49302     -1.47578     -1.45893     -1.44247     -1.42638     -1.41064
     -1.39524     -1.38018     -1.36544     -1.35101     -1.33688
     -4.04247     -3.91855     -3.80201     -3.69220     -3.58856     -3.49057
     -3.39779     -3.30982     -3.22629     -3.14687     -3.07127     -2.99939
     -2.93077     -2.86536     -2.80315     -2.74416     -2.68842     -2.63603
     -2.58706     -2.54157     -2.49964     -2.46125     -2.42628     -2.39458
     -2.36576     -2.33934     -2.31472     -2.29113     -2.26784     -2.24397
     -2.21880     -2.19168     -2.16222     -2.13011     -2.09543     -2.05839
     -2.01948     -1.97928     -1.93851     -1.89788     -1.85808     -1.81966
     -1.78310     -1.74867     -1.71658     -1.68679     -1.65924     -1.63375
     -1.61010     -1.58804     -1.56733     -1.54770     -1.52892     -1.51075
     -1.49301     -1.47578     -1.45893     -1.44247     -1.42638     -1.41064
     -1.39524     -1.38018     -1.36544     -1.35101     -1.33688
     -4.04247     -3.91855     -3.80201     -3.69220     -3.58856     -3.49057
     -3.39779     -3.30982     -3.22629     -3.14687     -3.07127     -2.99937
     -2.93074     -2.86529     -2.80298     -2.74382     -2.68783     -2.63505
     -2.58553     -2.53932     -2.49643     -2.45685     -2.42047     -2.38709
     -2.35639     -2.32795     -2.30119     -2.27553     -2.25021     -2.22458
     -2.19794     -2.16981     -2.13979     -2.10766     -2.07346     -2.03740
     -1.99988     -1.96140     -1.92258     -1.88404     -1.84630     -1.80991
     -1.77523     -1.74251     -1.71186     -1.68329     -1.65674     -1.63204
     -1.60899     -1.58739     -1.56698     -1.54755     -1.52886     -1.51070
     -1.49301     -1.47578     -1.45893     -1.44247     -1.42638     -1.41064
     -1.39524     -1.38018     -1.36544     -1.35101     -1.33688
     -4.04247     -3.91855     -3.80201     -3.69220     -3.58856     -3.49057
     -3.39779     -3.30982     -3.22629     -3.14687     -3.07127     -2.99935
     -2.93071     -2.86522     -2.80281     -2.74345     -2.68715     -2.63392
     -2.58377     -2.53672     -2.49276     -2.45184     -2.41385     -2.37859
     -2.34579     -2.31510     -2.28599     -2.25799     -2.23048     -2.20287
     -2.17469     -2.14544     -2.11484     -2.08272     -2.04911     -2.01416
     -1.97822     -1.94168     -1.90506     -1.86881     -1.83345     -1.79929
     -1.76669     -1.73582     -1.70679     -1.67957     -1.65411     -1.63028
     -1.60789     -1.58675     -1.56667     -1.54743     -1.52882     -1.51066
     -1.49301     -1.47578     -1.45893     -1.44247     -1.42638     -1.41064
     -1.39524     -1.38018     -1.36544     -1.35101     -1.33688
     -4.04247     -3.91855     -3.80201     -3.69220     -3.58856     -3.49057
     -3.39779     -3.30982     -3.22629     -3.14687     -3.07127     -2.99931
     -2.93068     -2.86515     -2.80263     -2.74309     -2.68649     -2.63281
     -2.58203     -2.53413     -2.48908     -2.44682     -2.40723     -2.37012
     -2.33524     -2.30231     -2.27090     -2.24060     -2.21094     -2.18145
     -2.15174     -2.12144     -2.09033     -2.05827     -2.02524     -1.99146
     -1.95710     -1.92251     -1.88804     -1.85410     -1.82103     -1.78908
     -1.75853     -1.72948     -1.70202     -1.67612     -1.65172     -1.62872
     -1.60695     -1.58626     -1.56645     -1.54735     -1.52875     -1.51066
     -1.49301     -1.47578     -1.45893     -1.44247     -1.42638     -1.41064
     -1.39524     -1.38018     -1.36544     -1.35101     -1.33688
     -4.04247     -3.91855     -3.80201     -3.69220     -3.58856     -3.49057
     -3.39779     -3.30982     -3.22629     -3.14687     -3.07127     -2.99926
     -2.93064     -2.86508     -2.80248     -2.74278     -2.68590     -2.63180
     -2.58045     -2.53177     -2.48574     -2.44226     -2.40119     -2.36241
     -2.32567     -2.29071     -2.25724     -2.22491     -2.19335     -2.16222
     -2.13119     -2.09999     -2.06845     -2.03647     -2.00406     -1.97131
     -1.93841     -1.90557     -1.87309     -1.84121     -1.81018     -1.78022
     -1.75149     -1.72407     -1.69800     -1.67326     -1.64981     -1.62752
     -1.60628     -1.58594     -1.56633     -1.54729     -1.52872     -1.51066
     -1.49301     -1.47578     -1.45893     -1.44247     -1.42638     -1.41064
     -1.39524     -1.38018     -1.36544     -1.35101     -1.33688
     -4.04247     -3.91855     -3.80201     -3.69220     -3.58856     -3.49057
     -3.39779     -3.30982     -3.22629     -3.14687     -3.07127     -2.99921
     -2.93060     -2.86503     -2.80237     -2.74253     -2.68542     -2.63097
     -2.57913     -2.52980     -2.48293     -2.43841     -2.39612     -2.35592
     -2.31763     -2.28101     -2.24582     -2.21184     -2.17871     -2.14623
     -2.11413     -2.08225     -2.05040     -2.01853     -1.98666     -1.95482
     -1.92315     -1.89181     -1.86095     -1.83080     -1.80149     -1.77317
     -1.74595     -1.71986     -1.69495     -1.67117     -1.64846     -1.62673
     -1.60588     -1.58578     -1.56626     -1.54722     -1.52872     -1.51066
     -1.49301     -1.47578     -1.45893     -1.44247     -1.42638     -1.41064
     -1.39524     -1.38018     -1.36544     -1.35101     -1.33688
     -4.04247     -3.91855     -3.80201     -3.69220     -3.58856     -3.49057
     -3.39779     -3.30982     -3.22629     -3.14687     -3.07127     -2.99921
     -2.93055     -2.86498     -2.80229     -2.74235     -2.68506     -2.63035
     -2.57812     -2.52828     -2.48074     -2.43540     -2.39214     -2.35084
     -2.31133     -2.27342     -2.23692     -2.20164     -2.16734     -2.13385
     -2.10096     -2.06855     -2.03649     -2.00477     -1.97335     -1.94224
     -1.91155     -1.88139     -1.85185     -1.82303     -1.79506     -1.76802
     -1.74196     -1.71691     -1.69287     -1.66979     -1.64763     -1.62630
     -1.60570     -1.58570     -1.56618     -1.54722     -1.52872     -1.51066
     -1.49301     -1.47578     -1.45893     -1.44247     -1.42638     -1.41064
     -1.39524     -1.38018     -1.36544     -1.35101     -1.33688
     -4.04247     -3.91855     -3.80201     -3.69220     -3.58856     -3.49057
     -3.39779     -3.30982     -3.22629     -3.14687     -3.07127     -2.99921
     -2.93047     -2.86493     -2.80222     -2.74222     -2.68482     -2.62992
     -2.57740     -2.52717     -2.47914     -2.43320     -2.38922     -2.34710
     -2.30669     -2.26782     -2.23037     -2.19415     -2.15901     -2.12479
     -2.09135     -2.05861     -2.02646     -1.99485     -1.96378     -1.93326
     -1.90333     -1.87404     -1.84545     -1.81764     -1.79066     -1.76455
     -1.73934     -1.71503     -1.69160     -1.66902     -1.64721     -1.62611
     -1.60561     -1.58560     -1.56618     -1.54722     -1.52872     -1.51066
     -1.49301     -1.47578     -1.45893     -1.44247     -1.42638     -1.41064
     -1.39524     -1.38018     -1.36544     -1.35101     -1.33688
     -4.04247     -3.91855     -3.80201     -3.69220     -3.58856     -3.49057
     -3.39779     -3.30982     -3.22629     -3.14687     -3.07127     -2.99921
     -2.93046     -2.86486     -2.80217     -2.74214     -2.68467     -2.62964
     -2.57693     -2.52643     -2.47805     -2.43168     -2.38720     -2.34450
     -2.30345     -2.26394     -2.22581     -2.18895     -2.15323     -2.11853
     -2.08475     -2.05178     -2.01958     -1.98810     -1.95732     -1.92722
     -1.89783     -1.86917     -1.84127     -1.81416     -1.78787     -1.76241
     -1.73778     -1.71397     -1.69094     -1.66865     -1.64704     -1.62602
     -1.60552     -1.58560     -1.56618     -1.54722     -1.52872     -1.51066
     -1.49301     -1.47578     -1.45893     -1.44247     -1.42638     -1.41064
     -1.39524     -1.38018     -1.36544     -1.35101     -1.33688
     -4.04247     -3.91855     -3.80201     -3.69220     -3.58856     -3.49057
     -3.39779     -3.30982     -3.22629     -3.14687     -3.07127     -2.99921
     -2.93046     -2.86479     -2.80211     -2.74208     -2.68458     -2.62947
     -2.57664     -2.52597     -2.47736     -2.43070     -2.38588     -2.34279
     -2.30132     -2.26137     -2.22280     -2.18552     -2.14943     -2.11443
     -2.08043     -2.04734     -2.01514     -1.98377     -1.95319     -1.92340
     -1.89439     -1.86617     -1.83874     -1.81210     -1.78627     -1.76123
     -1.73697     -1.71346     -1.69066     -1.66852     -1.64695     -1.62594
     -1.60552     -1.58560     -1.56618     -1.54722     -1.52872     -1.51066
     -1.49301     -1.47578     -1.45893     -1.44247     -1.42638     -1.41064
     -1.39524     -1.38018     -1.36544     -1.35101     -1.33688
     -4.04247     -3.91855     -3.80201     -3.69220     -3.58856     -3.49057
     -3.39779     -3.30982     -3.22629     -3.14687     -3.07127     -2.99921
     -2.93046     -2.86479     -2.80203     -2.74203     -2.68452     -2.62937
     -2.57647     -2.52570     -2.47695     -2.43010     -2.38507     -2.34174
     -2.30000     -2.25976     -2.22092     -2.18339     -2.14707     -2.11188
     -2.07775     -2.04462     -2.01242     -1.98114     -1.95072     -1.92114
     -1.89239     -1.86446     -1.83734     -1.81101     -1.78546     -1.76067
     -1.73662     -1.71326     -1.69055     -1.66842     -1.64688     -1.62594
     -1.60552     -1.58560     -1.56618     -1.54722     -1.52872     -1.51066
     -1.49301     -1.47578     -1.45893     -1.44247     -1.42638     -1.41064
     -1.39524     -1.38018     -1.36544     -1.35101     -1.33688
     -4.04247     -3.91855     -3.80201     -3.69220     -3.58856     -3.49057
     -3.39779     -3.30982     -3.22629     -3.14687     -3.07127     -2.99921
     -2.93046     -2.86479     -2.80200     -2.74195     -2.68446     -2.62930
     -2.57637     -2.52555     -2.47672     -2.42977     -2.38461     -2.34112
     -2.29923     -2.25882     -2.21982     -2.18213     -2.14568     -2.11039
     -2.07619     -2.04304     -2.01088     -1.97965     -1.94934     -1.91991
     -1.89133     -1.86358     -1.83665     -1.81050     -1.78511     -1.76046
     -1.73649     -1.71317     -1.69044     -1.66838     -1.64688     -1.62594
     -1.60552     -1.58560     -1.56618     -1.54722     -1.52872     -1.51066
     -1.49301     -1.47578     -1.45893     -1.44247     -1.42638     -1.41064
     -1.39524     -1.38018     -1.36544     -1.35101     -1.33688
     -4.04247     -3.91855     -3.80201     -3.69220     -3.58856     -3.49057
     -3.39779     -3.30982     -3.22629     -3.14687     -3.07127     -2.99921
     -2.93046     -2.86479     -2.80200     -2.74190     -2.68438     -2.62925
     -2.57631     -2.52547     -2.47659     -2.42959     -2.38436     -2.34079
     -2.29880     -2.25830     -2.21920     -2.18143     -2.14491     -2.10957
     -2.07535     -2.04219     -2.01005     -1.97888     -1.94865     -1.91930
     -1.89083     -1.86319     -1.83636     -1.81030     -1.78498     -1.76036
     -1.73639     -1.71309     -1.69044     -1.66838     -1.64688     -1.62594
     -1.60552     -1.58560     -1.56618     -1.54722     -1.52872     -1.51066
     -1.49301     -1.47578     -1.45893     -1.44247     -1.42638     -1.41064
     -1.39524     -1.38018     -1.36544     -1.35101     -1.33688
     -4.04247     -3.91855     -3.80201     -3.69220     -3.58856     -3.49057
     -3.39779     -3.30982     -3.22629     -3.14687     -3.07127     -2.99921
     -2.93046     -2.86479     -2.80200     -2.74190     -2.68432     -2.62917
     -2.57625     -2.52540     -2.47652     -2.42950     -2.38423     -2.34062
     -2.29858     -2.25803     -2.21889     -2.18107     -2.14451     -2.10915
     -2.07492     -2.04178     -2.00966     -1.97852     -1.94833     -1.91905
     -1.89063     -1.86304     -1.83625     -1.81021     -1.78488     -1.76027
     -1.73636     -1.71309     -1.69044     -1.66838     -1.64688     -1.62594
     -1.60552     -1.58560     -1.56618     -1.54722     -1.52872     -1.51066
     -1.49301     -1.47578     -1.45893     -1.44247     -1.42638     -1.41064
     -1.39524     -1.38018     -1.36544     -1.35101     -1.33688
     -4.04247     -3.91855     -3.80201     -3.69220     -3.58856     -3.49057
     -3.39779     -3.30982     -3.22629     -3.14687     -3.07127     -2.99921
     -2.93046     -2.86479     -2.80200     -2.74190     -2.68432     -2.62912
     -2.57617     -2.52534     -2.47646     -2.42943     -2.38415     -2.34053
     -2.29847     -2.25790     -2.21873     -2.18090     -2.14433     -2.10896
     -2.07473     -2.04159     -2.00949     -1.97837     -1.94820     -1.91894
     -1.89054     -1.86295     -1.83615     -1.81012     -1.78485     -1.76027
     -1.73636     -1.71309     -1.69044     -1.66838     -1.64688     -1.62594
     -1.60552     -1.58560     -1.56618     -1.54722     -1.52872     -1.51066
     -1.49301     -1.47578     -1.45893     -1.44247     -1.42638     -1.41064
     -1.39524     -1.38018     -1.36544     -1.35101     -1.33688
     -4.04247     -3.91855     -3.80201     -3.69220     -3.58856     -3.49057
     -3.39779     -3.30982     -3.22629     -3.14687     -3.07127     -2.99921
     -2.93046     -2.86479     -2.80200     -2.74190     -2.68432     -2.62912
     -2.57614     -2.52526     -2.47639     -2.42937     -2.38409     -2.34047
     -2.29841     -2.25783     -2.21865     -2.18081     -2.14424     -2.10887
     -2.07464     -2.04150     -2.00940     -1.97829     -1.94812     -1.91885
     -1.89043     -1.86287     -1.83612     -1.81012     -1.78485     -1.76027
     -1.73636     -1.71309     -1.69044     -1.66838     -1.64688     -1.62594
     -1.60552     -1.58560     -1.56618     -1.54722     -1.52872     -1.51066
     -1.49301     -1.47578     -1.45893     -1.44247     -1.42638     -1.41064
     -1.39524     -1.38018     -1.36544     -1.35101     -1.33688
     -4.04247     -3.91855     -3.80201     -3.69220     -3.58856     -3.49057
     -3.39779     -3.30982     -3.22629     -3.14687     -3.07127     -2.99921
     -2.93046     -2.86479     -2.80200     -2.74190     -2.68432     -2.62912
     -2.57614     -2.52525     -2.47633     -2.42928     -2.38401     -2.34040
     -2.29834     -2.25776     -2.21859     -2.18075     -2.14417     -2.10880
     -2.07456     -2.04142     -2.00931     -1.97819     -1.94804     -1.91880
     -1.89042     -1.86287     -1.83612     -1.81012     -1.78485     -1.76027
     -1.73636     -1.71309     -1.69044     -1.66838     -1.64688     -1.62594
     -1.60552     -1.58560     -1.56618     -1.54722     -1.52872     -1.51066
     -1.49301     -1.47578     -1.45893     -1.44247     -1.42638     -1.41064
     -1.39524     -1.38018     -1.36544     -1.35101     -1.33688
     -4.04247     -3.91855     -3.80201     -3.69220     -3.58856     -3.49057
     -3.39779     -3.30982     -3.22629     -3.14687     -3.07127     -2.99921
     -2.93046     -2.86479     -2.80200     -2.74190     -2.68432     -2.62912
     -2.57614     -2.52525     -2.47633     -2.42927     -2.38397     -2.34033
     -2.29825     -2.25767     -2.21849     -2.18065     -2.14407     -2.10870
     -2.07448     -2.04136     -2.00927     -1.97818     -1.94804     -1.91880
     -1.89042     -1.86287     -1.83612     -1.81012     -1.78485     -1.76027
     -1.73636     -1.71309     -1.69044     -1.66838     -1.64688     -1.62594
     -1.60552     -1.58560     -1.56618     -1.54722     -1.52872     -1.51066
     -1.49301     -1.47578     -1.45893     -1.44247     -1.42638     -1.41064
     -1.39524     -1.38018     -1.36544     -1.35101     -1.33688
     -4.04247     -3.91855     -3.80201     -3.69220     -3.58856     -3.49057
     -3.39779     -3.30982     -3.22629     -3.14687     -3.07127     -2.99921
     -2.93046     -2.86479     -2.80200     -2.74190     -2.68432     -2.62912
     -2.57614     -2.52525     -2.47633     -2.42927     -2.38397     -2.34033
     -2.29825     -2.25767     -2.21849     -2.18064     -2.14407     -2.10870
     -2.07448     -2.04136     -2.00927     -1.97818     -1.94804     -1.91880
     -1.89042     -1.86287     -1.83612     -1.81012     -1.78485     -1.76027
     -1.73636     -1.71309     -1.69044     -1.66838     -1.64688     -1.62594
     -1.60552     -1.58560     -1.56618     -1.54722     -1.52872     -1.51066
     -1.49301     -1.47578     -1.45893     -1.44247     -1.42638     -1.41064
     -1.39524     -1.38018     -1.36544     -1.35101     -1.33688
     -4.04247     -3.91855     -3.80201     -3.69220     -3.58856     -3.49057
     -3.39779     -3.30982     -3.22629     -3.14687     -3.07127     -2.99921
     -2.93046     -2.86479     -2.80200     -2.74190     -2.68432     -2.62912
     -2.57614     -2.52525     -2.47633     -2.42927     -2.38397     -2.34033
     -2.29825     -2.25767     -2.21849     -2.18064     -2.14407     -2.10870
     -2.07448     -2.04136     -2.00927     -1.97818     -1.94804     -1.91880
     -1.89042     -1.86287     -1.83612     -1.81012     -1.78485     -1.76027
     -1.73636     -1.71309     -1.69044     -1.66838     -1.64688     -1.62594
     -1.60552     -1.58560     -1.56618     -1.54722     -1.52872     -1.51066
     -1.49301     -1.47578     -1.45893     -1.44247     -1.42638     -1.41064
     -1.39524     -1.38018     -1.36544     -1.35101     -1.33688
     -4.04247     -3.91855     -3.80201     -3.69220     -3.58856     -3.49057
     -3.39779     -3.30982     -3.22629     -3.14687     -3.07127     -2.99921
     -2.93046     -2.86479     -2.80200     -2.74190     -2.68432     -2.62912
     -2.57614     -2.52525     -2.47633     -2.42927     -2.38397     -2.34033
     -2.29825     -2.25767     -2.21849     -2.18064     -2.14407     -2.10870
     -2.07448     -2.04136     -2.00927     -1.97818     -1.94804     -1.91880
     -1.89042     -1.86287     -1.83612     -1.81012     -1.78485     -1.76027
     -1.73636     -1.71309     -1.69044     -1.66838     -1.64688     -1.62594
     -1.60552     -1.58560     -1.56618     -1.54722     -1.52872     -1.51066
     -1.49301     -1.47578     -1.45893     -1.44247     -1.42638     -1.41064
     -1.39524     -1.38018     -1.36544     -1.35101     -1.33688
     -4.04247     -3.91855     -3.80201     -3.69220     -3.58856     -3.49057
     -3.39779     -3.30982     -3.22629     -3.14687     -3.07127     -2.99921
     -2.93046     -2.86479     -2.80200     -2.74190     -2.68432     -2.62912
     -2.57614     -2.52525     -2.47633     -2.42927     -2.38397     -2.34033
     -2.29825     -2.25767     -2.21849     -2.18064     -2.14407     -2.10870
     -2.07448     -2.04136     -2.00927     -1.97818     -1.94804     -1.91880
     -1.89042     -1.86287     -1.83612     -1.81012     -1.78485     -1.76027
     -1.73636     -1.71309     -1.69044     -1.66838     -1.64688     -1.62594
     -1.60552     -1.58560     -1.56618     -1.54722     -1.52872     -1.51066
     -1.49301     -1.47578     -1.45893     -1.44247     -1.42638     -1.41064
     -1.39524     -1.38018     -1.36544     -1.35101     -1.33688
     -4.04247     -3.91855     -3.80201     -3.69220     -3.58856     -3.49057
     -3.39779     -3.30982     -3.22629     -3.14687     -3.07127     -2.99921
     -2.93046     -2.86479     -2.80200     -2.74190     -2.68432     -2.62912
     -2.57614     -2.52525     -2.47633     -2.42927     -2.38397     -2.34033
     -2.29825     -2.25767     -2.21849     -2.18064     -2.14407     -2.10870
     -2.07448     -2.04136     -2.00927     -1.97818     -1.94804     -1.91880
     -1.89042     -1.86287     -1.83612     -1.81012     -1.78485     -1.76027
     -1.73636     -1.71309     -1.69044     -1.66838     -1.64688     -1.62594
     -1.60552     -1.58560     -1.56618     -1.54722     -1.52872     -1.51066
     -1.49301     -1.47578     -1.45893     -1.44247     -1.42638     -1.41064
     -1.39524     -1.38018     -1.36544     -1.35101     -1.33688
     -4.04247     -3.91855     -3.80201     -3.69220     -3.58856     -3.49057
     -3.39779     -3.30982     -3.22629     -3.14687     -3.07127     -2.99921
     -2.93046     -2.86479     -2.80200     -2.74190     -2.68432     -2.62912
     -2.57614     -2.52525     -2.47633     -2.42927     -2.38397     -2.34033
     -2.29825     -2.25767     -2.21849     -2.18064     -2.14407     -2.10870
     -2.07448     -2.04136     -2.00927     -1.97818     -1.94804     -1.91880
     -1.89042     -1.86287     -1.83612     -1.81012     -1.78485     -1.76027
     -1.73636     -1.71309     -1.69044     -1.66838     -1.64688     -1.62594
     -1.60552     -1.58560     -1.56618     -1.54722     -1.52872     -1.51066
     -1.49301     -1.47578     -1.45893     -1.44247     -1.42638     -1.41064
     -1.39524     -1.38018     -1.36544     -1.35101     -1.33688
     -4.04247     -3.91855     -3.80201     -3.69220     -3.58856     -3.49057
     -3.39779     -3.30982     -3.22629     -3.14687     -3.07127     -2.99921
     -2.93046     -2.86479     -2.80200     -2.74190     -2.68432     -2.62912
     -2.57614     -2.52525     -2.47633     -2.42927     -2.38397     -2.34033
     -2.29825     -2.25767     -2.21849     -2.18064     -2.14407     -2.10870
     -2.07448     -2.04136     -2.00927     -1.97818     -1.94804     -1.91880
     -1.89042     -1.86287     -1.83612     -1.81012     -1.78485     -1.76027
     -1.73636     -1.71309     -1.69044     -1.66838     -1.64688     -1.62594
     -1.60552     -1.58560     -1.56618     -1.54722     -1.52872     -1.51066
     -1.49301     -1.47578     -1.45893     -1.44247     -1.42638     -1.41064
     -1.39524     -1.38018     -1.36544     -1.35101     -1.33688
     -4.04247     -3.91855     -3.80201     -3.69220     -3.58856     -3.49057
     -3.39779     -3.30982     -3.22629     -3.14687     -3.07127     -2.99921
     -2.93046     -2.86479     -2.80200     -2.74190     -2.68432     -2.62912
     -2.57614     -2.52525     -2.47633     -2.42927     -2.38397     -2.34033
     -2.29825     -2.25767     -2.21849     -2.18064     -2.14407     -2.10870
     -2.07448     -2.04136     -2.00927     -1.97818     -1.94804     -1.91880
     -1.89042     -1.86287     -1.83612     -1.81012     -1.78485     -1.76027
     -1.73636     -1.71309     -1.69044     -1.66838     -1.64688     -1.62594
     -1.60552     -1.58560     -1.56618     -1.54722     -1.52872     -1.51066
     -1.49301     -1.47578     -1.45893     -1.44247     -1.42638     -1.41064
     -1.39524     -1.38018     -1.36544     -1.35101     -1.33688
     -4.04247     -3.91855     -3.80201     -3.69220     -3.58856     -3.49057
     -3.39779     -3.30982     -3.22629     -3.14687     -3.07127     -2.99921
     -2.93046     -2.86479     -2.80200     -2.74190     -2.68432     -2.62912
     -2.57614     -2.52525     -2.47633     -2.42927     -2.38397     -2.34033
     -2.29825     -2.25767     -2.21849     -2.18064     -2.14407     -2.10870
     -2.07448     -2.04136     -2.00927     -1.97818     -1.94804     -1.91880
     -1.89042     -1.86287     -1.83612     -1.81012     -1.78485     -1.76027
     -1.73636     -1.71309     -1.69044     -1.66838     -1.64688     -1.62594
     -1.60552     -1.58560     -1.56618     -1.54722     -1.52872     -1.51066
     -1.49301     -1.47578     -1.45893     -1.44247     -1.42638     -1.41064
     -1.39524     -1.38018     -1.36544     -1.35101     -1.33688
     -4.04247     -3.91855     -3.80201     -3.69220     -3.58856     -3.49057
     -3.39779     -3.30982     -3.22629     -3.14687     -3.07127     -2.99921
     -2.93046     -2.86479     -2.80200     -2.74190     -2.68432     -2.62912
     -2.57614     -2.52525     -2.47633     -2.42927     -2.38397     -2.34033
     -2.29825     -2.25767     -2.21849     -2.18064     -2.14407     -2.10870
     -2.07448     -2.04136     -2.00927     -1.97818     -1.94804     -1.91880
     -1.89042     -1.86287     -1.83612     -1.81012     -1.78485     -1.76027
     -1.73636     -1.71309     -1.69044     -1.66838     -1.64688     -1.62594
     -1.60552     -1.58560     -1.56618     -1.54722     -1.52872     -1.51066
     -1.49301     -1.47578     -1.45893     -1.44247     -1.42638     -1.41064
     -1.39524     -1.38018     -1.36544     -1.35101     -1.33688
     -4.04247     -3.91855     -3.80201     -3.69220     -3.58856     -3.49057
     -3.39779     -3.30982     -3.22629     -3.14687     -3.07127     -2.99921
     -2.93046     -2.86479     -2.80200     -2.74190     -2.68432     -2.62912
     -2.57614     -2.52525     -2.47633     -2.42927     -2.38397     -2.34033
     -2.29825     -2.25767     -2.21849     -2.18064     -2.14407     -2.10870
     -2.07448     -2.04136     -2.00927     -1.97818     -1.94804     -1.91880
     -1.89042     -1.86287     -1.83612     -1.81012     -1.78485     -1.76027
     -1.73636     -1.71309     -1.69044     -1.66838     -1.64688     -1.62594
     -1.60552     -1.58560     -1.56618     -1.54722     -1.52872     -1.51066
     -1.49301     -1.47578     -1.45893     -1.44247     -1.42638     -1.41064
     -1.39524     -1.38018     -1.36544     -1.35101     -1.33688
     -4.04247     -3.91855     -3.80201     -3.69220     -3.58856     -3.49057
     -3.39779     -3.30982     -3.22629     -3.14687     -3.07127     -2.99921
     -2.93046     -2.86479     -2.80200     -2.74190     -2.68432     -2.62912
     -2.57614     -2.52525     -2.47633     -2.42927     -2.38397     -2.34033
     -2.29825     -2.25767     -2.21849     -2.18064     -2.14407     -2.10870
     -2.07448     -2.04136     -2.00927     -1.97818     -1.94804     -1.91880
     -1.89042     -1.86287     -1.83612     -1.81012     -1.78485     -1.76027
     -1.73636     -1.71309     -1.69044     -1.66838     -1.64688     -1.62594
     -1.60552     -1.58560     -1.56618     -1.54722     -1.52872     -1.51066
     -1.49301     -1.47578     -1.45893     -1.44247     -1.42638     -1.41064
     -1.39524     -1.38018     -1.36544     -1.35101     -1.33688
     -4.04247     -3.91855     -3.80201     -3.69220     -3.58856     -3.49057
     -3.39779     -3.30982     -3.22629     -3.14687     -3.07127     -2.99921
     -2.93046     -2.86479     -2.80200     -2.74190     -2.68432     -2.62912
     -2.57614     -2.52525     -2.47633     -2.42927     -2.38397     -2.34033
     -2.29825     -2.25767     -2.21849     -2.18064     -2.14407     -2.10870
     -2.07448     -2.04136     -2.00927     -1.97818     -1.94804     -1.91880
     -1.89042     -1.86287     -1.83612     -1.81012     -1.78485     -1.76027
     -1.73636     -1.71309     -1.69044     -1.66838     -1.64688     -1.62594
     -1.60552     -1.58560     -1.56618     -1.54722     -1.52872     -1.51066
     -1.49301     -1.47578     -1.45893     -1.44247     -1.42638     -1.41064
     -1.39524     -1.38018     -1.36544     -1.35101     -1.33688
