     0.343662     0.373161     0.405257     0.438983     0.465628     0.509947
     0.629919     0.552683     0.285165     0.193542     0.235555     0.338530
     0.345072     0.194753     0.131220     0.207176     0.174309    0.0961396
     0.168895     0.301517     0.311407     0.212730     0.154845     0.115901
    0.0870548    0.0646636    0.0492858    0.0483319    0.0693381    0.0883263
    0.0879847    0.0967555     0.137736     0.170183     0.220765     0.264823
     0.246842     0.216031     0.193694     0.177667     0.166087     0.157738
     0.151741     0.147423     0.144278     0.141931     0.140107     0.138603
     0.137264     0.135972     0.134631     0.133167     0.131522     0.129651
     0.127529     0.125142     0.122493     0.119596     0.116471     0.113150
     0.109665     0.106054     0.102350    0.0985903    0.0947549
     0.379373     0.416289     0.455424     0.495382     0.528334     0.569678
     0.424206     0.231897     0.110313    0.0374234     0.120868     0.209101
     0.259911     0.251276     0.213991     0.242255     0.234575     0.192705
     0.223722     0.238347     0.210146     0.165501     0.126926    0.0957504
    0.0693288    0.0450791    0.0205701   0.00916904    0.0435595    0.0629774
    0.0475524    0.0717069     0.117528     0.160205     0.212609     0.265905
     0.249047     0.221328     0.201892     0.188077     0.178045     0.170701
     0.165319     0.161385     0.158513     0.156403     0.154823     0.153586
     0.152539     0.151553     0.150518     0.149342     0.147939     0.146240
     0.144187     0.141739     0.138873     0.135584     0.131890     0.127828
     0.123453     0.118832     0.114042     0.109159     0.104191
     0.396634     0.446470     0.504321     0.586047     0.539223     0.404337
     0.291162     0.213888     0.223417     0.190534     0.188979     0.211555
     0.240661     0.251589     0.243647     0.246298     0.237897     0.217773
     0.211287     0.190720     0.155830     0.127635     0.104622    0.0852624
    0.0690032    0.0559352    0.0475362    0.0476636    0.0604678    0.0873637
     0.119631     0.136906     0.165827     0.182794     0.208430     0.219387
     0.215424     0.205267     0.196067     0.188677     0.182928     0.178561
     0.175329     0.173014     0.171423     0.170381     0.169736     0.169345
     0.169076     0.168806     0.168416     0.167793     0.166827     0.165417
     0.163474     0.160928     0.157735     0.153885     0.149400     0.144344
     0.138809     0.132914     0.126788     0.120562     0.114279
     0.392302     0.438377     0.491725     0.554010     0.507622     0.387316
     0.350374     0.316482     0.289625     0.256878     0.235771     0.226491
     0.222308     0.217754     0.210762     0.201480     0.189673     0.175617
     0.160001     0.142552     0.124047     0.106665    0.0918747    0.0801158
    0.0714910    0.0662457    0.0650177    0.0688833    0.0790784    0.0959199
     0.115010     0.131884     0.148697     0.162462     0.174318     0.181001
     0.184298     0.185492     0.185300     0.184522     0.183683     0.183060
     0.182772     0.182850     0.183276     0.184000     0.184951     0.186044
     0.187175     0.188232     0.189085     0.189595     0.189610     0.188973
     0.187531     0.185149     0.181734     0.177249     0.171725     0.165265
     0.158039     0.150264     0.142178     0.134010     0.125894
     0.369595     0.399299     0.429895     0.455582     0.455876     0.410884
     0.365516     0.326958     0.291510     0.263821     0.242367     0.225692
     0.212018     0.199596     0.187198     0.174192     0.160371     0.145822
     0.130840     0.115888     0.101636    0.0888950    0.0783968    0.0706329
    0.0658513    0.0641484    0.0655719    0.0701612    0.0778393    0.0881771
     0.100309     0.113267     0.126238     0.138506     0.149479     0.158752
     0.166247     0.172142     0.176749     0.180436     0.183548     0.186362
     0.189077     0.191820     0.194667     0.197650     0.200767     0.203979
     0.207215     0.210373     0.213309     0.215844     0.217753     0.218772
     0.218605     0.216961     0.213609     0.208437     0.201473     0.192893
     0.183011     0.172255     0.161104     0.149995     0.139264
     0.337690     0.363470     0.376598     0.382498     0.380982     0.362565
     0.333048     0.304489     0.278646     0.255677     0.235438     0.217471
     0.201131     0.185755     0.170799     0.155912     0.140952     0.125963
     0.111150    0.0968545    0.0835433    0.0717842    0.0622194    0.0555085
    0.0521850    0.0524160    0.0558715    0.0619591    0.0701013    0.0798272
    0.0907003     0.102272     0.114087     0.125713     0.136779     0.147009
     0.156256     0.164497     0.171818     0.178377     0.184364     0.189974
     0.195380     0.200726     0.206129     0.211669     0.217402     0.223346
     0.229475     0.235717     0.241932     0.247902     0.253309     0.257716
     0.260517     0.260944     0.258361     0.252520     0.243476     0.231479
     0.217034     0.201063     0.184729     0.168956     0.154467
     0.260870     0.321387     0.349868     0.342136     0.330244     0.316874
     0.300151     0.281458     0.262255     0.243411     0.225306     0.208011
     0.191414     0.175322     0.159545     0.143942     0.128452     0.113095
    0.0979703    0.0832501    0.0691822    0.0561326    0.0447211    0.0361308
    0.0323214    0.0346717    0.0417019    0.0511349    0.0616305    0.0727312
    0.0842357    0.0959775     0.107771     0.119415     0.130719     0.141528
     0.151741     0.161324     0.170304     0.178760     0.186813     0.194602
     0.202278     0.209987     0.217875     0.226076     0.234718     0.243911
     0.253740     0.264247     0.275399     0.287034     0.298794     0.310127
     0.320475     0.326524     0.325726     0.319042     0.307154     0.290126
     0.267216     0.239844     0.213990     0.190799     0.171089
     0.268261     0.287023     0.301193     0.305091     0.300653     0.291345
     0.279031     0.264749     0.249287     0.233248     0.217034     0.200874
     0.184867     0.169030     0.153343     0.137779     0.122325     0.106984
    0.0917786    0.0767299    0.0618472    0.0471049    0.0324319    0.0178155
   0.00653784    0.0171435    0.0317045    0.0452749    0.0579238    0.0701978
    0.0823201    0.0943492     0.106262     0.117994     0.129466     0.140609
     0.151376     0.161756     0.171772     0.181487     0.190993     0.200415
     0.209896     0.219596     0.229700     0.240410     0.251958     0.264609
     0.278666     0.294480     0.312437     0.332926     0.356229     0.382126
     0.404187     0.415409     0.403219     0.395349     0.377715     0.356010
     0.335072     0.289659     0.247958     0.214257     0.187595
     0.223087     0.274476     0.301517     0.296499     0.287335     0.278532
     0.267959     0.255705     0.242191     0.227841     0.212998     0.197911
     0.182746     0.167601     0.152536     0.137590     0.122796     0.108185
    0.0937987    0.0796857    0.0659216    0.0526583    0.0403013    0.0300890
    0.0200881    0.0221962    0.0377626    0.0526741    0.0633479    0.0746770
    0.0862324    0.0978618     0.109468     0.120982     0.132349     0.143527
     0.154498     0.165264     0.175853     0.186325     0.196766     0.207294
     0.218058     0.229236     0.241048     0.253762     0.267721     0.283357
     0.301248     0.322194     0.347346     0.378459     0.418177     0.468297
     0.503673     0.468514     0.416717     0.387106     0.354883     0.334202
     0.343935     0.334832     0.284949     0.237835     0.200443
     0.240568     0.260389     0.277884     0.284254     0.281961     0.275073
     0.265494     0.254109     0.241480     0.228031     0.214082     0.199872
     0.185575     0.171316     0.157189     0.143272     0.129642     0.116389
     0.103626    0.0915116    0.0802813    0.0702868    0.0620563    0.0509650
    0.0388991    0.0360076    0.0443869    0.0602101    0.0743454    0.0852294
    0.0955872     0.106317     0.117168     0.128085     0.139007     0.149894
     0.160726     0.171506     0.182260     0.193039     0.203924     0.215025
     0.226487     0.238490     0.251270     0.265120     0.280430     0.297712
     0.317667     0.341292     0.370050     0.406208     0.453350     0.515830
     0.568300     0.497482     0.381239     0.285205     0.203870     0.163828
     0.222192     0.324799     0.308970     0.255945     0.206678
     0.232823     0.272293     0.297383     0.298372     0.290908     0.282175
     0.271689     0.259857     0.247139     0.233896     0.220391     0.206812
     0.193300     0.179962     0.166891     0.154173     0.141903     0.130195
     0.119199     0.109122     0.100268    0.0930912    0.0826977    0.0685857
    0.0579601    0.0533258    0.0563821    0.0662612    0.0805867    0.0960383
     0.109313     0.119402     0.128965     0.138956     0.149111     0.159396
     0.169770     0.180224     0.190766     0.201435     0.212292     0.223432
     0.234977     0.247087     0.259969     0.273887     0.289183     0.306304
     0.325836     0.348574     0.375582     0.408290     0.448559     0.499101
     0.564635     0.578526     0.421464     0.303758     0.189456    0.0538149
     0.106181     0.246857     0.312630     0.263064     0.204931
     0.269665     0.301564     0.318255     0.319335     0.311265     0.299481
     0.286223     0.272473     0.258658     0.244968     0.231495     0.218302
     0.205440     0.192958     0.180908     0.169350     0.158354     0.147998
     0.138367     0.129540     0.121564     0.114372     0.102422    0.0882547
    0.0777436    0.0718964    0.0716301    0.0769219    0.0867106    0.0996080
     0.114899     0.130546     0.143554     0.153200     0.162246     0.171715
     0.181368     0.191203     0.201204     0.211386     0.221784     0.232465
     0.243514     0.255048     0.267215     0.280198     0.294230     0.309595
     0.326646     0.345825     0.367680     0.392912     0.422453     0.457807
     0.503163     0.577733     0.536052     0.408055     0.398336     0.314757
     0.288946     0.271263     0.329610     0.258079     0.175228
     0.305403     0.373590     0.385163     0.373272     0.349689     0.326871
     0.307317     0.290143     0.274551     0.260073     0.246442     0.233514
     0.221214     0.209511     0.198402     0.187907     0.178063     0.168917
     0.160517     0.152909     0.146143     0.135172     0.120372     0.107638
    0.0976821    0.0912588    0.0890127    0.0911730    0.0973981     0.106959
     0.119084     0.133075     0.148774     0.164549     0.177380     0.186661
     0.195276     0.204288     0.213474     0.222852     0.232423     0.242219
     0.252289     0.262693     0.273510     0.284825     0.296741     0.309367
     0.322814     0.337189     0.352573     0.368999     0.386381     0.404363
     0.421908     0.437547     0.460665     0.440934     0.407145     0.400974
     0.332276     0.326336     0.245714     0.184522     0.148071
     0.247256     0.282229     0.461620     0.435376     0.381273     0.350309
     0.327490     0.308637     0.292201     0.277432     0.263905     0.251370
     0.239677     0.228738     0.218509     0.208983     0.200178     0.192130
     0.184879     0.178430     0.167642     0.152803     0.139330     0.127621
     0.118162     0.111476     0.108029     0.108087     0.111613     0.118272
     0.127570     0.138990     0.152108     0.166548     0.182377     0.198154
     0.210724     0.219526     0.227562     0.235907     0.244344     0.252910
     0.261633     0.270527     0.279598     0.288845     0.298259     0.307809
     0.317429     0.327007     0.336348     0.345148     0.352935     0.359020
     0.362486     0.362156     0.356120     0.341868     0.319939     0.292096
     0.259182     0.223069     0.184152     0.146085     0.113933
     0.140563     0.233770     0.335584     0.381355     0.378895     0.361601
     0.342786     0.325389     0.309721     0.295574     0.282688     0.270855
     0.259929     0.249806     0.240426     0.231766     0.223846     0.216748
     0.210666     0.200782     0.186113     0.172351     0.159821     0.148838
     0.139746     0.132910     0.128672     0.127272     0.128782     0.133083
     0.139897     0.148865     0.159623     0.171851     0.185314     0.199792
     0.215459     0.230989     0.242998     0.250894     0.257792     0.264789
     0.271909     0.279085     0.286249     0.293326     0.300229     0.306842
     0.313007     0.318517     0.323089     0.326359     0.327860     0.327021
     0.323189     0.315664     0.303803     0.287229     0.266053     0.240860
     0.212555     0.182275     0.151362     0.121342    0.0931650
     0.272834     0.274672     0.513179     0.457900     0.401329     0.375773
     0.357025     0.341003     0.326724     0.313815     0.302047     0.291252
     0.281305     0.272106     0.263575     0.255645     0.248239     0.241243
     0.234437     0.222567     0.207597     0.194187     0.182199     0.171695
     0.162851     0.155902     0.151093     0.148623     0.148602     0.151015
     0.155724     0.162499     0.171062     0.181135     0.192469     0.204867
     0.218195     0.232318     0.247438     0.262233     0.272783     0.277820
     0.283336     0.288815     0.294123     0.299148     0.303770     0.307839
     0.311174     0.313553     0.314708     0.314324     0.312037     0.307451
     0.300174     0.289853     0.276251     0.259306     0.239190     0.216320
     0.191333     0.165041     0.138365     0.112241    0.0869801
    0.0324758     0.195381     0.328163     0.386940     0.393259     0.382337
     0.368523     0.355232     0.343017     0.331846     0.321599     0.312165
     0.303454     0.295394     0.287919     0.280970     0.274480     0.268377
     0.257889     0.243337     0.229845     0.217464     0.206239     0.196262
     0.187676     0.180663     0.175420     0.172123     0.170894     0.171777
     0.174719     0.179583     0.186170     0.194253     0.203605     0.214028
     0.225372     0.237550     0.250571     0.264517     0.279987     0.290521
     0.296141     0.300183     0.303790     0.306985     0.309653     0.311648
     0.312803     0.312927     0.311803     0.309192     0.304836     0.298472
     0.289865     0.278824     0.265246     0.249142     0.230663     0.210114
     0.187946     0.164746     0.141197     0.118037    0.0959145
     0.258522     0.293100     0.532118     0.468039     0.413418     0.392858
     0.379517     0.368523     0.358673     0.349612     0.341208     0.333402
     0.326160     0.319457     0.313276     0.307596     0.302354     0.292684
     0.278920     0.265973     0.253833     0.242529     0.232115     0.222684
     0.214364     0.207316     0.201715     0.197730     0.195497     0.195095
     0.196530     0.199733     0.204567     0.210849     0.218377     0.226956
     0.236418     0.246642     0.257559     0.269153     0.281448     0.294358
     0.306656     0.314228     0.315763     0.317318     0.318355     0.318707
     0.318242     0.316822     0.314293     0.310489     0.305236     0.298363
     0.289723     0.279198     0.266733     0.252333     0.236090     0.218196
     0.198945     0.178749     0.158132     0.137720     0.118725
     0.140915     0.257940     0.333742     0.381809     0.394426     0.392874
     0.387335     0.380745     0.373980     0.367348     0.360980     0.354942
     0.349281     0.344037     0.339286     0.335206     0.327231     0.314523
     0.302392     0.290874     0.279960     0.269659     0.260006     0.251077
     0.242986     0.235882     0.229932     0.225311     0.222171     0.220625
     0.220726     0.222456     0.225727     0.230394     0.236273     0.243171
     0.250902     0.259310     0.268277     0.277735     0.287661     0.298089
     0.309155     0.321513     0.328557     0.330272     0.330126     0.329169
     0.327481     0.325027     0.321718     0.317450     0.312113     0.305602
     0.297826     0.288714     0.278225     0.266348     0.253107     0.238574
     0.222870     0.206199     0.188870     0.171326     0.155443
    0.0400607     0.223197     0.351653     0.396827     0.402408     0.401329
     0.398391     0.394514     0.390190     0.385717     0.381268     0.376942
     0.372786     0.368787     0.364862     0.360802     0.351784     0.339601
     0.328513     0.318145     0.308302     0.298898     0.289916     0.281403
     0.273455     0.266214     0.259852     0.254558     0.250511     0.247861
     0.246708     0.247081     0.248935     0.252156     0.256576     0.261995
     0.268211     0.275034     0.282312     0.289934     0.297846     0.306051
     0.314611     0.323625     0.333071     0.342010     0.345840     0.343096
     0.340216     0.337000     0.333316     0.329075     0.324208     0.318662
     0.312401     0.305405     0.297670     0.289198     0.279991     0.270039
     0.259304     0.247714     0.235201     0.221863     0.210715
    0.0361115     0.246954     0.395137     0.425468     0.419403     0.415793
     0.413166     0.410582     0.407891     0.405143     0.402414     0.399778
     0.397287     0.394957     0.392738     0.386095     0.375452     0.365535
     0.356187     0.347232     0.338531     0.329999     0.321612     0.313402
     0.305463     0.297940     0.291021     0.284923     0.279864     0.276046
     0.273621     0.272675     0.273205     0.275127     0.278283     0.282464
     0.287441     0.292987     0.298907     0.305053     0.311335     0.317727
     0.324269     0.331060     0.338260     0.346137     0.355382     0.358675
     0.355246     0.351699     0.347992     0.344106     0.340039     0.335806
     0.331451     0.327036     0.322649     0.318396     0.314387     0.310725
     0.307456     0.304489     0.301350     0.296435     0.295711
    0.0790813     0.243066     0.365833     0.417779     0.428904     0.429990
     0.429152     0.427944     0.426679     0.425446     0.424295     0.423291
     0.422537     0.422231     0.418009     0.409241     0.400963     0.393090
     0.385466     0.377927     0.370334     0.362595     0.354675     0.346599
     0.338463     0.330426     0.322703     0.315556     0.309261     0.304089
     0.300267     0.297949     0.297189     0.297934     0.300032     0.303256
     0.307334     0.311990     0.316973     0.322083     0.327190     0.332241
     0.337269     0.342386     0.347798     0.353810     0.360832     0.369314
     0.372038     0.368277     0.364638     0.361168     0.357934     0.355032
     0.352594     0.350796     0.349872     0.350119     0.351925     0.355803
     0.362432     0.372681     0.387355     0.401355     0.429601
    0.0493209     0.283094     0.452225     0.465240     0.450555     0.447000
     0.446147     0.445975     0.446040     0.446239     0.446536     0.446896
     0.447237     0.447367     0.442781     0.435116     0.428441     0.422234
     0.416135     0.409874     0.403254     0.396145     0.388486     0.380290
     0.371655     0.362759     0.353860     0.345279     0.337377     0.330521
     0.325044     0.321196     0.319108     0.318769     0.320032     0.322633
     0.326239     0.330494     0.335064     0.339675     0.344134     0.348347
     0.352320     0.356159     0.360067     0.364338     0.369350     0.375549
     0.383452     0.385889     0.382132     0.378844     0.376144     0.374191
     0.373198     0.373442     0.375294     0.379243     0.385956     0.396374
     0.411892     0.434845     0.470683     0.551592     0.670091
     0.112630     0.264307     0.382587     0.439224     0.455887     0.460378
     0.462339     0.463928     0.465570     0.467358     0.469321     0.471459
     0.473694     0.471679     0.465941     0.460973     0.456469     0.452085
     0.447493     0.442408     0.436597     0.429895     0.422213     0.413550
     0.404002     0.393774     0.383176     0.372610     0.362550     0.353502
     0.345946     0.340275     0.336733     0.335374     0.336050     0.338443
     0.342119     0.346598     0.351421     0.356197     0.360645     0.364603
     0.368038     0.371031     0.373781     0.376580     0.379810     0.383931
     0.389472     0.397047     0.399422     0.395834     0.393069     0.391315
     0.390829     0.391939     0.395079     0.400817     0.409916     0.423418
     0.442730     0.469717     0.506876     0.559669     0.623973
    0.0737387     0.330082     0.515208     0.499793     0.478107     0.476634
     0.478868     0.481831     0.485001     0.488385     0.492128     0.496485
     0.496962     0.493109     0.489959     0.487286     0.484777     0.482081
     0.478848     0.474752     0.469516     0.462928     0.454861     0.445287
     0.434302     0.422133     0.409151     0.395862     0.382887     0.370918
     0.360651     0.352691     0.347457     0.345102     0.345484     0.348196
     0.352644     0.358156     0.364080     0.369860     0.375081     0.379490
     0.382998     0.385660     0.387668     0.389324     0.391027     0.393252
     0.396545     0.401524     0.408882     0.411183     0.407561     0.405008
     0.403798     0.404251     0.406762     0.411834     0.420142     0.432620
     0.450581     0.475866     0.510224     0.545841     0.580326
     0.159845     0.287737     0.389062     0.450022     0.476862     0.488403
     0.494808     0.499634     0.504054     0.508505     0.513177     0.518179
     0.518970     0.516257     0.514687     0.513702     0.512798     0.511503
     0.509373     0.506004     0.501046     0.494219     0.485342     0.474346
     0.461310     0.446478     0.430283     0.413349     0.396477     0.380608
     0.366738     0.355795     0.348475     0.345101     0.345547     0.349263
     0.355403     0.362995     0.371099     0.378918     0.385861     0.391560
     0.395858     0.398786     0.400540     0.401442     0.401916     0.402468
     0.403656     0.406096     0.410451     0.417447     0.419220     0.414730
     0.411493     0.409789     0.409861     0.411999     0.416592     0.424185
     0.435579     0.452086     0.476090     0.509307     0.551050
    0.0396893     0.316330     0.486334     0.516946     0.510427     0.510944
     0.514213     0.518378     0.523010     0.528026     0.533343     0.538727
     0.539952     0.538536     0.538458     0.538976     0.539458     0.539330
     0.538054     0.535139     0.530146     0.522716     0.512592     0.499647
     0.483922     0.465660     0.445342     0.423706     0.401756     0.380740
     0.362066     0.347141     0.337119     0.332630     0.333593     0.339228
     0.348273     0.359283     0.370895     0.381986     0.391744     0.399667
     0.405543     0.409390     0.411425     0.412009     0.411615     0.410791
     0.410130     0.410256     0.411796     0.415349     0.421384     0.420707
     0.414184     0.409285     0.405790     0.403650     0.402875     0.403479
     0.405401     0.408380     0.411674     0.414187     0.423338
     0.104746     0.315067     0.463328     0.517228     0.526060     0.528832
     0.531922     0.535932     0.540857     0.546703     0.553596     0.557111
     0.557005     0.558011     0.559798     0.561857     0.563610     0.564464
     0.563820     0.561108     0.555801     0.547449     0.535705     0.520360
     0.501394     0.479015     0.453716     0.426317     0.398008     0.370370
     0.345333     0.325010     0.311327     0.305504     0.307588     0.316404
     0.329965     0.346071     0.362749     0.378469     0.392177     0.403262
     0.411479     0.416870     0.419702     0.420405     0.419524     0.417681
     0.415540     0.413808     0.413232     0.414655     0.419137     0.419157
     0.411597     0.404126     0.397129     0.390658     0.384607     0.378765
     0.372801     0.366239     0.358444     0.348639     0.338570
    0.0879211     0.325473     0.486649     0.536775     0.541352     0.543212
     0.546203     0.550345     0.555546     0.561756     0.568963     0.572601
     0.573229     0.575389     0.578404     0.581611     0.584343     0.585927
     0.585685     0.582959     0.577128     0.567643     0.554054     0.536054
     0.513529     0.486612     0.455749     0.421765     0.385947     0.350144
     0.316842     0.289114     0.270219     0.262604     0.266693     0.280535
     0.300779     0.323991     0.347391     0.369024     0.387659     0.402651
     0.413789     0.421189     0.425211     0.426377     0.425323     0.422747
     0.419372     0.415928     0.413123     0.411621     0.411965     0.414393
     0.409542     0.398015     0.387289     0.376909     0.366543     0.355890
     0.344625     0.332400     0.318849     0.303621     0.287882
    0.0862167     0.336994     0.504123     0.549860     0.551390     0.553012
     0.556367     0.560966     0.566612     0.573215     0.580743     0.584869
     0.586272     0.589307     0.593224     0.597275     0.600717     0.602801
     0.602772     0.599889     0.593441     0.582783     0.567364     0.546765
     0.520762     0.489373     0.452930     0.412151     0.368247     0.323098
     0.279517     0.241596     0.214767     0.204345     0.211964     0.233812
     0.263638     0.296089     0.327576     0.355931     0.379960     0.399131
     0.413372     0.422935     0.428303     0.430116     0.429109     0.426066
     0.421782     0.417048     0.412628     0.409266     0.407685     0.408616
     0.403330     0.390478     0.377636     0.364644     0.351334     0.337521
     0.323009     0.307609     0.291160     0.273556     0.255627
     0.127733     0.331148     0.478954     0.538590     0.552188     0.557427
     0.562241     0.567774     0.574133     0.581218     0.588750     0.592893
     0.594909     0.598668     0.603293     0.607972     0.611912     0.614317
     0.614378     0.611293     0.604282     0.592623     0.575676     0.552930
     0.524049     0.488928     0.447744     0.401016     0.349691     0.295297
     0.240285     0.188872     0.148927     0.132954     0.147615     0.182789
     0.225526     0.268540     0.308295     0.343040     0.371959     0.394812
     0.411743     0.423174     0.429724     0.432141     0.431253     0.427920
     0.422994     0.417318     0.411704     0.406961     0.403930     0.403587
     0.398149     0.384855     0.370594     0.355790     0.340519     0.324727
     0.308312     0.291188     0.273297     0.254638     0.235829
    0.0627410     0.356170     0.538418     0.565049     0.557006     0.559215
     0.564683     0.571319     0.578839     0.587439     0.592605     0.594567
     0.598078     0.602755     0.608003     0.613128     0.617376     0.619953
     0.620036     0.616794     0.609412     0.597121     0.579233     0.555176
     0.524544     0.487143     0.443028     0.392541     0.336334     0.275412
     0.211213     0.145980    0.0848937    0.0524580    0.0868384     0.142767
     0.198664     0.250234     0.295888     0.334868     0.366886     0.392002
     0.410554     0.423092     0.430330     0.433091     0.432254     0.428718
     0.423358     0.417016     0.410472     0.404435     0.399512     0.396142
     0.394427     0.385149     0.368143     0.351481     0.334770     0.317772
     0.300330     0.282355     0.263814     0.244737     0.225615
     0.184173     0.325486     0.440391     0.509534     0.540888     0.555231
     0.564088     0.571660     0.579398     0.587876     0.592434     0.593914
     0.597382     0.602129     0.607455     0.612635     0.616910     0.619486
     0.619538     0.616236     0.608764     0.596348     0.578298     0.554036
     0.523151     0.485440     0.440945     0.389987     0.333179     0.271445
     0.206039     0.138683    0.0726732    0.0322411    0.0780348     0.138641
     0.196487     0.249095     0.295376     0.334755     0.367030     0.392305
     0.410944     0.423514     0.430743     0.433457     0.432541     0.428893
     0.423384     0.416848     0.410054     0.403703     0.398429     0.394821
     0.393541     0.384872     0.367712     0.350713     0.333662     0.316370
     0.298689     0.280536     0.261883     0.242765     0.223636
    0.0365513     0.371105     0.583375     0.585958     0.563649     0.561646
     0.564966     0.570215     0.576707     0.584371     0.588313     0.589278
     0.592294     0.596637     0.601604     0.606475     0.610500     0.612904
     0.612886     0.609641     0.602387     0.590391     0.573006     0.549707
     0.520147     0.484202     0.442024     0.394099     0.341311     0.285092
     0.227741     0.173349     0.130366     0.114448     0.133960     0.174296
     0.220602     0.265942     0.307230     0.342996     0.372585     0.395854
     0.413013     0.424525     0.431040     0.433325     0.432220     0.428584
     0.423261     0.417063     0.410745     0.404997     0.400412     0.397430
     0.396178     0.387033     0.370131     0.353647     0.337162     0.320415
     0.303235     0.285521     0.267233     0.248391     0.229499
     0.134092     0.329605     0.474861     0.538951     0.554483     0.558185
     0.560842     0.564546     0.569667     0.576358     0.579951     0.580524
     0.582784     0.586324     0.590552     0.594791     0.598323     0.600405
     0.600277     0.597191     0.590426     0.579323     0.563319     0.541985
     0.515085     0.482628     0.444935     0.402717     0.357186     0.310252
     0.264837     0.225377     0.198067     0.189123     0.200038     0.225676
     0.258774     0.293725     0.327025     0.356650     0.381532     0.401235
     0.415758     0.425406     0.430702     0.432316     0.431001     0.427554
     0.422774     0.417449     0.412343     0.408214     0.405851     0.406205
     0.401293     0.388165     0.374233     0.359876     0.345124     0.329887
     0.314042     0.297480     0.280128     0.261970     0.243642
    0.0277293     0.344366     0.536719     0.567677     0.555844     0.551867
     0.551646     0.553499     0.556898     0.561522     0.566952     0.569178
     0.569389     0.571475     0.574573     0.577909     0.580752     0.582388
     0.582110     0.579239     0.573140     0.563250     0.549112     0.530411
     0.507034     0.479121     0.447138     0.411944     0.374892     0.337945
     0.303789     0.275798     0.257576     0.251727     0.258406     0.275097
     0.297960     0.323328     0.348381     0.371210     0.390657     0.406143
     0.417521     0.424958     0.428855     0.429765     0.428349     0.425323
     0.421417     0.417368     0.413888     0.411645     0.411195     0.412789
     0.407103     0.394515     0.382357     0.370222     0.357840     0.344986
     0.331435     0.316979     0.301433     0.284666     0.267535
     0.110870     0.324500     0.476990     0.531696     0.537759     0.536656
     0.536180     0.537291     0.539964     0.544023     0.549312     0.551332
     0.550687     0.551767     0.553856     0.556273     0.558358     0.559473
     0.558995     0.556337     0.550961     0.542411     0.530338     0.514539
     0.495005     0.471971     0.445969     0.417880     0.388979     0.360970
     0.335932     0.316132     0.303595     0.299493     0.303664     0.314639
     0.330181     0.347947     0.365916     0.382567     0.396889     0.408320
     0.416661     0.422000     0.424641     0.425043     0.423777     0.421478
     0.418821     0.416511     0.415289     0.415980     0.419608     0.418670
     0.409970     0.401055     0.392222     0.383455     0.374599     0.365421
     0.355619     0.344841     0.332699     0.318801     0.304339
    0.0810992     0.321084     0.484032     0.525469     0.520726     0.516351
     0.515003     0.515908     0.518520     0.522523     0.527737     0.529425
     0.528065     0.528240     0.529341     0.530794     0.532044     0.532549
     0.531783     0.529256     0.524533     0.517258     0.507184     0.494196
     0.478360     0.459951     0.439498     0.417797     0.395926     0.375215
     0.357148     0.343179     0.334450     0.331505     0.334115     0.341341
     0.351791     0.363945     0.376416     0.388091     0.398188     0.406246
     0.412088     0.415773     0.417550     0.417808     0.417042     0.415812
     0.414718     0.414384     0.415422     0.418404     0.423759     0.422233
     0.414649     0.408329     0.402927     0.398235     0.394066     0.390187
     0.386260     0.381806     0.376169     0.368524     0.360642
     0.130031     0.329076     0.468223     0.497623     0.490160     0.486960
     0.487348     0.489578     0.492996     0.497415     0.502883     0.504886
     0.503110     0.502320     0.502295     0.502645     0.502926     0.502687
     0.501493     0.498945     0.494700     0.488491     0.480150     0.469628
     0.457029     0.442631     0.426904     0.410516     0.394312     0.379267
     0.366397     0.356613     0.350565     0.348495     0.350182     0.354990
     0.362015     0.370260     0.378787     0.386822     0.393804     0.399401
     0.403492     0.406145     0.407584     0.408158     0.408312     0.408564
     0.409484     0.411688     0.415829     0.422618     0.424124     0.419237
     0.415413     0.412818     0.411545     0.411672     0.413277     0.416422
     0.421093     0.427063     0.433626     0.439775     0.453769
     0.181658     0.283011     0.368782     0.417834     0.439741     0.449827
     0.455848     0.460603     0.465051     0.469521     0.474066     0.478490
     0.478501     0.475625     0.473987     0.472982     0.472123     0.470990
     0.469207     0.466450     0.462451     0.457014     0.450031     0.441495
     0.431524     0.420370     0.408427     0.396221     0.384385     0.373609
     0.364567     0.357827     0.353749     0.352427     0.353664     0.357017
     0.361881     0.367593     0.373528     0.379162     0.384120     0.388187
     0.391313     0.393585     0.395227     0.396568     0.398028     0.400103
     0.403353     0.408408     0.415970     0.418553     0.415245     0.413028
     0.412122     0.412776     0.415281     0.419994     0.427375     0.438061
     0.452970     0.473590     0.502613     0.542003     0.590989
    0.0471514     0.309934     0.440274     0.428201     0.419219     0.423199
     0.428417     0.433342     0.437930     0.442354     0.446770     0.451293
     0.451338     0.447596     0.444822     0.442607     0.440601     0.438486
     0.435976     0.432823     0.428825     0.423846     0.417819     0.410763
     0.402793     0.394122     0.385068     0.376030     0.367466     0.359852
     0.353630     0.349143     0.346585     0.345972     0.347134     0.349753
     0.353416     0.357677     0.362121     0.366406     0.370296     0.373674
     0.376545     0.379028     0.381354     0.383844     0.386908     0.391032
     0.396772     0.404769     0.407763     0.404973     0.403217     0.402686
     0.403636     0.406394     0.411388     0.419178     0.430517     0.446448
     0.468443     0.498559     0.538755     0.580369     0.620764
     0.163232     0.257627     0.332613     0.374177     0.391051     0.398891
     0.404125     0.408459     0.412397     0.416198     0.420092     0.424378
     0.424572     0.420163     0.416226     0.412696     0.409414     0.406181
     0.402790     0.399057     0.394833     0.390020     0.384582     0.378546
     0.372016     0.365169     0.358249     0.351552     0.345405     0.340130
     0.336008     0.333242     0.331928     0.332038     0.333428     0.335864
     0.339054     0.342698     0.346521     0.350306     0.353914     0.357301
     0.360516     0.363703     0.367100     0.371035     0.375919     0.382233
     0.390530     0.393632     0.390816     0.388802     0.387748     0.387854
     0.389392     0.392712     0.398286     0.406736     0.418905     0.435952
     0.459446     0.491473     0.534837     0.595627     0.668997
    0.0426509     0.268092     0.387306     0.388807     0.379265     0.380289
     0.382962     0.385706     0.388279     0.390713     0.393088     0.395460
     0.397801     0.395702     0.389642     0.384261     0.379405     0.374868
     0.370452     0.365990     0.361358     0.356481     0.351336     0.345952
     0.340416     0.334871     0.329502     0.324525     0.320170     0.316650
     0.314141     0.312757     0.312530     0.313412     0.315280     0.317955
     0.321228     0.324893     0.328768     0.332720     0.336676     0.340638
     0.344684     0.348969     0.353734     0.359319     0.366174     0.374788
     0.377941     0.374928     0.372421     0.370519     0.369352     0.369088
     0.369959     0.372266     0.376412     0.382936     0.392572     0.406363
     0.425862     0.453683     0.495964     0.588621     0.723408
     0.137595     0.233669     0.307840     0.344856     0.356975     0.361152
     0.363237     0.364613     0.365651     0.366515     0.367302     0.368062
     0.368765     0.369248     0.364860     0.357312     0.350813     0.344957
     0.339490     0.334244     0.329108     0.324019     0.318963     0.313968
     0.309107     0.304489     0.300257     0.296567     0.293577     0.291426
     0.290219     0.290012     0.290802     0.292529     0.295085     0.298331
     0.302113     0.306287     0.310735     0.315379     0.320191     0.325204
     0.330504     0.336230     0.342578     0.349848     0.358775     0.362040
     0.358894     0.356013     0.353408     0.351121     0.349223     0.347818
     0.347055     0.347127     0.348296     0.350894     0.355350     0.362230
     0.372276     0.386418     0.405430     0.423985     0.460226
    0.0598214     0.234250     0.338076     0.353056     0.347317     0.346281
     0.345938     0.345368     0.344557     0.343663     0.342847     0.342257
     0.342047     0.342442     0.339016     0.331002     0.323557     0.316676
     0.310279     0.304283     0.298620     0.293251     0.288171     0.283406
     0.279015     0.275086     0.271723     0.269042     0.267149     0.266132
     0.266050     0.266919     0.268715     0.271372     0.274798     0.278879
     0.283502     0.288565     0.293992     0.299747     0.305840     0.312336
     0.319347     0.327011     0.335334     0.343365     0.346552     0.343445
     0.340549     0.337708     0.334849     0.331948     0.329007     0.326059
     0.323160     0.320394     0.317873     0.315725     0.314088     0.313088
     0.312792     0.313122     0.313632     0.312862     0.316868
     0.107146     0.211014     0.288769     0.323427     0.331877     0.332615
     0.330772     0.327919     0.324768     0.321698     0.318921     0.316570
     0.314726     0.313423     0.312632     0.307610     0.298686     0.290594
     0.283219     0.276470     0.270284     0.264623     0.259481     0.254876
     0.250856     0.247486     0.244848     0.243023     0.242082     0.242080
     0.243040     0.244954     0.247786     0.251470     0.255924     0.261058
     0.266785     0.273037     0.279765     0.286960     0.294660     0.302989
     0.312133     0.322790     0.328324     0.328723     0.327473     0.325706
     0.323533     0.320961     0.317960     0.314489     0.310512     0.306001
     0.300945     0.295347     0.289229     0.282619     0.275548     0.268031
     0.260052     0.251561     0.242500     0.232920     0.225668
     0.106518     0.223099     0.294987     0.328114     0.331635     0.326177
     0.319171     0.312253     0.305849     0.300115     0.295119     0.290891
     0.287433     0.284719     0.282702     0.281315     0.275864     0.266620
     0.258338     0.250917     0.244287     0.238400     0.233238     0.228808
     0.225145     0.222298     0.220331     0.219305     0.219266     0.220240
     0.222227     0.225205     0.229128     0.233935     0.239556     0.245923
     0.252978     0.260678     0.268990     0.277916     0.287412     0.297768
     0.307658     0.313054     0.312589     0.312352     0.311801     0.310792
     0.309226     0.307008     0.304038     0.300221     0.295461     0.289673
     0.282790     0.274770     0.265603     0.255311     0.243955     0.231640
     0.218519     0.204813     0.190821     0.176916     0.164885
     0.157133     0.219942     0.411017     0.388811     0.343342     0.322496
     0.308095     0.296417     0.286494     0.278008     0.270812     0.264807
     0.259911     0.256040     0.253113     0.251050     0.249778     0.244507
     0.235490     0.227575     0.220681     0.214724     0.209666     0.205502
     0.202251     0.199956     0.198674     0.198457     0.199334     0.201309
     0.204357     0.208441     0.213517     0.219536     0.226441     0.234177
     0.242748     0.252162     0.262356     0.273632     0.284557     0.291776
     0.294619     0.296064     0.297300     0.298272     0.298838     0.298853
     0.298169     0.296636     0.294091     0.290375     0.285325     0.278791
     0.270652     0.260827     0.249298     0.236116     0.221418     0.205440
     0.188517     0.171094     0.153709     0.136973     0.122133
    0.0687293     0.183724     0.284319     0.325087     0.323757     0.309047
     0.292873     0.278147     0.265366     0.254493     0.245380     0.237868
     0.231804     0.227047     0.223474     0.220981     0.219486     0.218927
     0.214425     0.206285     0.199478     0.193703     0.188950     0.185209
     0.182475     0.180782     0.180219     0.180861     0.182730     0.185791
     0.189959     0.195186     0.201460     0.208776     0.217080     0.226191
     0.236353     0.247939     0.259328     0.267481     0.271750     0.274909
     0.278200     0.281281     0.284106     0.286593     0.288623     0.290050
     0.290703     0.290386     0.288881     0.285954     0.281361     0.274862
     0.266255     0.255395     0.242232     0.226837     0.209418     0.190333
     0.170082     0.149291     0.128677     0.109021    0.0911624
     0.309579     0.248560     0.454677     0.387117     0.327881     0.298427
     0.276165     0.257679     0.242148     0.229196     0.218522     0.209854
     0.202950     0.197598     0.193622     0.190885     0.189296     0.188817
     0.189496     0.186586     0.181011     0.175530     0.171321     0.168259
     0.166169     0.165018     0.165140     0.166699     0.169730     0.174117
     0.179480     0.185782     0.193169     0.201891     0.212218     0.221994
     0.232681     0.240976     0.245944     0.250063     0.254636     0.259296
     0.263990     0.268614     0.273078     0.277280     0.281098     0.284380
     0.286938     0.288546     0.288931     0.287776     0.284729     0.279414
     0.271477     0.260630     0.246717     0.229774     0.210059     0.188057
     0.164446     0.140054     0.115795    0.0925931    0.0708286
     0.193091     0.255885     0.304541     0.322859     0.307123     0.281141
     0.256055     0.234492     0.216614     0.202025     0.190252     0.180868
     0.173512     0.167887     0.163751     0.160907     0.159203     0.158524
     0.158788     0.159936     0.161011     0.159669     0.156882     0.155333
     0.154205     0.152695     0.153212     0.155716     0.160280     0.167145
     0.173673     0.180485     0.188107     0.197240     0.205136     0.210902
     0.216965     0.221950     0.227458     0.233182     0.239121     0.245214
     0.251408     0.257646     0.263863     0.269984     0.275913     0.281523
     0.286644     0.291049     0.294441     0.296437     0.296560     0.294242
     0.288858     0.279778     0.266510     0.248897     0.227246     0.202233
     0.174790     0.146046     0.117301    0.0899227    0.0643757
     0.316566     0.329965     0.445060     0.382291     0.309764     0.265682
     0.233247     0.208222     0.188597     0.173119     0.160922     0.151382
     0.144031     0.138506     0.134517     0.131830     0.130250     0.129620
     0.129809     0.130707     0.132206     0.134512     0.136139     0.137862
     0.140012     0.141403     0.143223     0.146642     0.151693     0.157257
     0.162267     0.167899     0.173962     0.180038     0.185121     0.191027
     0.197383     0.203929     0.210724     0.217750     0.224997     0.232452
     0.240103     0.247938     0.255945     0.264105     0.272388     0.280740
     0.289071     0.297234     0.304997     0.312009     0.317744     0.321461
     0.322215     0.318764     0.309129     0.291878     0.268520     0.240056
     0.207820     0.173012     0.136715     0.103071    0.0752318
     0.454661     0.503462     0.426735     0.341773     0.280308     0.235358
     0.202302     0.177361     0.158128     0.143117     0.131380     0.122277
     0.115353     0.110256     0.106701     0.104440     0.103262     0.102981
     0.103440     0.104512     0.106097     0.108125     0.110445     0.113189
     0.116651     0.121420     0.125522     0.129553     0.133505     0.136733
     0.141325     0.146792     0.152854     0.159296     0.165961     0.172960
     0.180274     0.187860     0.195705     0.203801     0.212155     0.220785
     0.229719     0.238997     0.248672     0.258807     0.269477     0.280761
     0.292731     0.305451     0.318945     0.333171     0.347935     0.362687
     0.376078     0.387838     0.408382     0.363751     0.351070     0.312148
     0.270680     0.252299     0.175357     0.130331     0.101268
     0.489722     0.447263     0.361625     0.281816     0.229097     0.192590
     0.165350     0.144155     0.127331     0.113887     0.103194    0.0948354
    0.0885138    0.0839849    0.0810179    0.0793783    0.0788301    0.0791500
    0.0801415    0.0816480    0.0835572    0.0858009    0.0883503    0.0912422
    0.0945496    0.0983130     0.102349     0.106669     0.111299     0.116272
     0.121825     0.127973     0.134655     0.141786     0.149295     0.157137
     0.165276     0.173684     0.182345     0.191264     0.200461     0.209984
     0.219899     0.230299     0.241305     0.253076     0.265814     0.279767
     0.295248     0.312647     0.332447     0.355277     0.382011     0.414315
     0.458480     0.525114     0.416846     0.334703     0.315333     0.250318
     0.235670     0.227405     0.263876     0.182255     0.127048
     0.486605     0.264782     0.230087     0.207941     0.176349     0.151345
     0.130884     0.113967    0.0998555    0.0880557    0.0782950    0.0704568
    0.0645007    0.0603806    0.0579765    0.0570675    0.0573535    0.0585136
    0.0602616    0.0623797    0.0647287    0.0672433    0.0699210    0.0728103
    0.0759896    0.0795390    0.0835161    0.0879835    0.0929953    0.0985913
     0.104802     0.111609     0.118961     0.126783     0.134997     0.143534
     0.152338     0.161373     0.170622     0.180093     0.189822     0.199876
     0.210352     0.221385     0.233155     0.245899     0.259933     0.275666
     0.293651     0.314629     0.339596     0.369872     0.407191     0.454438
     0.511683     0.459153     0.313053     0.242950     0.114114    0.0560643
     0.117695     0.246655     0.244324     0.198198     0.152241
     0.369100     0.237788     0.164667     0.147252     0.132558     0.116740
     0.102415    0.0896412    0.0780927    0.0676130    0.0582632    0.0502775
    0.0439981    0.0397622    0.0377196    0.0376710    0.0391090    0.0414431
    0.0441907    0.0470386    0.0498278    0.0525173    0.0551539    0.0578472
    0.0607467    0.0640173    0.0678153    0.0722701    0.0774674    0.0834405
    0.0901708    0.0975944     0.105615     0.114121     0.123001     0.132154
     0.141501     0.150991     0.160601     0.170340     0.180251     0.190414
     0.200943     0.211996     0.223780     0.236567     0.250723     0.266734
     0.285278     0.307328     0.334333     0.368558     0.413503     0.470350
     0.482956     0.391176     0.301615     0.215097     0.160149     0.139218
     0.228501     0.275313     0.241953     0.198271     0.160615
     0.540452     0.141318     0.141477     0.127239     0.100026    0.0891302
    0.0807085    0.0722622    0.0632799    0.0538632    0.0443885    0.0353953
    0.0276119    0.0220722    0.0199194    0.0212306    0.0246110    0.0286524
    0.0325917    0.0361097    0.0391207    0.0416722    0.0439023    0.0460183
    0.0482785    0.0509651    0.0543459    0.0586314    0.0639403    0.0702891
    0.0776036    0.0857463    0.0945459     0.103822     0.113406     0.123153
     0.132955     0.142742     0.152483     0.162189     0.171907     0.181725
     0.191764     0.202180     0.213174     0.224995     0.237967     0.252507
     0.269176     0.288767     0.312441     0.341982     0.379872     0.423770
     0.430969     0.385926     0.347648     0.321344     0.292073     0.285245
     0.293449     0.270142     0.225874     0.189478     0.160543
     0.337469     0.178281    0.0645564    0.0565156    0.0652108    0.0677785
    0.0671088    0.0632828    0.0566798    0.0480741    0.0382942    0.0280663
    0.0179931   0.00871107   0.00383078   0.00974049    0.0163329    0.0219962
    0.0265990    0.0301617    0.0327730    0.0345828    0.0358109    0.0367603
    0.0378233    0.0394584    0.0421185    0.0461434    0.0516757    0.0586554
    0.0668779    0.0760668    0.0859281    0.0961827     0.106588     0.116948
     0.127122     0.137029     0.146638     0.155970     0.165090     0.174096
     0.183113     0.192290     0.201796     0.211823     0.222592     0.234355
     0.247400     0.262063     0.278708     0.297698     0.319300     0.341956
     0.357702     0.358030     0.345319     0.338441     0.317040     0.302198
     0.274612     0.235098     0.202010     0.175237     0.153868
     0.615636     0.105135     0.125072    0.0617563    0.0455908    0.0608983
    0.0672925    0.0661840    0.0603070    0.0516717    0.0417250    0.0315758
    0.0222315    0.0150764    0.0124834    0.0149750    0.0193632    0.0235857
    0.0269647    0.0293017    0.0305782    0.0308778    0.0303817    0.0294048
    0.0284636    0.0283240    0.0298829    0.0337833    0.0400972    0.0484465
    0.0583019    0.0691490    0.0805327    0.0920643     0.103427     0.114380
     0.124767     0.134512     0.143615     0.152135     0.160177     0.167875
     0.175371     0.182811     0.190338     0.198084     0.206176     0.214718
     0.223786     0.233412     0.243544     0.253992     0.264374     0.274204
     0.282640     0.285620     0.282799     0.275205     0.263026     0.246114
     0.223764     0.199924     0.178309     0.159250     0.143147
     0.368879     0.300728     0.170224    0.0975178    0.0930156     0.100618
    0.0955206    0.0873827    0.0774856    0.0666385    0.0559073    0.0462224
    0.0383859    0.0330228    0.0303470    0.0299028    0.0307428    0.0319247
    0.0327843    0.0329305    0.0321616    0.0303973    0.0276464    0.0240295
    0.0199241    0.0164324    0.0160764    0.0209220    0.0298330    0.0411084
    0.0537253    0.0669950    0.0803680    0.0933835     0.105672     0.116972
     0.127141     0.136162     0.144117     0.151162     0.157493     0.163309
     0.168793     0.174102     0.179362     0.184664     0.190070     0.195603
     0.201242     0.206914     0.212483     0.217734     0.222356     0.225917
     0.227815     0.227368     0.224134     0.218023     0.209161     0.197839
     0.184643     0.170532     0.156509     0.143239     0.131203
     0.312395     0.287570     0.259971     0.235555     0.204578     0.169868
     0.150887     0.132766     0.112634    0.0966003    0.0831612    0.0721762
    0.0635464    0.0570667    0.0524446    0.0492639    0.0470094    0.0451518
    0.0432271    0.0408789    0.0378751    0.0340823    0.0293971    0.0236910
    0.0167915   0.00850806   0.00210084    0.0135075    0.0271534    0.0423081
    0.0582567    0.0742428    0.0896386     0.103897     0.116560     0.127333
     0.136178     0.143265     0.148878     0.153369     0.157083     0.160317
     0.163292     0.166165     0.169035     0.171951     0.174927     0.177937
     0.180922     0.183788     0.186403     0.188599     0.190168     0.190865
     0.190424     0.188601     0.185227     0.180247     0.173740     0.165909
     0.157075     0.147648     0.138043     0.128614     0.119613
     0.322308     0.337155     0.358198     0.390910     0.309705     0.155378
     0.162432     0.178884     0.173739     0.147926     0.127969     0.112571
    0.0998698    0.0894912    0.0810930    0.0743358    0.0687042    0.0637268
    0.0590477    0.0541820    0.0489574    0.0436006    0.0382757    0.0330472
    0.0281673    0.0245635    0.0244373    0.0303742    0.0430603    0.0613642
    0.0810698    0.0989160     0.115932     0.130424     0.142493     0.150186
     0.154734     0.157260     0.158292     0.158481     0.158347     0.158213
     0.158248     0.158525     0.159058     0.159820     0.160760     0.161807
     0.162869     0.163845     0.164617     0.165057     0.165028     0.164388
     0.163005     0.160769     0.157613     0.153523     0.148550     0.142809
     0.136466     0.129722     0.122785     0.115850     0.109020
     0.326893     0.357792     0.397171     0.461947     0.413893     0.249496
    0.0483914     0.119208     0.206613     0.228329     0.201599     0.171366
     0.149382     0.131819     0.116569     0.106759    0.0975835    0.0881809
    0.0830584    0.0757071    0.0660765    0.0589003    0.0538057    0.0504643
    0.0490515    0.0501659    0.0547046    0.0635859    0.0772186    0.0978108
     0.131772     0.128695     0.166209     0.164078     0.195797     0.190823
     0.186806     0.179046     0.171255     0.164692     0.159459     0.155428
     0.152420     0.150258     0.148774     0.147812     0.147230     0.146895
     0.146685     0.146481     0.146174     0.145658     0.144832     0.143606
     0.141902     0.139660     0.136851     0.133472     0.129555     0.125164
     0.120388     0.115336     0.110122     0.104856    0.0995743
     0.310748     0.336376     0.365897     0.399425     0.433156     0.455379
     0.323630     0.183447     0.184681     0.313547     0.271249     0.230352
     0.199677     0.167103     0.141245     0.132310     0.116891     0.101103
     0.101883    0.0960580    0.0845208    0.0760800    0.0711872    0.0695218
    0.0710781    0.0764598    0.0869712     0.105060     0.136519     0.169750
     0.100858    0.0743351     0.103259     0.135316     0.193219     0.273615
     0.232211     0.201263     0.181210     0.167130     0.156963     0.149554
     0.144160     0.140250     0.137432     0.135403     0.133927     0.132815
     0.131913     0.131096     0.130255     0.129300     0.128151     0.126743
     0.125025     0.122959     0.120528     0.117731     0.114588     0.111136
     0.107425     0.103518    0.0994796    0.0953782    0.0912194
     0.278220     0.301977     0.329806     0.360008     0.381197     0.432783
     0.586863     0.482649     0.253924     0.398450     0.291311     0.256977
     0.229987     0.179793     0.145673     0.145655     0.121598    0.0996928
     0.110086     0.113614     0.103251    0.0886335    0.0831487    0.0826129
    0.0859432    0.0934248     0.106326     0.127043     0.159084     0.176673
     0.134279    0.0661968     0.123545     0.126766     0.208496     0.261978
     0.236394     0.201507     0.176946     0.159573     0.147197     0.138393
     0.132157     0.127747     0.124610     0.122345     0.120657     0.119331
     0.118205     0.117157     0.116091     0.114931     0.113621     0.112120
     0.110404     0.108459     0.106290     0.103908     0.101331    0.0985859
    0.0957016    0.0927076    0.0896350    0.0865144    0.0833299
