  EFITD    01/21/2000    #118890  1562ms           7  65  65
 0.170000005E+01 0.320000005E+01 0.169550002E+01 0.839999974E+00 0.000000000E+00
 0.171524537E+01-0.188702289E-01-0.408986002E+00-0.119241429E-01-0.200275469E+01
 0.137712013E+07-0.408986002E+00 0.000000000E+00 0.171524537E+01 0.000000000E+00
-0.188702289E-01 0.000000000E+00-0.119241429E-01 0.000000000E+00 0.000000000E+00
-0.370110226E+01-0.368688273E+01-0.367307949E+01-0.365968966E+01-0.364670968E+01
-0.363413572E+01-0.362196422E+01-0.361019111E+01-0.359881210E+01-0.358782315E+01
-0.357721925E+01-0.356699586E+01-0.355714822E+01-0.354767108E+01-0.353855920E+01
-0.352980733E+01-0.352140975E+01-0.351336050E+01-0.350565410E+01-0.349828410E+01
-0.349124455E+01-0.348452878E+01-0.347813082E+01-0.347204351E+01-0.346626043E+01
-0.346077442E+01-0.345557880E+01-0.345066619E+01-0.344602919E+01-0.344166088E+01
-0.343755364E+01-0.343369961E+01-0.343009162E+01-0.342672181E+01-0.342358208E+01
-0.342066503E+01-0.341796231E+01-0.341546607E+01-0.341316819E+01-0.341106057E+01
-0.340913486E+01-0.340738320E+01-0.340579677E+01-0.340436792E+01-0.340308762E+01
-0.340194774E+01-0.340094018E+01-0.340005589E+01-0.339928675E+01-0.339862442E+01
-0.339806008E+01-0.339758515E+01-0.339719152E+01-0.339687014E+01-0.339661288E+01
-0.339641070E+01-0.339625573E+01-0.339613867E+01-0.339605141E+01-0.339598536E+01
-0.339593172E+01-0.339588189E+01-0.339582753E+01-0.339576006E+01-0.339567065E+01
-0.202465469E+05-0.182026660E+05-0.162136289E+05-0.142794336E+05-0.124000811E+05
-0.105755703E+05-0.880590137E+04-0.709107471E+04-0.543109033E+04-0.382594775E+04
-0.227564771E+04-0.780189514E+03 0.660426453E+03 0.204620032E+04 0.337713208E+04
 0.465322168E+04 0.587446924E+04 0.704087451E+04 0.815243750E+04 0.920915820E+04
 0.102110371E+05 0.111580742E+05 0.120502686E+05 0.128876211E+05 0.136701318E+05
 0.143977998E+05 0.150706260E+05 0.156886104E+05 0.162517520E+05 0.167600527E+05
 0.172135098E+05 0.176121250E+05 0.179558984E+05 0.182448301E+05 0.184789180E+05
 0.186581660E+05 0.187825703E+05 0.188521328E+05 0.188668535E+05 0.188267324E+05
 0.187317676E+05 0.185819629E+05 0.183773145E+05 0.181178242E+05 0.178034922E+05
 0.174343184E+05 0.170103008E+05 0.165314434E+05 0.159977422E+05 0.154091992E+05
 0.147658145E+05 0.140675869E+05 0.133145176E+05 0.125066064E+05 0.116438525E+05
 0.107262568E+05 0.975381934E+04 0.872653906E+04 0.764441699E+04 0.650745313E+04
 0.531564648E+04 0.406899829E+04 0.276750757E+04 0.141117480E+04 0.000000000E+00
-0.860727215E+01-0.832576942E+01-0.804896164E+01-0.777684879E+01-0.750943041E+01
-0.724670744E+01-0.698867941E+01-0.673534584E+01-0.648670769E+01-0.624276400E+01
-0.600351572E+01-0.576896191E+01-0.553910351E+01-0.531393957E+01-0.509347057E+01
-0.487769699E+01-0.466661787E+01-0.446023369E+01-0.425854492E+01-0.406155062E+01
-0.386925125E+01-0.368164706E+01-0.349873757E+01-0.332052302E+01-0.314700365E+01
-0.297817898E+01-0.281404924E+01-0.265461445E+01-0.249987483E+01-0.234982991E+01
-0.220447993E+01-0.206382489E+01-0.192786467E+01-0.179659951E+01-0.167002928E+01
-0.154815388E+01-0.143097353E+01-0.131848800E+01-0.121069753E+01-0.110760188E+01
-0.100920117E+01-0.915495455E+00-0.826484621E+00-0.742168665E+00-0.662547708E+00
-0.587621629E+00-0.517390549E+00-0.451854318E+00-0.391013056E+00-0.334866732E+00
-0.283415318E+00-0.236658812E+00-0.194597259E+00-0.157230631E+00-0.124558926E+00
-0.965821519E-01-0.733003020E-01-0.547133870E-01-0.408213921E-01-0.316243283E-01
-0.271221939E-01-0.273149852E-01-0.322027057E-01-0.417853519E-01-0.560629256E-01
 0.333860406E+06 0.325020719E+06 0.316181063E+06 0.307341375E+06 0.298501719E+06
 0.289662031E+06 0.280822375E+06 0.271982688E+06 0.263143031E+06 0.254303359E+06
 0.245463688E+06 0.236624016E+06 0.227784344E+06 0.218944672E+06 0.210105000E+06
 0.201265328E+06 0.192425656E+06 0.183585984E+06 0.174746313E+06 0.165906641E+06
 0.157066969E+06 0.148227297E+06 0.139387625E+06 0.130547953E+06 0.121708281E+06
 0.112868609E+06 0.104028938E+06 0.951892656E+05 0.863495938E+05 0.775099219E+05
 0.686702500E+05 0.598305820E+05 0.509909102E+05 0.421512383E+05 0.333115664E+05
 0.244718965E+05 0.156322246E+05 0.679255322E+04-0.204711816E+04-0.108867900E+05
-0.197264609E+05-0.285661328E+05-0.374058047E+05-0.462454766E+05-0.550851484E+05
-0.639248203E+05-0.727644922E+05-0.816041641E+05-0.904438359E+05-0.992835078E+05
-0.108123180E+06-0.116962852E+06-0.125802516E+06-0.134642188E+06-0.143481859E+06
-0.152321531E+06-0.161161203E+06-0.170000875E+06-0.178840547E+06-0.187680219E+06
-0.196519891E+06-0.205359563E+06-0.214199234E+06-0.223038906E+06-0.231878578E+06
 0.465055481E-01 0.386253931E-01 0.299840681E-01 0.205502454E-01 0.103900069E-01
-0.334621232E-03-0.112337330E-01-0.222072229E-01-0.348416455E-01-0.341816843E-01
-0.386699997E-01-0.464863852E-01-0.589241758E-01-0.669641420E-01-0.666319951E-01
-0.738233402E-01-0.756892636E-01-0.704648867E-01-0.729225948E-01-0.671174079E-01
-0.536503978E-01-0.444992371E-01-0.378840938E-01-0.329765528E-01-0.293605868E-01
-0.268379040E-01-0.253526047E-01-0.249755643E-01-0.259273108E-01-0.285227448E-01
-0.305959769E-01-0.284643453E-01-0.260563903E-01-0.193207916E-01-0.122911064E-01
-0.333220232E-03 0.120157758E-01 0.229212064E-01 0.327689089E-01 0.418746844E-01
 0.504547432E-01 0.586611666E-01 0.666008741E-01 0.743465200E-01 0.819444284E-01
 0.894209072E-01 0.967871025E-01 0.104042530E+00 0.111177549E+00 0.118175283E+00
 0.125013128E+00 0.131664112E+00 0.138098300E+00 0.144284174E+00 0.150190234E+00
 0.155786484E+00 0.161045998E+00 0.165946275E+00 0.170470431E+00 0.174607947E+00
 0.178354993E+00 0.181714490E+00 0.184695557E+00 0.187312737E+00 0.189585030E+00
 0.446228646E-01 0.356224887E-01 0.255317762E-01 0.142096318E-01 0.179907773E-02
-0.112128081E-01-0.265201721E-01-0.325580575E-01-0.387246683E-01-0.382904559E-01
-0.400559530E-01-0.445330366E-01-0.509749055E-01-0.559147373E-01-0.584580451E-01
-0.618391819E-01-0.629911870E-01-0.615275763E-01-0.605955049E-01-0.565418787E-01
-0.494295545E-01-0.430457592E-01-0.378346182E-01-0.337040126E-01-0.305411443E-01
-0.282846019E-01-0.269440077E-01-0.266202986E-01-0.275458135E-01-0.300858971E-01
-0.322536640E-01-0.298476070E-01-0.276049282E-01-0.205745213E-01-0.137067186E-01
-0.142367475E-02 0.111027714E-01 0.222727489E-01 0.324986316E-01 0.420759618E-01
 0.511987321E-01 0.599996150E-01 0.685709342E-01 0.769760683E-01 0.852562487E-01
 0.934350044E-01 0.101521313E+00 0.109511912E+00 0.117392994E+00 0.125141665E+00
 0.132727295E+00 0.140112817E+00 0.147256494E+00 0.154113695E+00 0.160639241E+00
 0.166789800E+00 0.172526419E+00 0.177816898E+00 0.182637706E+00 0.186975330E+00
 0.190826818E+00 0.194199502E+00 0.197110012E+00 0.199582785E+00 0.201648071E+00
 0.449913070E-01 0.354738198E-01 0.245208535E-01 0.116073554E-01-0.407914072E-02
-0.154888770E-01-0.247571114E-01-0.283923112E-01-0.305555277E-01-0.310150441E-01
-0.323057398E-01-0.347377807E-01-0.377572030E-01-0.407214053E-01-0.432191715E-01
-0.450605415E-01-0.460213274E-01-0.459877849E-01-0.449663624E-01-0.429213643E-01
-0.400492959E-01-0.368298441E-01-0.336844511E-01-0.308490396E-01-0.284331497E-01
-0.264869053E-01-0.250384025E-01-0.241064727E-01-0.236830525E-01-0.235917941E-01
-0.228251442E-01-0.203584488E-01-0.165787917E-01-0.108447578E-01-0.369100855E-02
 0.545025663E-02 0.154258059E-01 0.252875071E-01 0.348965377E-01 0.442748480E-01
 0.534713268E-01 0.625350475E-01 0.715075284E-01 0.804201216E-01 0.892932788E-01
 0.981363952E-01 0.106947921E+00 0.115715422E+00 0.124415748E+00 0.133015215E+00
 0.141470075E+00 0.149727419E+00 0.157726735E+00 0.165402249E+00 0.172686249E+00
 0.179512978E+00 0.185823068E+00 0.191567734E+00 0.196712404E+00 0.201239020E+00
 0.205146864E+00 0.208451837E+00 0.211184233E+00 0.213385552E+00 0.215104833E+00
 0.481649004E-01 0.391027965E-01 0.287769716E-01 0.168072879E-01 0.319909048E-02
-0.554034859E-02-0.104967905E-01-0.135214683E-01-0.157341696E-01-0.179963149E-01
-0.203721095E-01-0.228905529E-01-0.254641380E-01-0.279220100E-01-0.300832465E-01
-0.317961834E-01-0.329478085E-01-0.334710479E-01-0.333499983E-01-0.326245055E-01
-0.313983969E-01-0.298261661E-01-0.280708373E-01-0.262654088E-01-0.244979225E-01
-0.228123926E-01-0.212114025E-01-0.196504351E-01-0.180183630E-01-0.161106009E-01
-0.136414645E-01-0.103442241E-01-0.604843581E-02-0.673592731E-03 0.576569559E-02
 0.131525639E-01 0.212531127E-01 0.298029575E-01 0.386124924E-01 0.475782603E-01
 0.566528067E-01 0.658184215E-01 0.750710145E-01 0.844108462E-01 0.938369632E-01
 0.103343651E+00 0.112917900E+00 0.122537330E+00 0.132168412E+00 0.141764894E+00
 0.151266709E+00 0.160599470E+00 0.169675350E+00 0.178395703E+00 0.186655715E+00
 0.194351315E+00 0.201387227E+00 0.207685381E+00 0.213191986E+00 0.217882127E+00
 0.221761078E+00 0.224862218E+00 0.227241978E+00 0.228972957E+00 0.230136499E+00
 0.538604520E-01 0.460198447E-01 0.374593064E-01 0.282796659E-01 0.191086642E-01
 0.119892582E-01 0.687177945E-02 0.254391064E-02-0.125937501E-02-0.470704958E-02
-0.792050548E-02-0.109534571E-01-0.138015682E-01-0.164193008E-01-0.187406689E-01
-0.206980538E-01-0.222356878E-01-0.233183522E-01-0.239364542E-01-0.241078436E-01
-0.238754712E-01-0.232995115E-01-0.224448256E-01-0.213678945E-01-0.201069806E-01
-0.186763238E-01-0.170626435E-01-0.152221657E-01-0.130786607E-01-0.105264541E-01
-0.744372746E-02-0.371520547E-02 0.745666330E-03 0.598289119E-02 0.119920904E-01
 0.187217295E-01 0.260838717E-01 0.339754149E-01 0.423009731E-01 0.509861298E-01
 0.599793606E-01 0.692476854E-01 0.787706673E-01 0.885348618E-01 0.985291302E-01
 0.108740740E+00 0.119151808E+00 0.129735887E+00 0.140454307E+00 0.151252300E+00
 0.162055016E+00 0.172763944E+00 0.183254868E+00 0.193379134E+00 0.202969879E+00
 0.211854205E+00 0.219870076E+00 0.226884261E+00 0.232807621E+00 0.237604663E+00
 0.241295964E+00 0.243952841E+00 0.245685026E+00 0.246624574E+00 0.246909946E+00
 0.612312406E-01 0.547282398E-01 0.477259941E-01 0.405217111E-01 0.335392654E-01
 0.271266773E-01 0.214131176E-01 0.163268745E-01 0.117441528E-01 0.756164128E-02
 0.370716420E-02 0.139502808E-03-0.315468409E-02-0.616694102E-02-0.887503382E-02
-0.112512549E-01-0.132696442E-01-0.149113480E-01-0.161677934E-01-0.170415528E-01
-0.175448079E-01-0.176956281E-01-0.175127294E-01-0.170099344E-01-0.161916427E-01
-0.150502268E-01-0.135655981E-01-0.117052495E-01-0.942494906E-02-0.667070132E-02
-0.338416593E-02 0.489277940E-03 0.499212649E-02 0.101482850E-01 0.159599278E-01
 0.224082582E-01 0.294580664E-01 0.370650291E-01 0.451835655E-01 0.537729673E-01
 0.628006682E-01 0.722428411E-01 0.820832253E-01 0.923110172E-01 0.102918327E+00
 0.113897279E+00 0.125236750E+00 0.136918485E+00 0.148912027E+00 0.161168188E+00
 0.173610553E+00 0.186125040E+00 0.198548585E+00 0.210661113E+00 0.222188324E+00
 0.232823834E+00 0.242270082E+00 0.250282705E+00 0.256703466E+00 0.261479378E+00
 0.264668494E+00 0.266429394E+00 0.266989768E+00 0.266602725E+00 0.265509248E+00
 0.696843341E-01 0.646154583E-01 0.578599758E-01 0.511784256E-01 0.448744409E-01
 0.388782434E-01 0.332261622E-01 0.279329121E-01 0.229867380E-01 0.183643084E-01
 0.140431859E-01 0.100084078E-01 0.625470793E-02 0.278589828E-02-0.387451466E-03
-0.325108040E-02-0.579007994E-02-0.799133070E-02-0.984494016E-02-0.113444813E-01
-0.124859530E-01-0.132656060E-01-0.136769433E-01-0.137074841E-01-0.133363474E-01
-0.125348261E-01-0.112756621E-01-0.953546166E-02-0.729498919E-02-0.453101890E-02
-0.121694384E-02 0.267350604E-02 0.716217887E-02 0.122632533E-01 0.179815087E-01
 0.243123583E-01 0.312435199E-01 0.387578495E-01 0.468366146E-01 0.554624908E-01
 0.646217838E-01 0.743056536E-01 0.845105276E-01 0.952377617E-01 0.106492780E+00
 0.118283741E+00 0.130619496E+00 0.143506676E+00 0.156944975E+00 0.170919821E+00
 0.185390234E+00 0.200269088E+00 0.215391740E+00 0.230470225E+00 0.245044962E+00
 0.258502722E+00 0.270229101E+00 0.279757053E+00 0.286802441E+00 0.291270912E+00
 0.293288231E+00 0.293227196E+00 0.291623652E+00 0.288998932E+00 0.285764545E+00
 0.763017088E-01 0.714684427E-01 0.660743490E-01 0.603364035E-01 0.545261092E-01
 0.487940945E-01 0.432144143E-01 0.378284939E-01 0.326601379E-01 0.277226083E-01
 0.230239127E-01 0.185706336E-01 0.143702803E-01 0.104322685E-01 0.676788529E-02
 0.338964001E-02 0.310406933E-03-0.245730975E-02-0.490170764E-02-0.701141590E-02
-0.877447333E-02-0.101764249E-01-0.111973016E-01-0.118069295E-01-0.119569302E-01
-0.115647614E-01-0.105878152E-01-0.901110284E-02-0.686902180E-02-0.416606944E-02
-0.893116638E-03 0.296312198E-02 0.741572632E-02 0.124751022E-01 0.181478225E-01
 0.244364720E-01 0.313403346E-01 0.388566889E-01 0.469824485E-01 0.557158776E-01
 0.650581792E-01 0.750147998E-01 0.855965093E-01 0.968201533E-01 0.108709380E+00
 0.121295080E+00 0.134615809E+00 0.148717850E+00 0.163654625E+00 0.179484487E+00
 0.196264893E+00 0.214038238E+00 0.232799053E+00 0.252421737E+00 0.272470474E+00
 0.291111350E+00 0.306666851E+00 0.318601400E+00 0.326539457E+00 0.330242783E+00
 0.329597920E+00 0.325355262E+00 0.319607794E+00 0.313273519E+00 0.306872785E+00
 0.843127891E-01 0.803638175E-01 0.747281760E-01 0.689200163E-01 0.632404611E-01
 0.575842820E-01 0.519758984E-01 0.464547165E-01 0.410570577E-01 0.358130485E-01
 0.307471398E-01 0.258796066E-01 0.212280117E-01 0.168082993E-01 0.126354583E-01
 0.872382242E-02 0.508715305E-02 0.173865841E-02-0.130889867E-02-0.404289039E-02
-0.645022094E-02-0.851639826E-02-0.102244020E-01-0.115540633E-01-0.124847079E-01
-0.126178637E-01-0.119415000E-01-0.103742005E-01-0.828522258E-02-0.564740505E-02
-0.243457058E-02 0.136957329E-02 0.577832665E-02 0.108023966E-01 0.164504275E-01
 0.227293409E-01 0.296449140E-01 0.372026265E-01 0.454087444E-01 0.542715341E-01
 0.638026223E-01 0.740183741E-01 0.849413872E-01 0.966021642E-01 0.109040998E+00
 0.122310385E+00 0.136478141E+00 0.151631653E+00 0.167883754E+00 0.185381368E+00
 0.204318330E+00 0.224955693E+00 0.247654349E+00 0.272913635E+00 0.301140755E+00
 0.329161525E+00 0.348523796E+00 0.364975929E+00 0.374011189E+00 0.376775563E+00
 0.374315768E+00 0.361966610E+00 0.348940670E+00 0.337221354E+00 0.326797843E+00
 0.909462795E-01 0.869677961E-01 0.822346732E-01 0.769492090E-01 0.713766143E-01
 0.656637847E-01 0.598945618E-01 0.541311987E-01 0.484244749E-01 0.428161249E-01
 0.373402797E-01 0.320250243E-01 0.268938616E-01 0.219669733E-01 0.172621422E-01
 0.127954129E-01 0.858150516E-02 0.463404413E-02 0.965688785E-03-0.241180859E-02
-0.548751047E-02-0.825086702E-02-0.106899533E-01-0.127852680E-01-0.141476747E-01
-0.147427712E-01-0.145339705E-01-0.134732900E-01-0.115047358E-01-0.899538770E-02
-0.587063050E-02-0.213578250E-02 0.222125091E-02 0.720955012E-02 0.128385406E-01
 0.191172771E-01 0.260549039E-01 0.336612016E-01 0.419473909E-01 0.509271361E-01
 0.606177561E-01 0.710416287E-01 0.822278708E-01 0.942143947E-01 0.107050501E+00
 0.120800279E+00 0.135547236E+00 0.151400849E+00 0.168506145E+00 0.187058046E+00
 0.207324013E+00 0.229680970E+00 0.254678756E+00 0.283146769E+00 0.316201240E+00
 0.351660132E+00 0.376397789E+00 0.396076739E+00 0.408051789E+00 0.410689294E+00
 0.408525079E+00 0.392473489E+00 0.373011470E+00 0.356124103E+00 0.342053384E+00
 0.992977843E-01 0.958636552E-01 0.908624455E-01 0.852199644E-01 0.793829784E-01
 0.733620003E-01 0.672316104E-01 0.610657595E-01 0.549249128E-01 0.488564819E-01
 0.428977348E-01 0.370785557E-01 0.314235426E-01 0.259535667E-01 0.206868444E-01
 0.156396721E-01 0.108268950E-01 0.626213243E-02 0.195771316E-02-0.207585283E-02
-0.583134685E-02-0.930839963E-02-0.125218984E-01-0.150638865E-01-0.168954656E-01
-0.179845989E-01-0.183013603E-01-0.178168248E-01-0.165065136E-01-0.143588940E-01
-0.112712113E-01-0.761704007E-02-0.331260450E-02 0.163763750E-02 0.724645052E-02
 0.135233989E-01 0.204790588E-01 0.281246919E-01 0.364730209E-01 0.455390327E-01
 0.553410053E-01 0.659017861E-01 0.772503093E-01 0.894235298E-01 0.102468751E+00
 0.116446733E+00 0.131435707E+00 0.147536889E+00 0.164881930E+00 0.183643356E+00
 0.204048753E+00 0.226399377E+00 0.251092106E+00 0.278642029E+00 0.309738040E+00
 0.345392615E+00 0.378245980E+00 0.395917475E+00 0.413998097E+00 0.416202158E+00
 0.416131169E+00 0.405749410E+00 0.383901834E+00 0.364470482E+00 0.348785013E+00
 0.107766084E+00 0.104421914E+00 0.996710733E-01 0.938630477E-01 0.874864012E-01
 0.808406770E-01 0.740895420E-01 0.673258081E-01 0.606068783E-01 0.539721288E-01
 0.474511124E-01 0.410675667E-01 0.348415561E-01 0.287906900E-01 0.229309481E-01
 0.172771979E-01 0.118436003E-01 0.664395886E-02 0.169208448E-02-0.299768429E-02
-0.740956655E-02-0.115243020E-01-0.153136514E-01-0.183757525E-01-0.207134336E-01
-0.223141443E-01-0.231581852E-01-0.232225917E-01-0.224830881E-01-0.209141355E-01
-0.184846707E-01-0.151767218E-01-0.108764386E-01-0.597745366E-02-0.390866335E-03
 0.587842427E-02 0.128436647E-01 0.205148999E-01 0.289036576E-01 0.380227454E-01
 0.478871986E-01 0.585152321E-01 0.699293762E-01 0.821578354E-01 0.952359810E-01
 0.109208062E+00 0.124129243E+00 0.140067935E+00 0.157108426E+00 0.175353482E+00
 0.194926590E+00 0.215972498E+00 0.238655165E+00 0.263153106E+00 0.289669365E+00
 0.318643540E+00 0.352361023E+00 0.371907473E+00 0.384045780E+00 0.398372918E+00
 0.391771913E+00 0.395335734E+00 0.375667900E+00 0.357629329E+00 0.344389915E+00
 0.119651243E+00 0.117093757E+00 0.111182354E+00 0.103563175E+00 0.957119390E-01
 0.879516453E-01 0.803094581E-01 0.727844089E-01 0.653796121E-01 0.581023991E-01
 0.509624034E-01 0.439703725E-01 0.371376276E-01 0.304757971E-01 0.239967238E-01
 0.177124348E-01 0.116352001E-01 0.577771571E-02 0.153490619E-03-0.522247329E-02
-0.103328815E-01-0.151586616E-01-0.193412378E-01-0.228523444E-01-0.256694574E-01
-0.277702045E-01-0.291310679E-01-0.297274124E-01-0.295336992E-01-0.285234358E-01
-0.266687665E-01-0.239406656E-01-0.203046221E-01-0.157403741E-01-0.101257274E-01
-0.387874455E-02 0.309255417E-02 0.107803755E-01 0.191958565E-01 0.283463858E-01
 0.382405967E-01 0.488881692E-01 0.603008047E-01 0.724930018E-01 0.854824483E-01
 0.992902145E-01 0.113940515E+00 0.129460067E+00 0.145876348E+00 0.163214207E+00
 0.181489438E+00 0.200697258E+00 0.220791742E+00 0.241648152E+00 0.262986451E+00
 0.284193277E+00 0.303987771E+00 0.320617557E+00 0.333308876E+00 0.341843158E+00
 0.346041709E+00 0.346291959E+00 0.342897594E+00 0.337244958E+00 0.331020057E+00
 0.133204862E+00 0.132598847E+00 0.122793905E+00 0.112042271E+00 0.102696337E+00
 0.939002857E-01 0.854097083E-01 0.771375522E-01 0.690462589E-01 0.611186996E-01
 0.533481948E-01 0.457341783E-01 0.382799804E-01 0.309915636E-01 0.238766875E-01
 0.169443432E-01 0.102043031E-01 0.366683234E-02-0.265719090E-02-0.875479542E-02
-0.146052344E-01-0.198590606E-01-0.244914703E-01-0.284760054E-01-0.317860544E-01
-0.343947969E-01-0.362751223E-01-0.373996980E-01-0.377411135E-01-0.372719243E-01
-0.359645933E-01-0.337912664E-01-0.307232570E-01-0.267310981E-01-0.217797812E-01
-0.158495046E-01-0.881169457E-02-0.111472444E-02 0.733292522E-02 0.165154543E-01
 0.264359023E-01 0.370919555E-01 0.484818555E-01 0.606049895E-01 0.734608397E-01
 0.870476738E-01 0.101360925E+00 0.116390742E+00 0.132118374E+00 0.148510650E+00
 0.165511519E+00 0.183029637E+00 0.200920030E+00 0.218958318E+00 0.236808434E+00
 0.253996253E+00 0.269928217E+00 0.283998966E+00 0.295737892E+00 0.304874212E+00
 0.311339170E+00 0.315265447E+00 0.316983044E+00 0.316995800E+00 0.315865010E+00
 0.133981302E+00 0.131725729E+00 0.125412837E+00 0.116682418E+00 0.107348956E+00
 0.980769098E-01 0.890006572E-01 0.801243111E-01 0.714301020E-01 0.629020259E-01
 0.545298494E-01 0.463088080E-01 0.382385664E-01 0.303222686E-01 0.225656610E-01
 0.149762956E-01 0.756250462E-02 0.331710646E-03-0.671298569E-02-0.135804396E-01
-0.199006461E-01-0.256419908E-01-0.307763983E-01-0.352756940E-01-0.391108133E-01
-0.422519036E-01-0.446686782E-01-0.463308766E-01-0.472086817E-01-0.472730398E-01
-0.464958511E-01-0.448499769E-01-0.423090607E-01-0.388471484E-01-0.344379321E-01
-0.290546212E-01-0.226647109E-01-0.152520509E-01-0.668444345E-02 0.254983432E-02
 0.125342645E-01 0.232334454E-01 0.346300863E-01 0.467120335E-01 0.594649315E-01
 0.728697553E-01 0.869009197E-01 0.101523906E+00 0.116691776E+00 0.132340640E+00
 0.148383617E+00 0.164703339E+00 0.181143448E+00 0.197500557E+00 0.213519946E+00
 0.228901029E+00 0.243318394E+00 0.256458640E+00 0.268062383E+00 0.277956754E+00
 0.286072671E+00 0.292447925E+00 0.297217250E+00 0.300587624E+00 0.302799761E+00
 0.144981250E+00 0.144855678E+00 0.132615939E+00 0.120639972E+00 0.110369712E+00
 0.100574985E+00 0.910289586E-01 0.816680714E-01 0.724649876E-01 0.634040236E-01
 0.544759743E-01 0.456766225E-01 0.370059386E-01 0.284675155E-01 0.200681351E-01
 0.118175866E-01 0.372872758E-02-0.418194942E-02-0.118926484E-01-0.193714183E-01
-0.262599941E-01-0.325592421E-01-0.382531211E-01-0.433165729E-01-0.477195308E-01
-0.514292307E-01-0.544117168E-01-0.566329658E-01-0.580597818E-01-0.586604364E-01
-0.584051758E-01-0.572664626E-01-0.552190244E-01-0.522396304E-01-0.483066328E-01
-0.433992222E-01-0.374963395E-01-0.305763353E-01-0.226114690E-01-0.135925161E-01
-0.338974642E-02 0.744040357E-02 0.189115722E-01 0.310261492E-01 0.437643901E-01
 0.570960976E-01 0.709828213E-01 0.853766501E-01 0.100217953E+00 0.115432560E+00
 0.130928606E+00 0.146593228E+00 0.162289917E+00 0.177857444E+00 0.193111777E+00
 0.207852632E+00 0.221874908E+00 0.234984353E+00 0.247014150E+00 0.257839143E+00
 0.267384738E+00 0.275629431E+00 0.282600611E+00 0.288364768E+00 0.293013692E+00
 0.139138266E+00 0.136702672E+00 0.130201101E+00 0.121145643E+00 0.111302137E+00
 0.101379573E+00 0.915430933E-01 0.818146393E-01 0.721885711E-01 0.626574829E-01
 0.532170981E-01 0.438667648E-01 0.346092209E-01 0.254502948E-01 0.163988061E-01
 0.746673532E-02-0.133028219E-02-0.997229945E-02-0.184355117E-01-0.263983477E-01
-0.338331461E-01-0.407132395E-01-0.470084995E-01-0.526848324E-01-0.577049479E-01
-0.620295256E-01-0.656184778E-01-0.684320778E-01-0.704320520E-01-0.715824664E-01
-0.718504936E-01-0.712068602E-01-0.696261227E-01-0.670865998E-01-0.635699630E-01
-0.590604842E-01-0.535437614E-01-0.470048897E-01-0.394253954E-01-0.307792667E-01
-0.210190341E-01-0.100834137E-01 0.147610193E-02 0.137141189E-01 0.265633538E-01
 0.399741642E-01 0.538991764E-01 0.682847202E-01 0.830680579E-01 0.981758833E-01
 0.113522947E+00 0.129011005E+00 0.144528285E+00 0.159950018E+00 0.175140545E+00
 0.189957261E+00 0.204256162E+00 0.217898563E+00 0.230758056E+00 0.242726147E+00
 0.253716230E+00 0.263665050E+00 0.272532195E+00 0.280298084E+00 0.286961287E+00
 0.147249416E+00 0.146765500E+00 0.133831993E+00 0.121558540E+00 0.111000799E+00
 0.100811355E+00 0.907366127E-01 0.807132348E-01 0.707244426E-01 0.607671328E-01
 0.508433506E-01 0.409579240E-01 0.311177261E-01 0.213314649E-01 0.116096642E-01
 0.196500472E-02-0.758616067E-02-0.170185529E-01-0.260170754E-01-0.345573574E-01
-0.426086709E-01-0.501355864E-01-0.570984036E-01-0.634537190E-01-0.691553056E-01
-0.741552338E-01-0.784051791E-01-0.818576887E-01-0.844675004E-01-0.861926973E-01
-0.869957060E-01-0.868440717E-01-0.857109353E-01-0.835751891E-01-0.804212689E-01
-0.762385428E-01-0.710203201E-01-0.647625104E-01-0.574620366E-01-0.491154902E-01
-0.397188589E-01-0.292728506E-01-0.177956223E-01-0.517407851E-02 0.798012875E-02
 0.216530226E-01 0.358186662E-01 0.504273139E-01 0.654184073E-01 0.807241276E-01
 0.962698683E-01 0.111973964E+00 0.127747595E+00 0.143495128E+00 0.159115106E+00
 0.174501866E+00 0.189547360E+00 0.204143271E+00 0.218182504E+00 0.231560022E+00
 0.244173005E+00 0.255920500E+00 0.266703755E+00 0.276428133E+00 0.285008192E+00
 0.137025043E+00 0.134014681E+00 0.127507478E+00 0.118716538E+00 0.109028056E+00
 0.990119353E-01 0.888437554E-01 0.785844997E-01 0.682620555E-01 0.578935817E-01
 0.474923588E-01 0.370703414E-01 0.266392305E-01 0.162107497E-01 0.579604786E-02
-0.459665805E-02-0.149684316E-01-0.249839053E-01-0.346137732E-01-0.438265167E-01
-0.525851995E-01-0.608469546E-01-0.685634464E-01-0.756817758E-01-0.821457133E-01
-0.878971145E-01-0.928774998E-01-0.970296338E-01-0.100299202E+00-0.102636278E+00
-0.103996694E+00-0.104343154E+00-0.103645980E+00-0.101883546E+00-0.990422592E-01
-0.951160789E-01-0.901056528E-01-0.840170160E-01-0.768599287E-01-0.686459839E-01
-0.593863130E-01-0.490884781E-01-0.377501138E-01-0.253426488E-01-0.118183540E-01
 0.222268468E-02 0.168172512E-01 0.318728685E-01 0.473184176E-01 0.630898401E-01
 0.791240856E-01 0.953565240E-01 0.111719891E+00 0.128144026E+00 0.144555748E+00
 0.160878956E+00 0.177034140E+00 0.192937329E+00 0.208497837E+00 0.223614559E+00
 0.238170967E+00 0.252029449E+00 0.265027314E+00 0.276978284E+00 0.287684202E+00
 0.136407793E+00 0.133399367E+00 0.126135081E+00 0.116757847E+00 0.106849775E+00
 0.966675878E-01 0.862779841E-01 0.757228658E-01 0.650319457E-01 0.542274080E-01
 0.433272272E-01 0.323474705E-01 0.213039294E-01 0.102136107E-01-0.903444481E-03
-0.120213861E-01-0.231041722E-01-0.338326432E-01-0.442031138E-01-0.541910827E-01
-0.637580529E-01-0.728550926E-01-0.814251676E-01-0.894049928E-01-0.967268422E-01
-0.103320479E+00-0.109115109E+00-0.114041433E+00-0.118033722E+00-0.121031761E+00
-0.122982666E+00-0.123842373E+00-0.123576812E+00-0.122162551E+00-0.119587027E+00
-0.115848169E+00-0.110953532E+00-0.104918867E+00-0.977662876E-01-0.895219892E-01
-0.802136809E-01-0.698678046E-01-0.585067309E-01-0.461473837E-01-0.328060277E-01
-0.185113493E-01-0.314600347E-02 0.126188137E-01 0.287528913E-01 0.452177487E-01
 0.619711690E-01 0.789692253E-01 0.961672366E-01 0.113520265E+00 0.130983204E+00
 0.148510322E+00 0.166054010E+00 0.183562040E+00 0.200972900E+00 0.218207821E+00
 0.235158548E+00 0.251669705E+00 0.267515957E+00 0.282381088E+00 0.295863301E+00
 0.136445433E+00 0.133593366E+00 0.125242233E+00 0.114959121E+00 0.104578376E+00
 0.940353647E-01 0.832933635E-01 0.723556727E-01 0.612357631E-01 0.499488190E-01
 0.385097675E-01 0.269332640E-01 0.152341938E-01 0.342867663E-02-0.846378505E-02
-0.204146579E-01-0.321347900E-01-0.435985960E-01-0.547757670E-01-0.656265467E-01
-0.761007667E-01-0.861383006E-01-0.956702456E-01-0.104620434E+00-0.112907328E+00
-0.120446146E+00-0.127151221E+00-0.132938534E+00-0.137728274E+00-0.141447335E+00
-0.144031674E+00-0.145428345E+00-0.145597056E+00-0.144511193E+00-0.142158270E+00
-0.138539672E+00-0.133669674E+00-0.127573848E+00-0.120286919E+00-0.111850016E+00
-0.102307595E+00-0.917040333E-01-0.800800323E-01-0.674688667E-01-0.538920797E-01
-0.393522680E-01-0.238164663E-01-0.722704409E-02 0.973864924E-02 0.270514041E-01
 0.446826369E-01 0.626055673E-01 0.807962492E-01 0.992344394E-01 0.117904194E+00
 0.136794120E+00 0.155896887E+00 0.175207481E+00 0.194719419E+00 0.214416996E+00
 0.234261096E+00 0.254162490E+00 0.273932040E+00 0.293175191E+00 0.311046451E+00
 0.133399084E+00 0.129759714E+00 0.122250579E+00 0.112493463E+00 0.101978518E+00
 0.911146104E-01 0.799876228E-01 0.686209723E-01 0.570266731E-01 0.452152416E-01
 0.331973918E-01 0.209840499E-01 0.858562253E-02-0.399015192E-02-0.167438928E-01
-0.293701552E-01-0.418465883E-01-0.541444607E-01-0.662256256E-01-0.780408606E-01
-0.895293280E-01-0.100619003E+00-0.111227594E+00-0.121264152E+00-0.130631059E+00
-0.139226452E+00-0.146947071E+00-0.153691247E+00-0.159362167E+00-0.163870946E+00
-0.167139739E+00-0.169104308E+00-0.169716209E+00-0.168944195E+00-0.166774988E+00
-0.163213015E+00-0.158279464E+00-0.152010381E+00-0.144454092E+00-0.135667890E+00
-0.125714317E+00-0.114656940E+00-0.102555968E+00-0.894635245E-01-0.754186139E-01
-0.604416765E-01-0.445289426E-01-0.276495349E-01-0.974155217E-02 0.852623209E-02
 0.271347743E-01 0.460708551E-01 0.653282478E-01 0.849091411E-01 0.104825802E+00
 0.125102401E+00 0.145777017E+00 0.166903675E+00 0.188554242E+00 0.210819811E+00
 0.233810768E+00 0.257652611E+00 0.282465607E+00 0.308275968E+00 0.334017962E+00
 0.134727404E+00 0.131785318E+00 0.121891521E+00 0.110467754E+00 0.993168205E-01
 0.880158767E-01 0.764628053E-01 0.646375045E-01 0.525391474E-01 0.401724949E-01
 0.275449380E-01 0.146663198E-01 0.154995511E-02-0.117851095E-01-0.253104120E-01
-0.387419946E-01-0.520842932E-01-0.653174743E-01-0.784029439E-01-0.912857503E-01
-0.103895865E+00-0.116149329E+00-0.127949581E+00-0.139189303E+00-0.149752736E+00
-0.159518465E+00-0.168362826E+00-0.176163524E+00-0.182803586E+00-0.188175380E+00
-0.192184329E+00-0.194752440E+00-0.195821062E+00-0.195352852E+00-0.193332881E+00
-0.189768493E+00-0.184688300E+00-0.178139910E+00-0.170186862E+00-0.160904676E+00
-0.150376365E+00-0.138687521E+00-0.125921041E+00-0.112151965E+00-0.974421054E-01
-0.818349570E-01-0.653507337E-01-0.479818098E-01-0.296879839E-01-0.103910528E-01
 0.924767274E-02 0.292247478E-01 0.495469570E-01 0.702334419E-01 0.913185030E-01
 0.112855278E+00 0.134920403E+00 0.157620370E+00 0.181100115E+00 0.205555707E+00
 0.231253773E+00 0.258565277E+00 0.288042605E+00 0.320736676E+00 0.361444741E+00
 0.129776120E+00 0.125513986E+00 0.117656507E+00 0.107486174E+00 0.963632539E-01
 0.847697034E-01 0.728167817E-01 0.605278499E-01 0.479090102E-01 0.349637009E-01
 0.216955356E-01 0.810943730E-02-0.578613579E-02-0.199734457E-01-0.341950804E-01
-0.484435521E-01-0.627023354E-01-0.769406483E-01-0.911114961E-01-0.105150990E+00
-0.118978404E+00-0.132496759E+00-0.145594016E+00-0.158144921E+00-0.170013607E+00
-0.181056753E+00-0.191127554E+00-0.200080141E+00-0.207774356E+00-0.214080647E+00
-0.218884930E+00-0.222092852E+00-0.223633528E+00-0.223462075E+00-0.221561164E+00
-0.217941076E+00-0.212638497E+00-0.205714032E+00-0.197248369E+00-0.187337756E+00
-0.176088512E+00-0.163611263E+00-0.150014907E+00-0.135400712E+00-0.119856484E+00
-0.103451148E+00-0.862296745E-01-0.682081953E-01-0.493692346E-01-0.296565033E-01
-0.896900240E-02 0.120319249E-01 0.333592519E-01 0.550398752E-01 0.771182626E-01
 0.996612012E-01 0.122763649E+00 0.146556586E+00 0.171218172E+00 0.196989775E+00
 0.224198490E+00 0.253287077E+00 0.284849048E+00 0.319684863E+00 0.359135360E+00
 0.132875979E+00 0.129751235E+00 0.117889851E+00 0.105445534E+00 0.936193764E-01
 0.815902203E-01 0.692072436E-01 0.564422421E-01 0.432915501E-01 0.297545418E-01
 0.158283934E-01 0.150558318E-02-0.132302064E-01-0.280983057E-01-0.430995412E-01
-0.582264960E-01-0.734592751E-01-0.887623653E-01-0.104082607E+00-0.119347997E+00
-0.134467259E+00-0.149330109E+00-0.163808316E+00-0.177757576E+00-0.191020295E+00
-0.203429267E+00-0.214812189E+00-0.224996939E+00-0.233817324E+00-0.241119117E+00
-0.246765971E+00-0.250644833E+00-0.252670616E+00-0.252789587E+00-0.250981361E+00
-0.247259215E+00-0.241668746E+00-0.234284922E+00-0.225207686E+00-0.214556351E+00
-0.202463314E+00-0.189067125E+00-0.174505591E+00-0.158908918E+00-0.142393380E+00
-0.125055403E+00-0.106966279E+00-0.881673470E-01-0.686654896E-01-0.484286249E-01
-0.273807663E-01-0.539614167E-02 0.168485213E-01 0.393760204E-01 0.622254573E-01
 0.854584426E-01 0.109162815E+00 0.133457869E+00 0.158502623E+00 0.184508532E+00
 0.211758360E+00 0.240634918E+00 0.271656752E+00 0.305423141E+00 0.341320872E+00
 0.125720561E+00 0.120779693E+00 0.112747774E+00 0.102423020E+00 0.908537954E-01
 0.785778314E-01 0.657848343E-01 0.525353067E-01 0.388473496E-01 0.247240756E-01
 0.101623023E-01-0.484446250E-02-0.203055479E-01-0.359434150E-01-0.517840274E-01
-0.678328797E-01-0.840755180E-01-0.100477055E+00-0.116981253E+00-0.133509770E+00
-0.149961695E+00-0.166213840E+00-0.182121649E+00-0.197521210E+00-0.212232262E+00
-0.226062298E+00-0.238811851E+00-0.250280470E+00-0.260273784E+00-0.268610567E+00
-0.275130004E+00-0.279698372E+00-0.282214820E+00-0.282615632E+00-0.280876875E+00
-0.277014911E+00-0.271084905E+00-0.263177484E+00-0.253413469E+00-0.241937384E+00
-0.228909820E+00-0.214499578E+00-0.198875472E+00-0.182198703E+00-0.164615646E+00
-0.146251544E+00-0.127205059E+00-0.107543513E+00-0.872989595E-01-0.664646253E-01
-0.449915566E-01-0.227850713E-01 0.299659732E-03 0.235413685E-01 0.469529405E-01
 0.705792978E-01 0.944846272E-01 0.118750110E+00 0.143475190E+00 0.168780461E+00
 0.194811732E+00 0.221747354E+00 0.249817461E+00 0.279357493E+00 0.310524046E+00
 0.128765747E+00 0.124710463E+00 0.114219248E+00 0.101636060E+00 0.889915526E-01
 0.760524422E-01 0.627102926E-01 0.489298888E-01 0.346947499E-01 0.199923646E-01
 0.481192628E-02-0.108528286E-01-0.269948337E-01-0.433800742E-01-0.600463189E-01
-0.770059153E-01-0.942477286E-01-0.111737184E+00-0.129415393E+00-0.147198334E+00
-0.164976165E+00-0.182613283E+00-0.199949160E+00-0.216800377E+00-0.232963830E+00
-0.248221293E+00-0.262345254E+00-0.275106072E+00-0.286279917E+00-0.295657218E+00
-0.303051472E+00-0.308307022E+00-0.311306268E+00-0.311974794E+00-0.310284764E+00
-0.306255639E+00-0.299952656E+00-0.291482896E+00-0.280989110E+00-0.268642128E+00
-0.254632115E+00-0.239159212E+00-0.222424388E+00-0.204620540E+00-0.185924694E+00
-0.166491047E+00-0.146445304E+00-0.125880063E+00-0.104851261E+00-0.833754763E-01
-0.614281148E-01-0.389428660E-01-0.158140361E-01 0.809358060E-02 0.319071449E-01
 0.557011887E-01 0.795250908E-01 0.103417844E+00 0.127410293E+00 0.151520118E+00
 0.175738528E+00 0.200002670E+00 0.224136442E+00 0.247726828E+00 0.269936442E+00
 0.126805902E+00 0.122068420E+00 0.112381503E+00 0.100129262E+00 0.871562809E-01
 0.737533197E-01 0.599273071E-01 0.456531867E-01 0.309034344E-01 0.156503506E-01
-0.136159622E-03-0.164929926E-01-0.331813283E-01-0.502271615E-01-0.676515251E-01
-0.854608342E-01-0.103641719E+00-0.122157693E+00-0.140946701E+00-0.159919262E+00
-0.178957239E+00-0.197913453E+00-0.216612339E+00-0.234851867E+00-0.252406895E+00
-0.269034177E+00-0.284478784E+00-0.298482269E+00-0.310791522E+00-0.321168900E+00
-0.329401970E+00-0.335313201E+00-0.338768035E+00-0.339681268E+00-0.338021070E+00
-0.333810002E+00-0.327123404E+00-0.318084747E+00-0.306858808E+00-0.293642700E+00
-0.278655946E+00-0.262129784E+00-0.244296789E+00-0.225380883E+00-0.205588728E+00
-0.185102239E+00-0.164072588E+00-0.142615557E+00-0.120807849E+00-0.986842737E-01
-0.762346387E-01-0.533993095E-01-0.300600715E-01-0.601902697E-02 0.179173686E-01
 0.416906625E-01 0.652813166E-01 0.886759013E-01 0.111850522E+00 0.134758025E+00
 0.157313287E+00 0.179373533E+00 0.200713754E+00 0.221005186E+00 0.239820123E+00
 0.126563817E+00 0.121845707E+00 0.111587361E+00 0.987765566E-01 0.854031965E-01
 0.716246367E-01 0.574131124E-01 0.427348204E-01 0.275567975E-01 0.118462099E-01
-0.443084119E-02-0.213104170E-01-0.385531038E-01-0.562115237E-01-0.743183792E-01
-0.928856656E-01-0.111902565E+00-0.131332919E+00-0.151112825E+00-0.171148509E+00
-0.191314787E+00-0.211454391E+00-0.231378347E+00-0.250867873E+00-0.269677907E+00
-0.287542224E+00-0.304180771E+00-0.319308311E+00-0.332644671E+00-0.343925864E+00
-0.352915317E+00-0.359414876E+00-0.363274068E+00-0.364397585E+00-0.362749815E+00
-0.358356267E+00-0.351301819E+00-0.341725469E+00-0.329812557E+00-0.315784931E+00
-0.299889535E+00-0.282386482E+00-0.263537556E+00-0.243595272E+00-0.222793326E+00
-0.201338857E+00-0.179406077E+00-0.157131851E+00-0.134612516E+00-0.111902088E+00
-0.890115798E-01-0.659096166E-01-0.425257422E-01-0.187605266E-01 0.548561523E-02
 0.292843822E-01 0.526635349E-01 0.756146908E-01 0.981019586E-01 0.120062187E+00
 0.141401112E+00 0.161988124E+00 0.181652814E+00 0.200187594E+00 0.217361152E+00
 0.125932828E+00 0.121202730E+00 0.110527515E+00 0.973440409E-01 0.837120712E-01
 0.696811900E-01 0.551976189E-01 0.402218066E-01 0.247191451E-01 0.865624100E-02
-0.800057873E-02-0.252871942E-01-0.429801680E-01-0.611394048E-01-0.798041001E-01
-0.989908427E-01-0.118691452E+00-0.138870597E+00-0.159463242E+00-0.180372387E+00
-0.201467246E+00-0.222582296E+00-0.243517578E+00-0.264040411E+00-0.283889025E+00
-0.302778006E+00-0.320405990E+00-0.336465150E+00-0.350652218E+00-0.362680823E+00
-0.372293800E+00-0.379275352E+00-0.383461416E+00-0.384748101E+00-0.383096635E+00
-0.378535271E+00-0.371157020E+00-0.361114383E+00-0.348610520E+00-0.333888382E+00
-0.317218393E+00-0.298885316E+00-0.279175669E+00-0.258366019E+00-0.236712843E+00
-0.214444250E+00-0.191753551E+00-0.168794751E+00-0.145679727E+00-0.122476533E+00
-0.992087871E-01-0.758553445E-01-0.523498841E-01-0.285791941E-01-0.437747501E-02
 0.193152037E-01 0.424791053E-01 0.650788099E-01 0.870646685E-01 0.108371161E+00
 0.128914997E+00 0.148594216E+00 0.167289644E+00 0.184869856E+00 0.201200098E+00
 0.123619355E+00 0.118396290E+00 0.108385600E+00 0.956989303E-01 0.821102709E-01
 0.679825619E-01 0.533467121E-01 0.381815992E-01 0.224577952E-01 0.614535715E-02
-0.107825240E-01-0.283417180E-01-0.463397279E-01-0.648448840E-01-0.839003846E-01
-0.103524998E+00-0.123711631E+00-0.144425005E+00-0.165599018E+00-0.187134147E+00
-0.208895460E+00-0.230711430E+00-0.252374053E+00-0.273640484E+00-0.294236720E+00
-0.313863188E+00-0.332202941E+00-0.348931402E+00-0.363728374E+00-0.376290858E+00
-0.386346549E+00-0.393666655E+00-0.398077190E+00-0.399467975E+00-0.397798151E+00
-0.393098086E+00-0.385467231E+00-0.375068218E+00-0.362117589E+00-0.346874177E+00
-0.329625875E+00-0.310675681E+00-0.290328473E+00-0.268878520E+00-0.246599019E+00
-0.223733410E+00-0.200488970E+00-0.177032292E+00-0.153486639E+00-0.129930466E+00
-0.106396817E+00-0.828725323E-01-0.592962056E-01-0.355523005E-01-0.114564914E-01
 0.121649364E-01 0.352033190E-01 0.575908087E-01 0.792696625E-01 0.100179285E+00
 0.120251141E+00 0.139407754E+00 0.157564506E+00 0.174633428E+00 0.190529048E+00
 0.124639459E+00 0.120112196E+00 0.108415104E+00 0.946382284E-01 0.808439478E-01
 0.666630939E-01 0.519655198E-01 0.367051698E-01 0.208504349E-01 0.436571101E-02
-0.127954986E-01-0.304079335E-01-0.485231467E-01-0.671890825E-01-0.864400566E-01
-0.106290914E+00-0.126732662E+00-0.147728786E+00-0.169211850E+00-0.191080570E+00
-0.213197455E+00-0.235387489E+00-0.257438064E+00-0.279100657E+00-0.300094366E+00
-0.320111841E+00-0.338827401E+00-0.355907291E+00-0.371021956E+00-0.383859307E+00
-0.394138843E+00-0.401624680E+00-0.406137675E+00-0.407564402E+00-0.405863196E+00
-0.401065916E+00-0.393275917E+00-0.382661730E+00-0.369447589E+00-0.353901386E+00
-0.336320758E+00-0.317018986E+00-0.296311170E+00-0.274501383E+00-0.251872063E+00
-0.228675261E+00-0.205126122E+00-0.181398675E+00-0.157623455E+00-0.133886710E+00
-0.110231005E+00-0.866567492E-01-0.631251335E-01-0.395634361E-01-0.158765707E-01
 0.802448206E-02 0.311410297E-01 0.534829423E-01 0.750309527E-01 0.957476348E-01
 0.115582906E+00 0.134477794E+00 0.152368128E+00 0.169188634E+00 0.184877470E+00
 0.119721979E+00 0.113933273E+00 0.104764745E+00 0.930385143E-01 0.798711628E-01
 0.658512786E-01 0.511800610E-01 0.359066390E-01 0.200265422E-01 0.351337646E-02
-0.136708384E-01-0.312819965E-01-0.493920557E-01-0.680553541E-01-0.873076841E-01
-0.107163772E+00-0.127614111E+00-0.148621604E+00-0.170118228E+00-0.192002103E+00
-0.214135140E+00-0.236341655E+00-0.258408278E+00-0.280085713E+00-0.301092178E+00
-0.321119457E+00-0.339840978E+00-0.356922120E+00-0.372032583E+00-0.384859711E+00
-0.395122498E+00-0.402584881E+00-0.407067716E+00-0.408457935E+00-0.406714320E+00
-0.401869535E+00-0.394027889E+00-0.383358985E+00-0.370088249E+00-0.354484797E+00
-0.336847425E+00-0.317490578E+00-0.296730369E+00-0.274871856E+00-0.252198428E+00
-0.228962913E+00-0.205381408E+00-0.181628987E+00-0.157837510E+00-0.134095028E+00
-0.110446557E+00-0.868957341E-01-0.634070039E-01-0.399074592E-01-0.162860770E-01
 0.761689758E-02 0.307341833E-01 0.530577078E-01 0.745669380E-01 0.952278972E-01
 0.114995182E+00 0.133815080E+00 0.151629075E+00 0.168377966E+00 0.184006065E+00
 0.125749156E+00 0.121800318E+00 0.108717732E+00 0.941376835E-01 0.800926760E-01
 0.658040717E-01 0.510666370E-01 0.358092599E-01 0.199888758E-01 0.356491446E-02
-0.135065559E-01-0.309834760E-01-0.489385389E-01-0.674260333E-01-0.864813253E-01
-0.106118590E+00-0.126327828E+00-0.147071704E+00-0.168282345E+00-0.189858600E+00
-0.211663783E+00-0.233524472E+00-0.255230546E+00-0.276536822E+00-0.297166854E+00
-0.316818565E+00-0.335172385E+00-0.351901352E+00-0.366683125E+00-0.379212976E+00
-0.389217347E+00-0.396466821E+00-0.400787532E+00-0.402070135E+00-0.400275350E+00
-0.395435750E+00-0.387653500E+00-0.377094358E+00-0.363978297E+00-0.348567575E+00
-0.331153452E+00-0.312042207E+00-0.291541666E+00-0.269948870E+00-0.247539490E+00
-0.224559352E+00-0.201218113E+00-0.177685127E+00-0.154087082E+00-0.130507305E+00
-0.106986314E+00-0.835234523E-01-0.600796714E-01-0.365825072E-01-0.129368724E-01
 0.109469807E-01 0.340509862E-01 0.563872643E-01 0.779371411E-01 0.986624733E-01
 0.118511409E+00 0.137422413E+00 0.155328199E+00 0.172160074E+00 0.187852770E+00
 0.121725231E+00 0.116460070E+00 0.106586359E+00 0.939304456E-01 0.802544579E-01
 0.660578832E-01 0.514091440E-01 0.362861082E-01 0.206483454E-01 0.444946531E-02
-0.123644909E-01-0.295708459E-01-0.472215265E-01-0.653635189E-01-0.840294659E-01
-0.103232339E+00-0.122961618E+00-0.143180013E+00-0.163820535E+00-0.184784025E+00
-0.205937192E+00-0.227111697E+00-0.248104319E+00-0.268678844E+00-0.288569689E+00
-0.307487547E+00-0.325127184E+00-0.341177046E+00-0.355330676E+00-0.367298990E+00
-0.376823097E+00-0.383686244E+00-0.387724698E+00-0.388835847E+00-0.386983365E+00
-0.382198870E+00-0.374579668E+00-0.364282966E+00-0.351517111E+00-0.336530268E+00
-0.319598019E+00-0.301009983E+00-0.281057149E+00-0.260020077E+00-0.238158897E+00
-0.215704978E+00-0.192854732E+00-0.169765428E+00-0.146552458E+00-0.123288035E+00
-0.100000784E+00-0.766752139E-01-0.532501228E-01-0.296125188E-01-0.557914376E-02
 0.179923829E-01 0.409978852E-01 0.633722320E-01 0.850576684E-01 0.105991133E+00
 0.126099646E+00 0.145299777E+00 0.163499713E+00 0.180603698E+00 0.196518287E+00
 0.124130733E+00 0.119865015E+00 0.108277477E+00 0.943992734E-01 0.805417970E-01
 0.664574951E-01 0.520234741E-01 0.371780954E-01 0.218754373E-01 0.607595965E-02
-0.102527970E-01-0.271288753E-01-0.443563648E-01-0.620006360E-01-0.801013038E-01
-0.986736268E-01-0.117707759E+00-0.137167081E+00-0.156986192E+00-0.177069008E+00
-0.197287425E+00-0.217480585E+00-0.237455502E+00-0.256988913E+00-0.275831014E+00
-0.293710738E+00-0.310343176E+00-0.325438648E+00-0.338713020E+00-0.349899143E+00
-0.358758330E+00-0.365091503E+00-0.368748546E+00-0.369635969E+00-0.367721200E+00
-0.363034010E+00-0.355664432E+00-0.345757365E+00-0.333504468E+00-0.319133908E+00
-0.302898884E+00-0.285065323E+00-0.265900314E+00-0.245661080E+00-0.224585444E+00
-0.202884153E+00-0.180734739E+00-0.158277169E+00-0.135610998E+00-0.112793714E+00
-0.898401961E-01-0.667233020E-01-0.433767661E-01-0.197046958E-01 0.439005438E-02
 0.279846806E-01 0.510863215E-01 0.736661032E-01 0.956726074E-01 0.117034465E+00
 0.137659788E+00 0.157435760E+00 0.176230356E+00 0.193897799E+00 0.210288450E+00
 0.121233962E+00 0.116396919E+00 0.106435522E+00 0.938040763E-01 0.804668218E-01
 0.667720810E-01 0.527332388E-01 0.383154079E-01 0.234776754E-01 0.818078406E-02
-0.761195598E-02-0.239362400E-01-0.405620299E-01-0.575432181E-01-0.749129057E-01
-0.926822051E-01-0.110838868E+00-0.129345611E+00-0.148138344E+00-0.167124733E+00
-0.186183080E+00-0.205162033E+00-0.223881334E+00-0.242133915E+00-0.259689301E+00
-0.276298851E+00-0.291702420E+00-0.305636674E+00-0.317844331E+00-0.328084439E+00
-0.336142480E+00-0.341840029E+00-0.345043093E+00-0.345668614E+00-0.343688130E+00
-0.339128882E+00-0.332071871E+00-0.322646886E+00-0.311025411E+00-0.297411323E+00
-0.282030731E+00-0.265120894E+00-0.246919841E+00-0.227656245E+00-0.207540795E+00
-0.186758861E+00-0.165464580E+00-0.143776461E+00-0.121773988E+00-0.994950905E-01
-0.769334584E-01-0.540344715E-01-0.306867249E-01-0.670185918E-02 0.171064492E-01
 0.406644270E-01 0.639299825E-01 0.868619680E-01 0.109405868E+00 0.131484360E+00
 0.152988970E+00 0.173772439E+00 0.193644047E+00 0.212372065E+00 0.229698479E+00
 0.120471925E+00 0.116020381E+00 0.105777085E+00 0.931066424E-01 0.801325738E-01
 0.669372156E-01 0.534472987E-01 0.396050736E-01 0.253657233E-01 0.106917219E-01
-0.445090793E-02-0.200949144E-01-0.359913819E-01-0.521832854E-01-0.686943978E-01
-0.855292305E-01-0.102671579E+00-0.120082796E+00-0.137700215E+00-0.155435786E+00
-0.173175305E+00-0.190778419E+00-0.208079502E+00-0.224889755E+00-0.241000518E+00
-0.256188095E+00-0.270219684E+00-0.282860875E+00-0.293883801E+00-0.303075790E+00
-0.310248345E+00-0.315245241E+00-0.317949653E+00-0.318289369E+00-0.316240042E+00
-0.311825812E+00-0.305117488E+00-0.296228260E+00-0.285307378E+00-0.272532135E+00
-0.258098811E+00-0.242213160E+00-0.225081027E+00-0.206899479E+00-0.187848836E+00
-0.168085963E+00-0.147738695E+00-0.126901433E+00-0.105631940E+00-0.839490443E-01
-0.618313178E-01-0.392172784E-01-0.160085969E-01 0.791870058E-02 0.316781327E-01
 0.553217009E-01 0.788674504E-01 0.102312185E+00 0.125631317E+00 0.148771435E+00
 0.171636254E+00 0.194065496E+00 0.215807676E+00 0.236496016E+00 0.255653799E+00
 0.117754363E+00 0.113389172E+00 0.103521198E+00 0.915070847E-01 0.793097243E-01
 0.668882206E-01 0.541433468E-01 0.410265625E-01 0.275091194E-01 0.135679580E-01
-0.820339017E-03-0.156846475E-01-0.307742581E-01-0.461016037E-01-0.616760291E-01
-0.774945840E-01-0.935374722E-01-0.109765366E+00-0.126117751E+00-0.142511755E+00
-0.158841744E+00-0.174979404E+00-0.190774933E+00-0.206058964E+00-0.220645830E+00
-0.234337777E+00-0.246930346E+00-0.258218765E+00-0.268004984E+00-0.276105106E+00
-0.282356739E+00-0.286625803E+00-0.288812369E+00-0.288854897E+00-0.286732733E+00
-0.282466501E+00-0.276116461E+00-0.267778665E+00-0.257579595E+00-0.245669261E+00
-0.232213393E+00-0.217385277E+00-0.201357514E+00-0.184294194E+00-0.166343763E+00
-0.147632718E+00-0.128260285E+00-0.108293951E+00-0.877657235E-01-0.666689575E-01
-0.449555703E-01-0.225331504E-01 0.738449278E-03 0.241277926E-01 0.476333089E-01
 0.712776855E-01 0.950920433E-01 0.119109169E+00 0.143357858E+00 0.167854458E+00
 0.192587078E+00 0.217484325E+00 0.242349356E+00 0.266722023E+00 0.289670229E+00
 0.111394890E+00 0.106253766E+00 0.985548720E-01 0.889273584E-01 0.782084912E-01
 0.668326095E-01 0.549621210E-01 0.426543392E-01 0.299295522E-01 0.167946480E-01
 0.325260404E-02-0.106907347E-01-0.250162371E-01-0.394729823E-01-0.540849976E-01
-0.688539669E-01-0.837616995E-01-0.987707078E-01-0.113824055E+00-0.128845081E+00
-0.143737465E+00-0.158385664E+00-0.172656134E+00-0.186399281E+00-0.199452445E+00
-0.211643562E+00-0.222796008E+00-0.232733846E+00-0.241287857E+00-0.248301640E+00
-0.253637671E+00-0.257182807E+00-0.258852899E+00-0.258596212E+00-0.256395221E+00
-0.252266854E+00-0.246260777E+00-0.238456398E+00-0.228958026E+00-0.217889130E+00
-0.205385759E+00-0.191589415E+00-0.176640064E+00-0.160669118E+00-0.143793136E+00
-0.126107812E+00-0.107682899E+00-0.885573700E-01-0.687351227E-01-0.481806882E-01
-0.268145781E-01-0.450782105E-02 0.180603843E-01 0.409101322E-01 0.640739650E-01
 0.876013115E-01 0.111559533E+00 0.136035174E+00 0.161136150E+00 0.186994731E+00
 0.213772073E+00 0.241666034E+00 0.270932615E+00 0.301945269E+00 0.334878594E+00
 0.113125198E+00 0.109230153E+00 0.989236012E-01 0.883661583E-01 0.780097321E-01
 0.672923177E-01 0.561512932E-01 0.445948876E-01 0.326389857E-01 0.202961378E-01
 0.757483719E-02-0.551956799E-02-0.189846084E-01-0.325271152E-01-0.461580269E-01
-0.598715581E-01-0.736460611E-01-0.874439925E-01-0.101211540E+00-0.114878364E+00
-0.128357679E+00-0.141546771E+00-0.154328257E+00-0.166571841E+00-0.178136975E+00
-0.188876122E+00-0.198638782E+00-0.207275987E+00-0.214645162E+00-0.220615163E+00
-0.225071102E+00-0.227918729E+00-0.229088023E+00-0.228535771E+00-0.226246893E+00
-0.222234443E+00-0.216538131E+00-0.209221616E+00-0.200368553E+00-0.190077648E+00
-0.178457171E+00-0.165618911E+00-0.151672035E+00-0.136717007E+00-0.120839812E+00
-0.104106359E+00-0.865574107E-01-0.682036802E-01-0.490209572E-01-0.289449114E-01
-0.786502659E-02 0.135623273E-01 0.353578739E-01 0.575561114E-01 0.802086666E-01
 0.103388630E+00 0.127195835E+00 0.151763827E+00 0.177269861E+00 0.203949332E+00
 0.232117251E+00 0.262200296E+00 0.294776857E+00 0.330515772E+00 0.368737638E+00
 0.108402692E+00 0.103662916E+00 0.966008231E-01 0.878855810E-01 0.783197358E-01
 0.682386756E-01 0.577415526E-01 0.468639731E-01 0.356255434E-01 0.240398832E-01
 0.121161304E-01-0.142160381E-03-0.127407108E-01-0.253870040E-01-0.380667374E-01
-0.507613905E-01-0.634442940E-01-0.760778710E-01-0.886119753E-01-0.100983121E+00
-0.113114320E+00-0.124915652E+00-0.136285305E+00-0.147111326E+00-0.157273784E+00
-0.166647762E+00-0.175106555E+00-0.182525471E+00-0.188785776E+00-0.193778694E+00
-0.197409213E+00-0.199599460E+00-0.200291529E+00-0.199449301E+00-0.197059393E+00
-0.193131000E+00-0.187694505E+00-0.180799261E+00-0.172510147E+00-0.162903517E+00
-0.152062580E+00-0.140072152E+00-0.127013505E+00-0.112958811E+00-0.979658887E-01
-0.820728242E-01-0.652928799E-01-0.476097725E-01-0.289726164E-01-0.929010939E-02
 0.107864942E-01 0.312680230E-01 0.521775894E-01 0.735531896E-01 0.954513401E-01
 0.117951863E+00 0.141164437E+00 0.165237576E+00 0.190371364E+00 0.216835544E+00
 0.244994968E+00 0.275343537E+00 0.308544189E+00 0.345492244E+00 0.387686670E+00
 0.110576265E+00 0.107019469E+00 0.982343331E-01 0.886452645E-01 0.792486444E-01
 0.696098506E-01 0.596578494E-01 0.493896268E-01 0.388163216E-01 0.279516876E-01
 0.168096498E-01 0.540453475E-02-0.624671252E-02-0.181186106E-01-0.299415328E-01
-0.416975282E-01-0.533642098E-01-0.649096295E-01-0.762904957E-01-0.874518007E-01
-0.983269960E-01-0.108838774E+00-0.118900165E+00-0.128416136E+00-0.137285605E+00
-0.145403832E+00-0.152665243E+00-0.158966422E+00-0.164209291E+00-0.168304250E+00
-0.171173200E+00-0.172752023E+00-0.172992751E+00-0.171864867E+00-0.169355944E+00
-0.165471271E+00-0.160232708E+00-0.153676718E+00-0.145851523E+00-0.136813715E+00
-0.126624301E+00-0.115344435E+00-0.103030853E+00-0.897309855E-01-0.754778460E-01
-0.602843203E-01-0.441372879E-01-0.269943550E-01-0.877944939E-02 0.985109527E-02
 0.288952272E-01 0.483595543E-01 0.682611465E-01 0.886298567E-01 0.109511405E+00
 0.130971238E+00 0.153099716E+00 0.176019028E+00 0.199892804E+00 0.224940181E+00
 0.251457334E+00 0.279855520E+00 0.310748249E+00 0.345309347E+00 0.388894171E+00
 0.107910879E+00 0.103692785E+00 0.971600413E-01 0.890910476E-01 0.803339705E-01
 0.711932331E-01 0.617515333E-01 0.520398021E-01 0.420779660E-01 0.318833217E-01
 0.214724168E-01 0.108621437E-01 0.713471527E-04-0.108765215E-01-0.219493099E-01
-0.328519270E-01-0.435847938E-01-0.541282855E-01-0.644483492E-01-0.744990855E-01
-0.842242390E-01-0.935583636E-01-0.102428123E+00-0.110753752E+00-0.118450835E+00
-0.125432342E+00-0.131610885E+00-0.136901230E+00-0.141222730E+00-0.144501820E+00
-0.146674260E+00-0.147687137E+00-0.147500306E+00-0.146087363E+00-0.143436000E+00
-0.139547557E+00-0.134436056E+00-0.128126368E+00-0.120651938E+00-0.112051927E+00
-0.102367915E+00-0.916403979E-01-0.799051076E-01-0.671891496E-01-0.535065979E-01
-0.388509743E-01-0.231782161E-01-0.641721860E-02 0.107671283E-01 0.283627976E-01
 0.463612340E-01 0.647590160E-01 0.835594982E-01 0.102774538E+00 0.122426286E+00
 0.142549083E+00 0.163191542E+00 0.184418544E+00 0.206313029E+00 0.228977188E+00
 0.252531648E+00 0.277109146E+00 0.302827716E+00 0.329677463E+00 0.356447637E+00
 0.109676071E+00 0.106321491E+00 0.989099219E-01 0.903034806E-01 0.816959143E-01
 0.729022399E-01 0.638894290E-01 0.546688698E-01 0.452594049E-01 0.356790647E-01
 0.259437282E-01 0.160671901E-01 0.606090110E-02-0.406783540E-02-0.143214269E-01
-0.243895985E-01-0.342480354E-01-0.438699909E-01-0.532224886E-01-0.622650906E-01
-0.709497854E-01-0.792214647E-01-0.870187953E-01-0.942754075E-01-0.100921310E+00
-0.106884599E+00-0.112093270E+00-0.116477199E+00-0.119970076E+00-0.122511342E+00
-0.124047861E+00-0.124535367E+00-0.123939559E+00-0.122236706E+00-0.119413756E+00
-0.115467966E+00-0.110405870E+00-0.104241811E+00-0.969959348E-01-0.886916816E-01
-0.793529749E-01-0.690012351E-01-0.576526746E-01-0.453170240E-01-0.320023224E-01
-0.177278724E-01-0.236417144E-02 0.134280175E-01 0.296344180E-01 0.462350696E-01
 0.632092655E-01 0.805379674E-01 0.982051417E-01 0.116198599E+00 0.134510502E+00
 0.153137326E+00 0.172078967E+00 0.191336632E+00 0.210908055E+00 0.230778694E+00
 0.250905305E+00 0.271185875E+00 0.291404068E+00 0.311117411E+00 0.329411805E+00
 0.108482912E+00 0.104859129E+00 0.987686291E-01 0.911796466E-01 0.830158815E-01
 0.745586604E-01 0.659062937E-01 0.571079105E-01 0.481920689E-01 0.391773582E-01
 0.300773401E-01 0.209031235E-01 0.116648208E-01 0.237275800E-02-0.696054287E-02
-0.163150486E-01-0.254007541E-01-0.341987275E-01-0.426829942E-01-0.508207306E-01
-0.585726202E-01-0.658933893E-01-0.727325827E-01-0.790355504E-01-0.847446695E-01
-0.898007154E-01-0.941443890E-01-0.977178439E-01-0.100466251E+00-0.102339260E+00
-0.103292249E+00-0.103287347E+00-0.102294177E+00-0.100290246E+00-0.972608924E-01
-0.931988657E-01-0.881034136E-01-0.819790214E-01-0.748336241E-01-0.666763037E-01
-0.575143397E-01-0.473490097E-01-0.361704193E-01-0.239417348E-01-0.106067657E-01
 0.323862932E-02 0.176431779E-01 0.325275548E-01 0.478362590E-01 0.635237172E-01
 0.795486122E-01 0.958715528E-01 0.112454101E+00 0.129258305E+00 0.146246165E+00
 0.163378611E+00 0.180613741E+00 0.197903305E+00 0.215187192E+00 0.232384250E+00
 0.249378815E+00 0.266001374E+00 0.282004595E+00 0.297042191E+00 0.310676396E+00
 0.109539539E+00 0.106347270E+00 0.100365698E+00 0.926534683E-01 0.844073519E-01
 0.760235488E-01 0.675921142E-01 0.591366775E-01 0.506656766E-01 0.421834812E-01
 0.336934738E-01 0.251993462E-01 0.167058930E-01 0.821968447E-02-0.250226352E-03
-0.869170390E-02-0.170901213E-01-0.251517929E-01-0.328585990E-01-0.401858911E-01
-0.471030958E-01-0.535742901E-01-0.595588349E-01-0.650122613E-01-0.698873326E-01
-0.741352141E-01-0.777067468E-01-0.805537403E-01-0.826302394E-01-0.838936046E-01
-0.843054131E-01-0.838321149E-01-0.824455097E-01-0.801228881E-01-0.768469349E-01
-0.726052374E-01-0.673894584E-01-0.611944459E-01-0.540170185E-01-0.458542332E-01
-0.367024653E-01-0.265507437E-01-0.154069709E-01-0.314711686E-02 0.961515494E-02
 0.228752140E-01 0.366169997E-01 0.508021936E-01 0.653841570E-01 0.803122446E-01
 0.955329016E-01 0.110989787E+00 0.126623690E+00 0.142372519E+00 0.158171028E+00
 0.173950627E+00 0.189638302E+00 0.205154926E+00 0.220412150E+00 0.235307902E+00
 0.249720469E+00 0.263502300E+00 0.276475847E+00 0.288435698E+00 0.299161702E+00
 0.114335954E+00 0.113552041E+00 0.104216665E+00 0.940514058E-01 0.852205828E-01
 0.767919868E-01 0.685540140E-01 0.604395531E-01 0.524192937E-01 0.444767736E-01
 0.366016999E-01 0.287879109E-01 0.210327581E-01 0.133368326E-01 0.570383295E-02
-0.185966562E-02-0.934462342E-02-0.167400166E-01-0.237439927E-01-0.303396191E-01
-0.365048610E-01-0.422128364E-01-0.474315919E-01-0.521252155E-01-0.562548637E-01
-0.597797632E-01-0.626583472E-01-0.648495257E-01-0.663138330E-01-0.670142099E-01
-0.669165328E-01-0.659897774E-01-0.642061681E-01-0.615413040E-01-0.579740517E-01
-0.534858182E-01-0.480590649E-01-0.416773409E-01-0.343256220E-01-0.259842891E-01
-0.166533422E-01-0.620696088E-02 0.480822660E-02 0.164581239E-01 0.286792573E-01
 0.414251573E-01 0.546526574E-01 0.683144629E-01 0.823573470E-01 0.967217162E-01
 0.111341260E+00 0.126142845E+00 0.141046628E+00 0.155966461E+00 0.170810908E+00
 0.185484380E+00 0.199888632E+00 0.213923872E+00 0.227489427E+00 0.240483642E+00
 0.252803028E+00 0.264341593E+00 0.274990827E+00 0.284642547E+00 0.293194652E+00
 0.108352140E+00 0.105691239E+00 0.999931544E-01 0.923729539E-01 0.842507929E-01
 0.762011111E-01 0.683451518E-01 0.606830083E-01 0.531914160E-01 0.458466262E-01
 0.386293083E-01 0.315253325E-01 0.245255493E-01 0.176253486E-01 0.108240983E-01
 0.412451988E-02-0.246805209E-02-0.894655660E-02-0.153032579E-01-0.212258436E-01
-0.267016254E-01-0.317150913E-01-0.362407267E-01-0.402491279E-01-0.437078513E-01
-0.465816259E-01-0.488333255E-01-0.504260696E-01-0.513246804E-01-0.514963306E-01
-0.509102978E-01-0.495366678E-01-0.473460816E-01-0.443104506E-01-0.404041447E-01
-0.356035717E-01-0.298767071E-01-0.231885090E-01-0.155263171E-01-0.676006265E-02
 0.260288455E-02 0.126416823E-01 0.233159382E-01 0.346013419E-01 0.464633219E-01
 0.588627346E-01 0.717558265E-01 0.850925371E-01 0.988147780E-01 0.112854891E+00
 0.127134338E+00 0.141562819E+00 0.156037956E+00 0.170446157E+00 0.184664831E+00
 0.198566124E+00 0.212021798E+00 0.224908933E+00 0.237115219E+00 0.248542905E+00
 0.259111255E+00 0.268756956E+00 0.277433127E+00 0.285107762E+00 0.291762441E+00
 0.110484079E+00 0.111123689E+00 0.100176111E+00 0.900786966E-01 0.817750096E-01
 0.740596801E-01 0.667061210E-01 0.596321151E-01 0.527882613E-01 0.461378433E-01
 0.396530032E-01 0.333136059E-01 0.271063391E-01 0.210238192E-01 0.150636826E-01
 0.922770146E-02 0.352082355E-02-0.205002329E-02-0.747777149E-02-0.127586359E-01
-0.175742600E-01-0.219472181E-01-0.258379020E-01-0.292215571E-01-0.320724621E-01
-0.343583077E-01-0.360396653E-01-0.370792784E-01-0.374441333E-01-0.371063091E-01
-0.360422321E-01-0.342225768E-01-0.316117071E-01-0.281708520E-01-0.238678530E-01
-0.187064055E-01-0.126149980E-01-0.544376392E-02 0.233220379E-02 0.108023174E-01
 0.199412890E-01 0.297402162E-01 0.401818566E-01 0.512452275E-01 0.629041940E-01
 0.751270056E-01 0.878752321E-01 0.101102009E+00 0.114749737E+00 0.128747344E+00
 0.143007427E+00 0.157423452E+00 0.171867743E+00 0.186191335E+00 0.200226903E+00
 0.213795662E+00 0.226718545E+00 0.238829970E+00 0.249991342E+00 0.260101438E+00
 0.269101977E+00 0.276977599E+00 0.283750594E+00 0.289471507E+00 0.294207513E+00
 0.988824666E-01 0.963394791E-01 0.910621881E-01 0.841387063E-01 0.769455880E-01
 0.700164363E-01 0.634289309E-01 0.571444407E-01 0.511100553E-01 0.452813469E-01
 0.396255963E-01 0.341206156E-01 0.287529342E-01 0.235162023E-01 0.184099320E-01
 0.134386420E-01 0.861132517E-02 0.394136412E-02-0.552844547E-03-0.484577380E-02
-0.889914017E-02-0.127403019E-01-0.160419475E-01-0.188415535E-01-0.211406574E-01
-0.229119826E-01-0.240809862E-01-0.246028658E-01-0.244437028E-01-0.235825479E-01
-0.220374912E-01-0.197795406E-01-0.167525690E-01-0.128693590E-01-0.798454694E-02
-0.251712929E-02 0.364344800E-02 0.105428686E-01 0.181429274E-01 0.264343210E-01
 0.354068950E-01 0.450514592E-01 0.553573966E-01 0.663117841E-01 0.778983384E-01
 0.900961831E-01 0.102878191E+00 0.116208538E+00 0.130039424E+00 0.144306645E+00
 0.158923939E+00 0.173776180E+00 0.188712060E+00 0.203538001E+00 0.218016952E+00
 0.231877506E+00 0.244837135E+00 0.256636560E+00 0.267073184E+00 0.276023984E+00
 0.283455253E+00 0.289421201E+00 0.294051260E+00 0.297524393E+00 0.300034791E+00
 0.948801860E-01 0.945408046E-01 0.856036395E-01 0.768282115E-01 0.700314939E-01
 0.640268251E-01 0.584754050E-01 0.532249287E-01 0.481918752E-01 0.433270410E-01
 0.386013836E-01 0.339988507E-01 0.295123812E-01 0.251415595E-01 0.208912585E-01
 0.167708807E-01 0.127940532E-01 0.897867884E-02 0.534733804E-02 0.192799210E-02
-0.124529458E-02-0.413286593E-02-0.666917395E-02-0.882938504E-02-0.106156850E-01
-0.120689971E-01-0.128057087E-01-0.128410282E-01-0.121326298E-01-0.105745392E-01
-0.853027217E-02-0.589610916E-02-0.260450621E-02 0.139146263E-02 0.611355528E-02
 0.115248589E-01 0.176255591E-01 0.244205371E-01 0.319074318E-01 0.400844105E-01
 0.489500053E-01 0.585031882E-01 0.687429830E-01 0.796680152E-01 0.912758783E-01
 0.103562199E+00 0.116519108E+00 0.130132943E+00 0.144380614E+00 0.159224048E+00
 0.174601942E+00 0.190417409E+00 0.206520319E+00 0.222682998E+00 0.238572717E+00
 0.253738672E+00 0.267654002E+00 0.279830962E+00 0.289926976E+00 0.297770530E+00
 0.303360701E+00 0.306865275E+00 0.308616489E+00 0.309066653E+00 0.308664888E+00
 0.768616572E-01 0.736969486E-01 0.694201887E-01 0.647239834E-01 0.602571368E-01
 0.560581051E-01 0.520301871E-01 0.481087789E-01 0.442625321E-01 0.404789411E-01
 0.367556810E-01 0.330963358E-01 0.295083597E-01 0.260021649E-01 0.225907583E-01
 0.192897040E-01 0.161172654E-01 0.130946748E-01 0.102464613E-01 0.760077545E-02
 0.518957945E-02 0.304855825E-02 0.121685583E-02-0.269220240E-03-0.137306796E-02
-0.204734039E-02-0.220713252E-02-0.180313142E-02-0.801118033E-03 0.816083222E-03
 0.302121160E-02 0.582535425E-02 0.925058406E-02 0.133183068E-01 0.180430766E-01
 0.234302077E-01 0.294855200E-01 0.362153128E-01 0.436254293E-01 0.517220274E-01
 0.605121627E-01 0.700042620E-01 0.802085102E-01 0.911371633E-01 0.102804795E+00
 0.115228347E+00 0.128426835E+00 0.142420575E+00 0.157229140E+00 0.172867775E+00
 0.189340413E+00 0.206627578E+00 0.224664688E+00 0.243301019E+00 0.262211919E+00
 0.280693650E+00 0.297415823E+00 0.311072886E+00 0.321350724E+00 0.327983469E+00
 0.331048161E+00 0.330822021E+00 0.327797234E+00 0.323430419E+00 0.318887889E+00
 0.579729155E-01 0.532223694E-01 0.514377803E-01 0.505507588E-01 0.491163544E-01
 0.471623912E-01 0.448795892E-01 0.423937887E-01 0.397823155E-01 0.370963998E-01
 0.343732648E-01 0.316422954E-01 0.289283507E-01 0.262538213E-01 0.236400068E-01
 0.211081803E-01 0.186804123E-01 0.163802300E-01 0.142331393E-01 0.122669814E-01
 0.105121024E-01 0.900130719E-02 0.776956463E-02 0.685339328E-02 0.629143324E-02
 0.612572161E-02 0.640154723E-02 0.715843821E-02 0.842840131E-02 0.102350703E-01
 0.125940200E-01 0.155221364E-01 0.190376118E-01 0.231580287E-01 0.278987661E-01
 0.332726426E-01 0.392912030E-01 0.459655598E-01 0.533069745E-01 0.613276213E-01
 0.700414181E-01 0.794649497E-01 0.896184668E-01 0.100527056E+00 0.112221979E+00
 0.124742195E+00 0.138136223E+00 0.152464136E+00 0.167799860E+00 0.184233174E+00
 0.201871037E+00 0.220837295E+00 0.241269663E+00 0.263316780E+00 0.287172049E+00
 0.313508391E+00 0.343579233E+00 0.352649242E+00 0.367204279E+00 0.370659500E+00
 0.369020402E+00 0.368636459E+00 0.349946350E+00 0.337206185E+00 0.327579319E+00
 0.430755243E-01 0.369428284E-01 0.375165008E-01 0.391767919E-01 0.395383164E-01
 0.391048975E-01 0.381560363E-01 0.368542783E-01 0.353087187E-01 0.335974582E-01
 0.317785107E-01 0.298963748E-01 0.279864892E-01 0.260783602E-01 0.241979044E-01
 0.223692078E-01 0.206158534E-01 0.189619325E-01 0.174327586E-01 0.160553623E-01
 0.148587525E-01 0.138739850E-01 0.131340725E-01 0.126737589E-01 0.125293070E-01
 0.127380881E-01 0.133375442E-01 0.143631920E-01 0.158473216E-01 0.178184416E-01
 0.203015544E-01 0.233194828E-01 0.268933456E-01 0.310424697E-01 0.357842445E-01
 0.411342718E-01 0.471068881E-01 0.537158884E-01 0.609753393E-01 0.689005554E-01
 0.775092021E-01 0.868226066E-01 0.968672559E-01 0.107676633E+00 0.119293496E+00
 0.131772786E+00 0.145185515E+00 0.159623951E+00 0.175208762E+00 0.192098856E+00
 0.210504442E+00 0.230703831E+00 0.253061563E+00 0.278050005E+00 0.306339025E+00
 0.338356882E+00 0.360541314E+00 0.376114517E+00 0.388328403E+00 0.388142675E+00
 0.388277680E+00 0.373730630E+00 0.356188387E+00 0.341480434E+00 0.329764664E+00
 0.380873270E-01 0.328023247E-01 0.313229822E-01 0.318092145E-01 0.324299037E-01
 0.326711349E-01 0.325044133E-01 0.320022292E-01 0.312457550E-01 0.303047970E-01
 0.292352438E-01 0.280809253E-01 0.268764570E-01 0.256500319E-01 0.244258270E-01
 0.232259575E-01 0.220719930E-01 0.209860709E-01 0.199916866E-01 0.191142038E-01
 0.183811318E-01 0.178222042E-01 0.174692962E-01 0.173561927E-01 0.175182298E-01
 0.179917440E-01 0.188133158E-01 0.200188253E-01 0.216426067E-01 0.237168018E-01
 0.262710247E-01 0.293322429E-01 0.329247080E-01 0.370699130E-01 0.417866558E-01
 0.470913388E-01 0.529985428E-01 0.595218018E-01 0.666746050E-01 0.744715706E-01
 0.829297602E-01 0.920701846E-01 0.101919532E+00 0.112512209E+00 0.123892918E+00
 0.136120006E+00 0.149269968E+00 0.163443938E+00 0.178777114E+00 0.195453078E+00
 0.213726595E+00 0.233961210E+00 0.256694078E+00 0.282731652E+00 0.312799275E+00
 0.340929657E+00 0.359631538E+00 0.375781029E+00 0.382216990E+00 0.384154886E+00
 0.378214389E+00 0.362797469E+00 0.347383678E+00 0.334436923E+00 0.323700428E+00
 0.279419087E-01 0.207418539E-01 0.229289662E-01 0.257954821E-01 0.271004420E-01
 0.277491231E-01 0.279986765E-01 0.279680863E-01 0.277359392E-01 0.273598991E-01
 0.268823765E-01 0.263342392E-01 0.257382523E-01 0.251121353E-01 0.244711209E-01
 0.238299035E-01 0.232040863E-01 0.226111487E-01 0.220710821E-01 0.216067247E-01
 0.212439131E-01 0.210114419E-01 0.209409241E-01 0.210665166E-01 0.214245394E-01
 0.220529623E-01 0.229907464E-01 0.242770538E-01 0.259503610E-01 0.280475728E-01
 0.306031480E-01 0.336483419E-01 0.372105911E-01 0.413131453E-01 0.459750071E-01
 0.512112640E-01 0.570337884E-01 0.634522811E-01 0.704755336E-01 0.781128854E-01
 0.863756910E-01 0.952788889E-01 0.104842596E+00 0.115093805E+00 0.126068369E+00
 0.137813359E+00 0.150390223E+00 0.163878947E+00 0.178383976E+00 0.194042936E+00
 0.211040020E+00 0.229627281E+00 0.250158310E+00 0.273100168E+00 0.298323900E+00
 0.320190489E+00 0.335551441E+00 0.348609954E+00 0.353613913E+00 0.355488330E+00
 0.349853277E+00 0.338799864E+00 0.328428745E+00 0.319208235E+00 0.311067790E+00
 0.305983257E-01 0.249968078E-01 0.230063051E-01 0.231327508E-01 0.237085763E-01
 0.241668876E-01 0.244491361E-01 0.246050935E-01 0.246846713E-01 0.247191060E-01
 0.247232374E-01 0.247013997E-01 0.246527158E-01 0.245750304E-01 0.244675782E-01
 0.243326668E-01 0.241766460E-01 0.240103565E-01 0.238492712E-01 0.237134267E-01
 0.236272309E-01 0.236192215E-01 0.237217788E-01 0.239708200E-01 0.244054664E-01
 0.250676125E-01 0.260013435E-01 0.272521265E-01 0.288657062E-01 0.308867283E-01
 0.333571285E-01 0.363145024E-01 0.397906452E-01 0.438105501E-01 0.483920127E-01
 0.535460152E-01 0.592777915E-01 0.655884743E-01 0.724770054E-01 0.799421296E-01
 0.879842043E-01 0.966067612E-01 0.105817698E+00 0.115630239E+00 0.126063660E+00
 0.137143850E+00 0.148903713E+00 0.161383122E+00 0.174628288E+00 0.188689232E+00
 0.203613430E+00 0.219430417E+00 0.236116379E+00 0.253516614E+00 0.270960808E+00
 0.286388159E+00 0.298922986E+00 0.308205813E+00 0.313901216E+00 0.315856755E+00
 0.314075828E+00 0.309967279E+00 0.305012703E+00 0.299794197E+00 0.294646859E+00
 0.228443854E-01 0.148725836E-01 0.183538869E-01 0.207687151E-01 0.212449487E-01
 0.213045776E-01 0.213429015E-01 0.214908142E-01 0.217742380E-01 0.221729092E-01
 0.226486046E-01 0.231593829E-01 0.236669146E-01 0.241401885E-01 0.245570838E-01
 0.249047279E-01 0.251791216E-01 0.253844615E-01 0.255323332E-01 0.256409459E-01
 0.257344171E-01 0.258421991E-01 0.259986259E-01 0.262426268E-01 0.266176034E-01
 0.271713492E-01 0.279558487E-01 0.290266797E-01 0.304417424E-01 0.322591104E-01
 0.345340706E-01 0.373157039E-01 0.406436399E-01 0.445456207E-01 0.490364693E-01
 0.541186519E-01 0.597844161E-01 0.660189539E-01 0.728040189E-01 0.801212490E-01
 0.879547000E-01 0.962924287E-01 0.105127126E+00 0.114456020E+00 0.124280140E+00
 0.134602994E+00 0.145428643E+00 0.156758666E+00 0.168587357E+00 0.180894256E+00
 0.193631515E+00 0.206703499E+00 0.219934285E+00 0.233021840E+00 0.245503500E+00
 0.256817311E+00 0.266463012E+00 0.274094135E+00 0.279525340E+00 0.282744139E+00
 0.283945411E+00 0.283531368E+00 0.281984299E+00 0.279721200E+00 0.277051568E+00
 0.344442315E-01 0.283960644E-01 0.242720097E-01 0.215070006E-01 0.195141342E-01
 0.182455033E-01 0.177332442E-01 0.178637560E-01 0.184685849E-01 0.193918645E-01
 0.205002353E-01 0.216837451E-01 0.228561573E-01 0.239539370E-01 0.249340124E-01
 0.257708617E-01 0.264535528E-01 0.269831456E-01 0.273706093E-01 0.276351850E-01
 0.278031155E-01 0.279066060E-01 0.279831141E-01 0.280750971E-01 0.282303877E-01
 0.285031386E-01 0.289550256E-01 0.296560209E-01 0.306837708E-01 0.321205892E-01
 0.340477377E-01 0.365377404E-01 0.396466665E-01 0.434082858E-01 0.478314832E-01
 0.529015027E-01 0.585848503E-01 0.648368150E-01 0.716095045E-01 0.788583755E-01
 0.865459815E-01 0.946431980E-01 0.103128433E+00 0.111985803E+00 0.121202700E+00
 0.130767003E+00 0.140663728E+00 0.150871232E+00 0.161356136E+00 0.172066897E+00
 0.182925627E+00 0.193818226E+00 0.204584658E+00 0.215013966E+00 0.224852145E+00
 0.233828828E+00 0.241696775E+00 0.248268217E+00 0.253438771E+00 0.257199585E+00
 0.259637535E+00 0.260918498E+00 0.261253327E+00 0.260859519E+00 0.259933442E+00
 0.390805937E-01 0.325498320E-01 0.262896474E-01 0.202938709E-01 0.149380360E-01
 0.121082505E-01 0.118239056E-01 0.126334056E-01 0.141430004E-01 0.160834827E-01
 0.182218421E-01 0.203807857E-01 0.224327147E-01 0.242925473E-01 0.259092096E-01
 0.272569321E-01 0.283282064E-01 0.291289929E-01 0.296757445E-01 0.299935825E-01
 0.301148817E-01 0.300776381E-01 0.299237203E-01 0.296979453E-01 0.294489730E-01
 0.292324089E-01 0.291158278E-01 0.291846599E-01 0.295464564E-01 0.303292237E-01
 0.316697769E-01 0.336935446E-01 0.364941210E-01 0.401196703E-01 0.445672125E-01
 0.497847199E-01 0.556825958E-01 0.621541664E-01 0.690975338E-01 0.764293596E-01
 0.840884447E-01 0.920327306E-01 0.100233972E+00 0.108672336E+00 0.117331624E+00
 0.126195222E+00 0.135242462E+00 0.144445047E+00 0.153763622E+00 0.163143933E+00
 0.172513321E+00 0.181777745E+00 0.190820709E+00 0.199505717E+00 0.207683593E+00
 0.215204969E+00 0.221935913E+00 0.227773234E+00 0.232656077E+00 0.236572057E+00
 0.239556596E+00 0.241685525E+00 0.243062571E+00 0.243804798E+00 0.244029611E+00
 0.421127602E-01 0.348215476E-01 0.268947016E-01 0.179384667E-01 0.779555133E-02
 0.279513979E-02 0.268638367E-02 0.496132066E-02 0.855095964E-02 0.123416223E-01
 0.161291398E-01 0.196962953E-01 0.228979625E-01 0.256657582E-01 0.279766098E-01
 0.298315212E-01 0.312436875E-01 0.322342291E-01 0.328311063E-01 0.330695994E-01
 0.329943262E-01 0.326570608E-01 0.321089178E-01 0.313943140E-01 0.305514149E-01
 0.296186116E-01 0.286462847E-01 0.277151186E-01 0.269619692E-01 0.266032480E-01
 0.269183181E-01 0.281680431E-01 0.305268671E-01 0.340734534E-01 0.387857445E-01
 0.445346683E-01 0.510870367E-01 0.581796020E-01 0.656076670E-01 0.732456744E-01
 0.810265616E-01 0.889179409E-01 0.969054177E-01 0.104982160E+00 0.113142543E+00
 0.121377885E+00 0.129673630E+00 0.138007075E+00 0.146345600E+00 0.154645175E+00
 0.162849501E+00 0.170889840E+00 0.178686276E+00 0.186150581E+00 0.193191081E+00
 0.199719131E+00 0.205656484E+00 0.210942328E+00 0.215538755E+00 0.219433695E+00
 0.222640932E+00 0.225197077E+00 0.227156430E+00 0.228584588E+00 0.229552120E+00
 0.456978604E-01 0.382968485E-01 0.299639329E-01 0.201917961E-01 0.813433900E-02
 0.447152037E-03-0.388873555E-02-0.202770880E-02 0.225257175E-02 0.892066397E-02
 0.153025649E-01 0.206948966E-01 0.252001882E-01 0.288891848E-01 0.318329446E-01
 0.341075696E-01 0.357497968E-01 0.367981680E-01 0.372984819E-01 0.372729041E-01
 0.367831104E-01 0.359398834E-01 0.348301940E-01 0.334921889E-01 0.319284126E-01
 0.301206950E-01 0.280421842E-01 0.256747529E-01 0.230558719E-01 0.204479955E-01
 0.187306441E-01 0.187069345E-01 0.203603581E-01 0.240093134E-01 0.294285938E-01
 0.367372259E-01 0.450608172E-01 0.535154417E-01 0.618382320E-01 0.699880868E-01
 0.779839605E-01 0.858596191E-01 0.936483890E-01 0.101377226E+00 0.109064393E+00
 0.116718538E+00 0.124338396E+00 0.131912783E+00 0.139420703E+00 0.146831617E+00
 0.154106051E+00 0.161196560E+00 0.168049470E+00 0.174607232E+00 0.180811539E+00
 0.186607063E+00 0.191945240E+00 0.196787909E+00 0.201110005E+00 0.204901174E+00
 0.208165944E+00 0.210922539E+00 0.213200539E+00 0.215037972E+00 0.216478005E+00
 0.506183580E-01 0.439948924E-01 0.367352739E-01 0.287307836E-01 0.201456547E-01
 0.115643935E-01 0.138786680E-02 0.968985434E-03 0.161050586E-02 0.104412436E-01
 0.184961930E-01 0.251118187E-01 0.307532586E-01 0.350599699E-01 0.381291285E-01
 0.408063754E-01 0.425011963E-01 0.432439409E-01 0.437427200E-01 0.432035178E-01
 0.417007022E-01 0.400239751E-01 0.382332951E-01 0.362704806E-01 0.340511389E-01
 0.314674303E-01 0.283742193E-01 0.245618150E-01 0.196981970E-01 0.131200822E-01
 0.559936743E-02 0.698139239E-02 0.427054055E-02 0.116703855E-01 0.144784590E-01
 0.279654227E-01 0.397514664E-01 0.499457978E-01 0.591559447E-01 0.676928982E-01
 0.757556632E-01 0.834808871E-01 0.909643993E-01 0.982725844E-01 0.105449364E+00
 0.112520814E+00 0.119498491E+00 0.126381934E+00 0.133160517E+00 0.139814988E+00
 0.146319002E+00 0.152640432E+00 0.158743173E+00 0.164588943E+00 0.170139417E+00
 0.175358444E+00 0.180214316E+00 0.184681654E+00 0.188743040E+00 0.192389846E+00
 0.195622519E+00 0.198450074E+00 0.200889021E+00 0.202961937E+00 0.204695717E+00
 0.565546267E-01 0.512098111E-01 0.455323160E-01 0.395378992E-01 0.333497524E-01
 0.272009205E-01 0.215725452E-01 0.167881455E-01 0.999248028E-02 0.205156002E-01
 0.269986987E-01 0.328544304E-01 0.387901776E-01 0.430153534E-01 0.450992100E-01
 0.482766815E-01 0.498065948E-01 0.496454276E-01 0.507276468E-01 0.496045165E-01
 0.467080995E-01 0.443359390E-01 0.421030261E-01 0.397991613E-01 0.372713469E-01
 0.343704894E-01 0.309130978E-01 0.266391281E-01 0.211545918E-01 0.138992947E-01
 0.693961047E-02 0.659740018E-02 0.530642364E-02 0.109585924E-01 0.155168530E-01
 0.277117733E-01 0.397761390E-01 0.500878878E-01 0.591736212E-01 0.674116164E-01
 0.750578344E-01 0.822887197E-01 0.892262608E-01 0.959528759E-01 0.102521673E+00
 0.108964130E+00 0.115295663E+00 0.121519610E+00 0.127630085E+00 0.133614004E+00
 0.139452785E+00 0.145123765E+00 0.150601566E+00 0.155859604E+00 0.160871416E+00
 0.165612131E+00 0.170059785E+00 0.174196571E+00 0.178009644E+00 0.181491718E+00
 0.184641331E+00 0.187462598E+00 0.189964712E+00 0.192161247E+00 0.194069132E+00
 0.598253727E+00 0.608814180E+00 0.615780294E+00 0.624866188E+00 0.634222567E+00
 0.644195020E+00 0.654610813E+00 0.665431201E+00 0.676618099E+00 0.688094139E+00
 0.700310409E+00 0.712990105E+00 0.726091146E+00 0.739593685E+00 0.753818750E+00
 0.768726051E+00 0.784151316E+00 0.800190210E+00 0.816890478E+00 0.834312260E+00
 0.852531254E+00 0.871509850E+00 0.891263604E+00 0.911893785E+00 0.933426499E+00
 0.955922365E+00 0.979458690E+00 0.100405991E+01 0.102976370E+01 0.105662704E+01
 0.108473802E+01 0.111431503E+01 0.114533687E+01 0.117774785E+01 0.121168041E+01
 0.124748409E+01 0.128523147E+01 0.132482934E+01 0.136633682E+01 0.141013885E+01
 0.145665681E+01 0.150564909E+01 0.155704677E+01 0.161162841E+01 0.166982877E+01
 0.173120403E+01 0.179603279E+01 0.186558425E+01 0.193964314E+01 0.201806450E+01
 0.210235739E+01 0.219299483E+01 0.228923965E+01 0.239388204E+01 0.250647545E+01
 0.262823224E+01 0.276153755E+01 0.290725565E+01 0.306857634E+01 0.324884295E+01
 0.345287633E+01 0.369338846E+01 0.399014831E+01 0.441011953E+01 0.643566132E+01
   90   89
 0.110432732E+01-0.500000007E-01 0.110321414E+01 0.500000007E-01 0.110562503E+01
 0.109646320E+00 0.111269534E+01 0.200000003E+00 0.112552631E+01 0.300000012E+00
 0.113453555E+01 0.349999994E+00 0.115709782E+01 0.449999988E+00 0.117152655E+01
 0.500000000E+00 0.118790472E+01 0.550000012E+00 0.121187496E+01 0.616060138E+00
 0.123843753E+01 0.678582966E+00 0.126499999E+01 0.733135581E+00 0.129156256E+01
 0.780685544E+00 0.131812501E+01 0.821379960E+00 0.134468746E+01 0.855064809E+00
 0.139239645E+01 0.899999976E+00 0.142437506E+01 0.921791077E+00 0.147749996E+01
 0.943627536E+00 0.150406253E+01 0.950558305E+00 0.155718756E+01 0.954004109E+00
 0.158674264E+01 0.949999988E+00 0.163687503E+01 0.937314868E+00 0.169000006E+01
 0.916947484E+00 0.172152317E+01 0.899999976E+00 0.176968753E+01 0.870845020E+00
 0.179868686E+01 0.850000024E+00 0.184937501E+01 0.809993088E+00 0.187593746E+01
 0.786483109E+00 0.191444135E+01 0.750000000E+00 0.195562506E+01 0.708532870E+00
 0.198218751E+01 0.678816676E+00 0.200874996E+01 0.646844387E+00 0.204528975E+01
 0.600000024E+00 0.207965803E+01 0.550000012E+00 0.211036611E+01 0.500000000E+00
 0.213796329E+01 0.449999988E+00 0.216296864E+01 0.400000006E+00 0.218581700E+01
 0.349999994E+00 0.220675921E+01 0.300000012E+00 0.222574782E+01 0.250000000E+00
 0.224781251E+01 0.179791987E+00 0.226732588E+01 0.100000001E+00 0.227546477E+01
 0.500000007E-01 0.227873087E+01-0.500000007E-01 0.227382326E+01-0.100000001E+00
 0.225526595E+01-0.200000003E+00 0.224125171E+01-0.250000000E+00 0.222125006E+01
-0.311967909E+00 0.219468760E+01-0.381134689E+00 0.216812491E+01-0.441885382E+00
 0.214156246E+01-0.495935649E+00 0.211500001E+01-0.544446290E+00 0.208843756E+01
-0.588419497E+00 0.206187510E+01-0.628686786E+00 0.203531241E+01-0.665805578E+00
 0.200847745E+01-0.699999988E+00 0.196791244E+01-0.750000000E+00 0.192906249E+01
-0.795117974E+00 0.190250003E+01-0.825701416E+00 0.187593746E+01-0.855065644E+00
 0.183302796E+01-0.899999976E+00 0.179624999E+01-0.938647270E+00 0.176968753E+01
-0.966257989E+00 0.173446095E+01-0.100000000E+01 0.169000006E+01-0.104426908E+01
 0.166343749E+01-0.107129478E+01 0.163097453E+01-0.110000002E+01 0.158375001E+01
-0.114547813E+01 0.155718756E+01-0.117446208E+01 0.153001285E+01-0.120000005E+01
 0.147767878E+01-0.124135911E+01 0.145093751E+01-0.118363285E+01 0.142437506E+01
-0.111541557E+01 0.140084624E+01-0.104999995E+01 0.138019013E+01-0.100000000E+01
 0.135922670E+01-0.949999988E+00 0.133840859E+01-0.899999976E+00 0.131812501E+01
-0.849507570E+00 0.129156256E+01-0.785915971E+00 0.126499999E+01-0.720395803E+00
 0.123843753E+01-0.650433004E+00 0.121963930E+01-0.600000024E+00 0.120190537E+01
-0.550000012E+00 0.118531251E+01-0.498949856E+00 0.115875006E+01-0.408551216E+00
 0.114440715E+01-0.349999994E+00 0.113218749E+01-0.290210754E+00 0.111746871E+01
-0.200000003E+00 0.110740185E+01-0.100000001E+00 0.110432732E+01-0.500000007E-01
 0.101600003E+01 0.000000000E+00 0.101600003E+01 0.963999987E+00 0.101800001E+01
 0.967999995E+00 0.101800001E+01 0.100100005E+01 0.101800001E+01 0.101900005E+01
 0.101800001E+01 0.107700002E+01 0.101800001E+01 0.107000005E+01 0.101800001E+01
 0.109599996E+01 0.101800001E+01 0.111300004E+01 0.101800001E+01 0.113800001E+01
 0.101600003E+01 0.114699996E+01 0.101199996E+01 0.116499996E+01 0.100100005E+01
 0.121700001E+01 0.102900004E+01 0.121700001E+01 0.104200006E+01 0.116240001E+01
 0.104600000E+01 0.116237998E+01 0.105599999E+01 0.116260004E+01 0.109700000E+01
 0.116450000E+01 0.110800004E+01 0.116594005E+01 0.111600006E+01 0.116591001E+01
 0.113399994E+01 0.116895998E+01 0.114800000E+01 0.117174995E+01 0.116199994E+01
 0.117556000E+01 0.118099999E+01 0.118299997E+01 0.118200004E+01 0.118350005E+01
 0.118499994E+01 0.118499994E+01 0.119000006E+01 0.118799996E+01 0.119500005E+01
 0.119099998E+01 0.120099998E+01 0.119599998E+01 0.120899999E+01 0.120200002E+01
 0.121500003E+01 0.120799994E+01 0.122200000E+01 0.121399999E+01 0.122800004E+01
 0.122099996E+01 0.123399997E+01 0.123099995E+01 0.123899996E+01 0.123800004E+01
 0.124199998E+01 0.124399996E+01 0.124800003E+01 0.125399995E+01 0.125800002E+01
 0.127800000E+01 0.126300001E+01 0.128999996E+01 0.127999997E+01 0.133099997E+01
 0.127999997E+01 0.134700000E+01 0.127999997E+01 0.134800005E+01 0.130999994E+01
 0.134800005E+01 0.132799995E+01 0.134800005E+01 0.136099994E+01 0.134800005E+01
 0.138000000E+01 0.134800005E+01 0.141900003E+01 0.134800005E+01 0.141900003E+01
 0.130999994E+01 0.137199998E+01 0.130999994E+01 0.137199998E+01 0.129200006E+01
 0.160800004E+01 0.109500003E+01 0.164699996E+01 0.107700002E+01 0.178499997E+01
 0.107700002E+01 0.206999993E+01 0.103999996E+01 0.212800002E+01 0.992999971E+00
 0.224499989E+01 0.708999991E+00 0.232299995E+01 0.518999994E+00 0.237700009E+01
 0.388999999E+00 0.235200000E+01 0.400000006E+00 0.235100007E+01 0.337000012E+00
 0.235100007E+01 0.204999998E+00 0.235400009E+01 0.680000037E-01 0.235400009E+01
 0.000000000E+00 0.235400009E+01-0.680000037E-01 0.235299993E+01-0.204999998E+00
 0.235100007E+01-0.337000012E+00 0.235299993E+01-0.400000006E+00 0.237700009E+01
-0.388999999E+00 0.213400006E+01-0.972999990E+00 0.178600001E+01-0.117400002E+01
 0.176800001E+01-0.121099997E+01 0.176800001E+01-0.125399995E+01 0.168200004E+01
-0.125399995E+01 0.167400002E+01-0.126199996E+01 0.167400002E+01-0.132900000E+01
 0.168099999E+01-0.133899999E+01 0.175399995E+01-0.133899999E+01 0.175399995E+01
-0.136800003E+01 0.168900001E+01-0.136800003E+01 0.168900001E+01-0.136600006E+01
 0.155499995E+01-0.136600006E+01 0.141199994E+01-0.136600006E+01 0.127300000E+01
-0.136600006E+01 0.115300000E+01-0.136600006E+01 0.101600003E+01-0.122899997E+01
 0.101600003E+01-0.800000012E+00 0.101600003E+01-0.414999992E+00 0.101600003E+01
-0.400000006E+00 0.101600003E+01 0.000000000E+00
    0 0.000000000E+00    1
 0.000000000E+00 0.000000000E+00 0.000000000E+00 0.000000000E+00 0.000000000E+00
 0.000000000E+00 0.000000000E+00 0.000000000E+00 0.000000000E+00 0.000000000E+00
 0.000000000E+00 0.000000000E+00 0.000000000E+00 0.000000000E+00 0.000000000E+00
 0.000000000E+00 0.000000000E+00 0.000000000E+00 0.000000000E+00 0.000000000E+00
 0.000000000E+00 0.000000000E+00 0.000000000E+00 0.000000000E+00 0.000000000E+00
 0.000000000E+00 0.000000000E+00 0.000000000E+00 0.000000000E+00 0.000000000E+00
 0.000000000E+00 0.000000000E+00 0.000000000E+00 0.000000000E+00 0.000000000E+00
 0.000000000E+00 0.000000000E+00 0.000000000E+00 0.000000000E+00 0.000000000E+00
 0.000000000E+00 0.000000000E+00 0.000000000E+00 0.000000000E+00 0.000000000E+00
 0.000000000E+00 0.000000000E+00 0.000000000E+00 0.000000000E+00 0.000000000E+00
 0.000000000E+00 0.000000000E+00 0.000000000E+00 0.000000000E+00 0.000000000E+00
 0.000000000E+00 0.000000000E+00 0.000000000E+00 0.000000000E+00 0.000000000E+00
 0.000000000E+00 0.000000000E+00 0.000000000E+00 0.000000000E+00 0.000000000E+00
 0.000000000E+00 0.781099275E-01 0.111242682E+00 0.136832744E+00 0.158720836E+00
 0.178189948E+00 0.196011350E+00 0.212607011E+00 0.228290498E+00 0.241999939E+00
 0.256359190E+00 0.270273268E+00 0.283690870E+00 0.296676069E+00 0.309394926E+00
 0.321897566E+00 0.334115595E+00 0.346117735E+00 0.357990116E+00 0.369701922E+00
 0.381297320E+00 0.392817289E+00 0.404236108E+00 0.415583730E+00 0.426883489E+00
 0.438168138E+00 0.449425966E+00 0.460675597E+00 0.471937954E+00 0.483213484E+00
 0.494495600E+00 0.505856335E+00 0.517272234E+00 0.528723240E+00 0.540237069E+00
 0.551856816E+00 0.563591301E+00 0.575421214E+00 0.587339997E+00 0.599386156E+00
 0.611629963E+00 0.624011457E+00 0.636500597E+00 0.649201572E+00 0.662144542E+00
 0.675243855E+00 0.688549280E+00 0.702137411E+00 0.715989828E+00 0.730060220E+00
 0.744467020E+00 0.759219885E+00 0.774229467E+00 0.789691329E+00 0.805514514E+00
 0.821752667E+00 0.838486552E+00 0.855718732E+00 0.873511076E+00 0.891914904E+00
 0.911050022E+00 0.931022644E+00 0.951991081E+00 0.974395573E+00 0.100000000E+01
    1
 0.000000000E+00 0.000000000E+00 0.000000000E+00 0.000000000E+00 0.000000000E+00
 0.000000000E+00 0.000000000E+00 0.000000000E+00 0.000000000E+00 0.000000000E+00
 0.000000000E+00 0.000000000E+00 0.000000000E+00 0.000000000E+00 0.000000000E+00
 0.000000000E+00 0.000000000E+00 0.000000000E+00 0.000000000E+00 0.000000000E+00
 0.000000000E+00 0.000000000E+00 0.000000000E+00 0.000000000E+00 0.000000000E+00
 0.000000000E+00 0.000000000E+00 0.000000000E+00 0.000000000E+00 0.000000000E+00
 0.000000000E+00 0.000000000E+00 0.000000000E+00 0.000000000E+00 0.000000000E+00
 0.000000000E+00 0.000000000E+00 0.000000000E+00 0.000000000E+00 0.000000000E+00
 0.000000000E+00 0.000000000E+00 0.000000000E+00 0.000000000E+00 0.000000000E+00
 0.000000000E+00 0.000000000E+00 0.000000000E+00 0.000000000E+00 0.000000000E+00
 0.000000000E+00 0.000000000E+00 0.000000000E+00 0.000000000E+00 0.000000000E+00
 0.000000000E+00 0.000000000E+00 0.000000000E+00 0.000000000E+00 0.000000000E+00
 0.000000000E+00 0.000000000E+00 0.000000000E+00 0.000000000E+00 0.000000000E+00
