vp1splrhob
 672
        0.0000000	      0.0000000	      0.0000000
    0.00050000000	 -1.6096924e-09	      0.0000000
     0.0010000000	 -1.2877539e-08	      0.0000000
     0.0015000000	 -4.3461695e-08	      0.0000000
     0.0020000000	 -1.0302031e-07	      0.0000000
     0.0025000000	 -2.0121155e-07	      0.0000000
     0.0030000000	 -3.4769356e-07	      0.0000000
     0.0035000000	 -5.5212450e-07	      0.0000000
     0.0040000000	 -8.2416252e-07	      0.0000000
     0.0045000000	 -1.1734658e-06	      0.0000000
     0.0050000000	 -1.6096924e-06	      0.0000000
     0.0055000000	 -2.1425006e-06	      0.0000000
     0.0060000000	 -2.7815485e-06	      0.0000000
     0.0065000000	 -3.5364942e-06	      0.0000000
     0.0070000000	 -4.4169960e-06	      0.0000000
     0.0075000000	 -5.4327119e-06	      0.0000000
     0.0080000000	 -6.5933001e-06	      0.0000000
     0.0085000000	 -7.9084188e-06	      0.0000000
     0.0090000000	 -9.3877262e-06	      0.0000000
     0.0095000000	 -1.1040880e-05	      0.0000000
      0.010000000	 -1.2877539e-05	      0.0000000
      0.010500000	 -1.4907361e-05	      0.0000000
      0.011000000	 -1.7140005e-05	      0.0000000
      0.011500000	 -1.9585128e-05	      0.0000000
      0.012000000	 -2.2252388e-05	      0.0000000
      0.012500000	 -2.5151444e-05	      0.0000000
      0.013000000	 -2.8291954e-05	      0.0000000
      0.013500000	 -3.1683576e-05	      0.0000000
      0.014000000	 -3.5335968e-05	      0.0000000
      0.014500000	 -3.9258788e-05	      0.0000000
      0.015000000	 -4.3461695e-05	      0.0000000
      0.015500000	 -4.7954347e-05	      0.0000000
      0.016000000	 -5.2746401e-05	      0.0000000
      0.016500000	 -5.7847516e-05	      0.0000000
      0.017000000	 -6.3267351e-05	      0.0000000
      0.017500000	 -6.9015562e-05	      0.0000000
      0.018000000	 -7.5101809e-05	      0.0000000
      0.018500000	 -8.1535750e-05	      0.0000000
      0.019000000	 -8.8327042e-05	      0.0000000
      0.019500000	 -9.5485344e-05	      0.0000000
      0.020000000	 -0.00010302031	      0.0000000
      0.020500000	 -0.00011094161	      0.0000000
      0.021000000	 -0.00011925889	      0.0000000
      0.021500000	 -0.00012798181	      0.0000000
      0.022000000	 -0.00013712004	      0.0000000
      0.022500000	 -0.00014668322	      0.0000000
      0.023000000	 -0.00015668102	      0.0000000
      0.023500000	 -0.00016712310	      0.0000000
      0.024000000	 -0.00017801910	      0.0000000
      0.024500000	 -0.00018937870	      0.0000000
      0.025000000	 -0.00020121155	      0.0000000
      0.025500000	 -0.00021352731	      0.0000000
      0.026000000	 -0.00022633563	      0.0000000
      0.026500000	 -0.00023964618	      0.0000000
      0.027000000	 -0.00025346861	      0.0000000
      0.027500000	 -0.00026781258	      0.0000000
      0.028000000	 -0.00028268774	      0.0000000
      0.028500000	 -0.00029810377	      0.0000000
      0.029000000	 -0.00031407031	      0.0000000
      0.029500000	 -0.00033059702	      0.0000000
      0.030000000	 -0.00034769356	      0.0000000
      0.030500000	 -0.00036536959	      0.0000000
      0.031000000	 -0.00038363477	      0.0000000
      0.031500000	 -0.00040249876	      0.0000000
      0.032000000	 -0.00042197121	      0.0000000
      0.032500000	 -0.00044206178	      0.0000000
      0.033000000	 -0.00046278013	      0.0000000
      0.033500000	 -0.00048413592	      0.0000000
      0.034000000	 -0.00050613881	      0.0000000
      0.034500000	 -0.00052879845	      0.0000000
      0.035000000	 -0.00055212450	      0.0000000
      0.035500000	 -0.00057612662	      0.0000000
      0.036000000	 -0.00060081448	      0.0000000
      0.036500000	 -0.00062619771	      0.0000000
      0.037000000	 -0.00065228600	      0.0000000
      0.037500000	 -0.00067908899	      0.0000000
      0.038000000	 -0.00070661634	      0.0000000
      0.038500000	 -0.00073487771	      0.0000000
      0.039000000	 -0.00076388276	      0.0000000
      0.039500000	 -0.00079364114	      0.0000000
      0.040000000	 -0.00082416252	      0.0000000
      0.040500000	 -0.00085545655	      0.0000000
      0.041000000	 -0.00088753289	      0.0000000
      0.041500000	 -0.00092040120	      0.0000000
      0.042000000	 -0.00095407113	      0.0000000
      0.042500000	 -0.00098855236	      0.0000000
      0.043000000	  -0.0010238545	      0.0000000
      0.043500000	  -0.0010599873	      0.0000000
      0.044000000	  -0.0010969603	      0.0000000
      0.044500000	  -0.0011347833	      0.0000000
      0.045000000	  -0.0011734658	      0.0000000
      0.045500000	  -0.0012130175	      0.0000000
      0.046000000	  -0.0012534482	      0.0000000
      0.046500000	  -0.0012947674	      0.0000000
      0.047000000	  -0.0013369848	      0.0000000
      0.047500000	  -0.0013801100	      0.0000000
      0.048000000	  -0.0014241528	      0.0000000
      0.048500000	  -0.0014691228	      0.0000000
      0.049000000	  -0.0015150296	      0.0000000
      0.049500000	  -0.0015618829	      0.0000000
      0.050000000	  -0.0016096924	      0.0000000
      0.050500000	  -0.0016584677	      0.0000000
      0.051000000	  -0.0017082185	      0.0000000
      0.051500000	  -0.0017589544	      0.0000000
      0.052000000	  -0.0018106851	      0.0000000
      0.052500000	  -0.0018634202	      0.0000000
      0.053000000	  -0.0019171694	      0.0000000
      0.053500000	  -0.0019719424	      0.0000000
      0.054000000	  -0.0020277489	      0.0000000
      0.054500000	  -0.0020845984	      0.0000000
      0.055000000	  -0.0021425006	      0.0000000
      0.055500000	  -0.0022014652	      0.0000000
      0.056000000	  -0.0022615019	      0.0000000
      0.056500000	  -0.0023226204	      0.0000000
      0.057000000	  -0.0023848301	      0.0000000
      0.057500000	  -0.0024481410	      0.0000000
      0.058000000	  -0.0025125625	      0.0000000
      0.058500000	  -0.0025781043	      0.0000000
      0.059000000	  -0.0026447762	      0.0000000
      0.059500000	  -0.0027125877	      0.0000000
      0.060500000	  -0.0028516683	      0.0000000
      0.061500000	  -0.0029954235	      0.0000000
      0.062500000	  -0.0031439305	      0.0000000
      0.063500000	  -0.0032972666	      0.0000000
      0.064500000	  -0.0034555090	      0.0000000
      0.065500000	  -0.0036187350	      0.0000000
      0.066500000	  -0.0037870219	      0.0000000
      0.067500000	  -0.0039604470	      0.0000000
      0.068500000	  -0.0041390874	      0.0000000
      0.069500000	  -0.0043230205	      0.0000000
      0.070500000	  -0.0045123236	      0.0000000
      0.071500000	  -0.0047070738	      0.0000000
      0.072500000	  -0.0049073485	      0.0000000
      0.073500000	  -0.0051132250	      0.0000000
      0.074500000	  -0.0053247804	      0.0000000
      0.075500000	  -0.0055420921	      0.0000000
      0.076500000	  -0.0057652373	      0.0000000
      0.077500000	  -0.0059942933	      0.0000000
      0.078500000	  -0.0062293374	      0.0000000
      0.079500000	  -0.0064704468	      0.0000000
      0.080500000	  -0.0067176988	      0.0000000
      0.081500000	  -0.0069711706	      0.0000000
      0.082500000	  -0.0072309395	      0.0000000
      0.083500000	  -0.0074970829	      0.0000000
      0.084500000	  -0.0077696778	      0.0000000
      0.085500000	  -0.0080488017	      0.0000000
      0.086500000	  -0.0083345318	      0.0000000
      0.087500000	  -0.0086269453	      0.0000000
      0.088500000	  -0.0089261195	      0.0000000
      0.089500000	  -0.0092321317	      0.0000000
      0.090500000	  -0.0095450591	      0.0000000
      0.091500000	  -0.0098649790	      0.0000000
      0.092500000	   -0.010191969	      0.0000000
      0.093500000	   -0.010526105	      0.0000000
      0.094500000	   -0.010867467	      0.0000000
      0.095500000	   -0.011216129	      0.0000000
      0.096500000	   -0.011572171	      0.0000000
      0.097500000	   -0.011935668	      0.0000000
      0.098500000	   -0.012306699	      0.0000000
      0.099500000	   -0.012685340	      0.0000000
       0.10050000	   -0.013071670	      0.0000000
       0.10150000	   -0.013465764	      0.0000000
       0.10250000	   -0.013867701	      0.0000000
       0.10350000	   -0.014277558	      0.0000000
       0.10450000	   -0.014695412	      0.0000000
       0.10550000	   -0.015121339	      0.0000000
       0.10650000	   -0.015555419	      0.0000000
       0.10750000	   -0.015997727	      0.0000000
       0.10850000	   -0.016448341	      0.0000000
       0.10950000	   -0.016907338	      0.0000000
       0.11050000	   -0.017374796	      0.0000000
       0.11150000	   -0.017850792	      0.0000000
       0.11250000	   -0.018335403	      0.0000000
       0.11350000	   -0.018828706	      0.0000000
       0.11450000	   -0.019330779	      0.0000000
       0.11550000	   -0.019841698	      0.0000000
       0.11650000	   -0.020361542	      0.0000000
       0.11750000	   -0.020890387	      0.0000000
       0.11850000	   -0.021428311	      0.0000000
       0.11950000	   -0.021975390	      0.0000000
       0.12100000	   -0.022813346	      0.0000000
       0.12250000	   -0.023672338	      0.0000000
       0.12400000	   -0.024552626	      0.0000000
       0.12550000	   -0.025454470	      0.0000000
       0.12700000	   -0.026378133	      0.0000000
       0.12850000	   -0.027323874	      0.0000000
       0.13000000	   -0.028291954	      0.0000000
       0.13150000	   -0.029282634	      0.0000000
       0.13300000	   -0.030296176	      0.0000000
       0.13450000	   -0.031332838	      0.0000000
       0.13600000	   -0.032392884	      0.0000000
       0.13750000	   -0.033476572	      0.0000000
       0.13900000	   -0.034584164	      0.0000000
       0.14050000	   -0.035715921	      0.0000000
       0.14200000	   -0.036872104	      0.0000000
       0.14350000	   -0.038052973	      0.0000000
       0.14500000	   -0.039258788	      0.0000000
       0.14650000	   -0.040489812	      0.0000000
       0.14800000	   -0.041746304	      0.0000000
       0.14950000	   -0.043028525	      0.0000000
       0.15100000	   -0.044336737	      0.0000000
       0.15250000	   -0.045671199	      0.0000000
       0.15400000	   -0.047032173	      0.0000000
       0.15550000	   -0.048419920	      0.0000000
       0.15700000	   -0.049834699	      0.0000000
       0.15850000	   -0.051276773	      0.0000000
       0.16000000	   -0.052746401	      0.0000000
       0.16150000	   -0.054243845	      0.0000000
       0.16300000	   -0.055769365	      0.0000000
       0.16450000	   -0.057323222	      0.0000000
       0.16600000	   -0.058905677	      0.0000000
       0.16750000	   -0.060516990	      0.0000000
       0.16900000	   -0.062157423	      0.0000000
       0.17050000	   -0.063827236	      0.0000000
       0.17200000	   -0.065526689	      0.0000000
       0.17350000	   -0.067256045	      0.0000000
       0.17500000	   -0.069015562	      0.0000000
       0.17650000	   -0.070805503	      0.0000000
       0.17800000	   -0.072626128	      0.0000000
       0.17950000	   -0.074477698	      0.0000000
       0.18150000	   -0.076995044	      0.0000000
       0.18350000	   -0.079568485	      0.0000000
       0.18550000	   -0.082198639	      0.0000000
       0.18750000	   -0.084886124	      0.0000000
       0.18950000	   -0.087631557	      0.0000000
       0.19150000	   -0.090435557	      0.0000000
       0.19350000	   -0.093298743	      0.0000000
       0.19550000	   -0.096221732	      0.0000000
       0.19750000	   -0.099205142	      0.0000000
       0.19950000	    -0.10224959	      0.0000000
       0.20150000	    -0.10535570	      0.0000000
       0.20350000	    -0.10852408	      0.0000000
       0.20550000	    -0.11175536	      0.0000000
       0.20750000	    -0.11505015	      0.0000000
       0.20950000	    -0.11840907	      0.0000000
       0.21150000	    -0.12183274	      0.0000000
       0.21350000	    -0.12532177	      0.0000000
       0.21550000	    -0.12887679	      0.0000000
       0.21750000	    -0.13249841	      0.0000000
       0.21950000	    -0.13618725	      0.0000000
       0.22150000	    -0.13994393	      0.0000000
       0.22350000	    -0.14376907	      0.0000000
       0.22550000	    -0.14766328	      0.0000000
       0.22750000	    -0.15162719	      0.0000000
       0.22950000	    -0.15566141	      0.0000000
       0.23150000	    -0.15976656	      0.0000000
       0.23350000	    -0.16394325	      0.0000000
       0.23550000	    -0.16819211	      0.0000000
       0.23750000	    -0.17251375	      0.0000000
       0.23950000	    -0.17690880	      0.0000000
       0.24200000	    -0.18250677	      0.0000000
       0.24450000	    -0.18822161	      0.0000000
       0.24700000	    -0.19405451	      0.0000000
       0.24950000	    -0.20000670	      0.0000000
       0.25200000	    -0.20607936	      0.0000000
       0.25450000	    -0.21227373	      0.0000000
       0.25700000	    -0.21859099	      0.0000000
       0.25950000	    -0.22503236	      0.0000000
       0.26200000	    -0.23159904	      0.0000000
       0.26450000	    -0.23829225	      0.0000000
       0.26700000	    -0.24511318	      0.0000000
       0.26950000	    -0.25206305	      0.0000000
       0.27200000	    -0.25914307	      0.0000000
       0.27450000	    -0.26635443	      0.0000000
       0.27700000	    -0.27369836	      0.0000000
       0.27950000	    -0.28117605	      0.0000000
       0.28200000	    -0.28878871	      0.0000000
       0.28450000	    -0.29653755	      0.0000000
       0.28700000	    -0.30442378	      0.0000000
       0.28950000	    -0.31244860	      0.0000000
       0.29200000	    -0.32061323	      0.0000000
       0.29450000	    -0.32891886	      0.0000000
       0.29700000	    -0.33736672	      0.0000000
       0.29950000	    -0.34595799	      0.0000000
       0.30250000	    -0.35645854	      0.0000000
       0.30550000	    -0.36716944	      0.0000000
       0.30850000	    -0.37809279	      0.0000000
       0.31150000	    -0.38923066	      0.0000000
       0.31450000	    -0.40058514	      0.0000000
       0.31750000	    -0.41215832	      0.0000000
       0.32050000	    -0.42395229	      0.0000000
       0.32350000	    -0.43596913	      0.0000000
       0.32650000	    -0.44821093	      0.0000000
       0.32950000	    -0.46067977	      0.0000000
       0.33250000	    -0.47337774	      0.0000000
       0.33550000	    -0.48630693	      0.0000000
       0.33850000	    -0.49946942	      0.0000000
       0.34150000	    -0.51286730	      0.0000000
       0.34450000	    -0.52650265	      0.0000000
       0.34750000	    -0.54037757	      0.0000000
       0.35050000	    -0.55449413	      0.0000000
       0.35350000	    -0.56885442	      0.0000000
       0.35650000	    -0.58346054	      0.0000000
       0.35950000	    -0.59831456	      0.0000000
       0.36300000	    -0.61596035	      0.0000000
       0.36650000	    -0.63394973	      0.0000000
       0.37000000	    -0.65228600	      0.0000000
       0.37350000	    -0.67097247	      0.0000000
       0.37700000	    -0.69001246	      0.0000000
       0.38050000	    -0.70940928	      0.0000000
       0.38400000	    -0.72916625	      0.0000000
       0.38750000	    -0.74928667	      0.0000000
       0.39100000	    -0.76977386	      0.0000000
       0.39450000	    -0.79063113	      0.0000000
       0.39800000	    -0.81186179	      0.0000000
       0.40150000	    -0.83346916	      0.0000000
       0.40500000	    -0.85545655	      0.0000000
       0.40850000	    -0.87782727	      0.0000000
       0.41200000	    -0.90058463	      0.0000000
       0.41550000	    -0.92373196	      0.0000000
       0.41900000	    -0.94727255	      0.0000000
       0.42300000	    -0.97466189	      0.0000000
       0.42700000	     -1.0025742	      0.0000000
       0.43100000	     -1.0310143	      0.0000000
       0.43500000	     -1.0599873	      0.0000000
       0.43900000	     -1.0894980	      0.0000000
       0.44300000	     -1.1195515	      0.0000000
       0.44700000	     -1.1501526	      0.0000000
       0.45100000	     -1.1813063	      0.0000000
       0.45500000	     -1.2130175	      0.0000000
       0.45900000	     -1.2452913	      0.0000000
       0.46300000	     -1.2781324	      0.0000000
       0.46700000	     -1.3115460	      0.0000000
       0.47100000	     -1.3455369	      0.0000000
       0.47500000	     -1.3801100	      0.0000000
       0.47900000	     -1.4152704	      0.0000000
       0.48350000	     -1.4555339	      0.0000000
       0.48800000	     -1.4965539	      0.0000000
       0.49250000	     -1.5383374	      0.0000000
       0.49700000	     -1.5808915	      0.0000000
       0.50150000	     -1.6242232	      0.0000000
       0.50600000	     -1.6683395	      0.0000000
       0.51050000	     -1.7132476	      0.0000000
       0.51500000	     -1.7589544	      0.0000000
       0.51950000	     -1.8054627	      0.0000000
       0.52400000	     -1.8527059	      0.0000000
       0.52850000	     -1.9005607	      0.0000000
       0.53350000	     -1.9542980	      0.0000000
       0.53850000	     -2.0084647	      0.0000000
       0.54350000	     -2.0628894	      0.0000000
       0.54850000	     -2.1174008	      0.0000000
       0.55350000	     -2.1718274	      0.0000000
       0.55900000	     -2.2313943	      0.0000000
       0.56450000	     -2.2904231	      0.0000000
       0.57050000	     -2.3539364	      0.0000000
       0.57650000	     -2.4162418	      0.0000000
       0.58300000	     -2.4820327	      0.0000000
       0.59000000	     -2.5504784	      0.0000000
       0.59750000	     -2.6205223	      0.0000000
       0.60550000	     -2.6908461	      0.0000000
       0.61450000	     -2.7636874	      0.0000000
       0.62550000	     -2.8422881	      0.0000000
       0.64150000	     -2.9325863	      0.0000000
       0.68250000	     -2.9976656	      0.0000000
       0.69800000	     -2.9454381	      0.0000000
       0.70850000	     -2.8819277	      0.0000000
       0.71650000	     -2.8171388	      0.0000000
       0.72350000	     -2.7482014	      0.0000000
       0.72950000	     -2.6796401	      0.0000000
       0.73450000	     -2.6156004	      0.0000000
       0.73900000	     -2.5524459	      0.0000000
       0.74300000	     -2.4918146	      0.0000000
       0.74700000	     -2.4268622	      0.0000000
       0.75050000	     -2.3664152	      0.0000000
       0.75400000	     -2.3025339	      0.0000000
       0.75700000	     -2.2450005	      0.0000000
       0.76000000	     -2.1848638	      0.0000000
       0.76300000	     -2.1220866	      0.0000000
       0.76550000	     -2.0677287	      0.0000000
       0.76800000	     -2.0114900	      0.0000000
       0.77050000	     -1.9533491	      0.0000000
       0.77250000	     -1.9054525	      0.0000000
       0.77450000	     -1.8563138	      0.0000000
       0.77650000	     -1.8059220	      0.0000000
       0.77850000	     -1.7542663	      0.0000000
       0.78050000	     -1.7013356	      0.0000000
       0.78250000	     -1.6471190	      0.0000000
       0.78400000	     -1.6056060	      0.0000000
       0.78550000	     -1.5633589	      0.0000000
       0.78700000	     -1.5203730	      0.0000000
       0.78850000	     -1.4766438	      0.0000000
       0.79000000	     -1.4321665	      0.0000000
       0.79150000	     -1.3869365	      0.0000000
       0.79300000	     -1.3409493	      0.0000000
       0.79450000	     -1.2942002	      0.0000000
       0.79550000	     -1.2626086	      0.0000000
       0.79650000	     -1.2306749	      0.0000000
       0.79750000	     -1.1983978	      0.0000000
       0.79850000	     -1.1657759	      0.0000000
       0.79950000	     -1.1328078	      0.0000000
       0.80050000	     -1.0994922	      0.0000000
       0.80150000	     -1.0658277	      0.0000000
       0.80250000	     -1.0318129	      0.0000000
       0.80350000	    -0.99744651	      0.0000000
       0.80450000	    -0.96272706	      0.0000000
       0.80550000	    -0.92765322	      0.0000000
       0.80650000	    -0.89222361	      0.0000000
       0.80750000	    -0.85643688	      0.0000000
       0.80850000	    -0.82029164	      0.0000000
       0.80950000	    -0.78378652	      0.0000000
       0.81050000	    -0.74692016	      0.0000000
       0.81100000	    -0.72835109	      0.0000000
       0.81150000	    -0.70969119	      0.0000000
       0.81200000	    -0.69094029	      0.0000000
       0.81250000	    -0.67209822	      0.0000000
       0.81300000	    -0.65316481	      0.0000000
       0.81350000	    -0.63413989	      0.0000000
       0.81400000	    -0.61502329	      0.0000000
       0.81450000	    -0.59581484	      0.0000000
       0.81500000	    -0.57651436	      0.0000000
       0.81550000	    -0.55712168	      0.0000000
       0.81600000	    -0.53763664	      0.0000000
       0.81650000	    -0.51805905	      0.0000000
       0.81700000	    -0.49838876	      0.0000000
       0.81750000	    -0.47862558	      0.0000000
       0.81800000	    -0.45876935	      0.0000000
       0.81850000	    -0.43881989	      0.0000000
       0.81900000	    -0.41877704	      0.0000000
       0.81950000	    -0.39864062	      0.0000000
       0.82000000	    -0.37841046	      0.0000000
       0.82050000	    -0.35808638	      0.0000000
       0.82100000	    -0.33766823	      0.0000000
       0.82150000	    -0.31715608	      0.0000000
       0.82200000	    -0.29655728	      0.0000000
       0.82250000	    -0.27588738	      0.0000000
       0.82300000	    -0.25516235	      0.0000000
       0.82350000	    -0.23439814	      0.0000000
       0.82400000	    -0.21361075	      0.0000000
       0.82450000	    -0.19281612	      0.0000000
       0.82500000	    -0.17203025	      0.0000000
       0.82550000	    -0.15126908	      0.0000000
       0.82600000	    -0.13054861	      0.0000000
       0.82650000	    -0.10988479	      0.0000000
       0.82700000	   -0.089293597	      0.0000000
       0.82750000	   -0.068791002	      0.0000000
       0.82800000	   -0.048392975	      0.0000000
       0.82850000	   -0.028115486	      0.0000000
       0.82900000	  -0.0079745061	      0.0000000
       0.82950000	    0.012013995	      0.0000000
       0.83000000	    0.031834047	      0.0000000
       0.83050000	    0.051469680	      0.0000000
       0.83100000	    0.070904922	      0.0000000
       0.83150000	    0.090123804	      0.0000000
       0.83200000	     0.10911036	      0.0000000
       0.83250000	     0.12784861	      0.0000000
       0.83300000	     0.14632258	      0.0000000
       0.83350000	     0.16451632	      0.0000000
       0.83400000	     0.18241384	      0.0000000
       0.83450000	     0.19999919	      0.0000000
       0.83500000	     0.21725637	      0.0000000
       0.83550000	     0.23416944	      0.0000000
       0.83600000	     0.25072241	      0.0000000
       0.83650000	     0.26689931	      0.0000000
       0.83700000	     0.28268419	      0.0000000
       0.83750000	     0.29806105	      0.0000000
       0.83800000	     0.31301394	      0.0000000
       0.83850000	     0.32752689	      0.0000000
       0.83900000	     0.34158392	      0.0000000
       0.83950000	     0.35516906	      0.0000000
       0.84000000	     0.36826635	      0.0000000
       0.84050000	     0.38085980	      0.0000000
       0.84100000	     0.39293347	      0.0000000
       0.84150000	     0.40447136	      0.0000000
       0.84200000	     0.41545751	      0.0000000
       0.84300000	     0.43571112	      0.0000000
       0.84400000	     0.45361851	      0.0000000
       0.84500000	     0.46920561	      0.0000000
       0.84600000	     0.48251024	      0.0000000
       0.84750000	     0.49827034	      0.0000000
       0.85300000	     0.51491199	      0.0000000
       0.85500000	     0.50578414	      0.0000000
       0.85650000	     0.49392344	      0.0000000
       0.85800000	     0.47790620	      0.0000000
       0.85900000	     0.46498192	      0.0000000
       0.86000000	     0.45030488	      0.0000000
       0.86100000	     0.43391291	      0.0000000
       0.86200000	     0.41584387	      0.0000000
       0.86300000	     0.39613557	      0.0000000
       0.86350000	     0.38567853	      0.0000000
       0.86400000	     0.37482586	      0.0000000
       0.86450000	     0.36358230	      0.0000000
       0.86500000	     0.35195257	      0.0000000
       0.86550000	     0.33994141	      0.0000000
       0.86600000	     0.32755354	      0.0000000
       0.86650000	     0.31479370	      0.0000000
       0.86700000	     0.30166661	      0.0000000
       0.86750000	     0.28817700	      0.0000000
       0.86800000	     0.27432960	      0.0000000
       0.86850000	     0.26012914	      0.0000000
       0.86900000	     0.24558036	      0.0000000
       0.86950000	     0.23068798	      0.0000000
       0.87000000	     0.21545672	      0.0000000
       0.87050000	     0.19989133	      0.0000000
       0.87100000	     0.18399652	      0.0000000
       0.87150000	     0.16777703	      0.0000000
       0.87200000	     0.15123759	      0.0000000
       0.87250000	     0.13438293	      0.0000000
       0.87300000	     0.11721778	      0.0000000
       0.87350000	    0.099746859	      0.0000000
       0.87400000	    0.081974906	      0.0000000
       0.87450000	    0.063906648	      0.0000000
       0.87500000	    0.045546816	      0.0000000
       0.87550000	    0.026900137	      0.0000000
       0.87600000	   0.0079713428	      0.0000000
       0.87650000	   -0.011234838	      0.0000000
       0.87700000	   -0.030713677	      0.0000000
       0.87750000	   -0.050460443	      0.0000000
       0.87800000	   -0.070470407	      0.0000000
       0.87850000	   -0.090738840	      0.0000000
       0.87900000	    -0.11126101	      0.0000000
       0.87950000	    -0.13203219	      0.0000000
       0.88000000	    -0.15304766	      0.0000000
       0.88050000	    -0.17430267	      0.0000000
       0.88100000	    -0.19579250	      0.0000000
       0.88150000	    -0.21751243	      0.0000000
       0.88200000	    -0.23945772	      0.0000000
       0.88250000	    -0.26162364	      0.0000000
       0.88300000	    -0.28400546	      0.0000000
       0.88350000	    -0.30659846	      0.0000000
       0.88400000	    -0.32939790	      0.0000000
       0.88450000	    -0.35239906	      0.0000000
       0.88500000	    -0.37559720	      0.0000000
       0.88550000	    -0.39898760	      0.0000000
       0.88600000	    -0.42256553	      0.0000000
       0.88650000	    -0.44632625	      0.0000000
       0.88700000	    -0.47026504	      0.0000000
       0.88750000	    -0.49437717	      0.0000000
       0.88800000	    -0.51865790	      0.0000000
       0.88850000	    -0.54310252	      0.0000000
       0.88900000	    -0.56770628	      0.0000000
       0.88950000	    -0.59246446	      0.0000000
       0.89000000	    -0.61737234	      0.0000000
       0.89050000	    -0.64242517	      0.0000000
       0.89100000	    -0.66761824	      0.0000000
       0.89150000	    -0.69294681	      0.0000000
       0.89200000	    -0.71840615	      0.0000000
       0.89250000	    -0.74399153	      0.0000000
       0.89300000	    -0.76969823	      0.0000000
       0.89350000	    -0.79552151	      0.0000000
       0.89400000	    -0.82145665	      0.0000000
       0.89450000	    -0.84749891	      0.0000000
       0.89500000	    -0.87364357	      0.0000000
       0.89550000	    -0.89988589	      0.0000000
       0.89600000	    -0.92622115	      0.0000000
       0.89650000	    -0.95264461	      0.0000000
       0.89700000	    -0.97915156	      0.0000000
       0.89750000	     -1.0057372	      0.0000000
       0.89800000	     -1.0323970	      0.0000000
       0.89850000	     -1.0591260	      0.0000000
       0.89950000	     -1.1127729	      0.0000000
       0.90050000	     -1.1666403	      0.0000000
       0.90150000	     -1.2206902	      0.0000000
       0.90250000	     -1.2748848	      0.0000000
       0.90350000	     -1.3291864	      0.0000000
       0.90450000	     -1.3835570	      0.0000000
       0.90550000	     -1.4379588	      0.0000000
       0.90650000	     -1.4923540	      0.0000000
       0.90750000	     -1.5467048	      0.0000000
       0.90850000	     -1.6009733	      0.0000000
       0.90950000	     -1.6551216	      0.0000000
       0.91050000	     -1.7091120	      0.0000000
       0.91150000	     -1.7629066	      0.0000000
       0.91250000	     -1.8164676	      0.0000000
       0.91350000	     -1.8697619	      0.0000000
       0.91450000	     -1.9228312	      0.0000000
       0.91550000	     -1.9757770	      0.0000000
       0.91650000	     -2.0287027	      0.0000000
       0.91750000	     -2.0817113	      0.0000000
       0.91900000	     -2.1616055	      0.0000000
       0.92050000	     -2.2422668	      0.0000000
       0.92200000	     -2.3240435	      0.0000000
       0.92350000	     -2.4072838	      0.0000000
       0.92500000	     -2.4923361	      0.0000000
       0.92650000	     -2.5795485	      0.0000000
       0.92800000	     -2.6692694	      0.0000000
       0.92950000	     -2.7618470	      0.0000000
       0.93100000	     -2.8576296	      0.0000000
       0.93250000	     -2.9569655	      0.0000000
       0.93400000	     -3.0602029	      0.0000000
       0.93550000	     -3.1676901	      0.0000000
       0.93700000	     -3.2797754	      0.0000000
       0.93850000	     -3.3968070	      0.0000000
       0.94000000	     -3.5191332	      0.0000000
       0.94150000	     -3.6471023	      0.0000000
       0.94300000	     -3.7810626	      0.0000000
       0.94450000	     -3.9213622	      0.0000000
       0.94600000	     -4.0683496	      0.0000000
       0.94750000	     -4.2223729	      0.0000000
       0.94850000	     -4.3291359	      0.0000000
       0.94950000	     -4.4392841	      0.0000000
       0.95050000	     -4.5529204	      0.0000000
       0.95150000	     -4.6701483	      0.0000000
       0.95250000	     -4.7910707	      0.0000000
       0.95350000	     -4.9155021	      0.0000000
       0.95450000	     -5.0423224	      0.0000000
       0.95600000	     -5.2341680	      0.0000000
       0.95750000	     -5.4240246	      0.0000000
       0.95900000	     -5.6074737	      0.0000000
       0.96050000	     -5.7800970	      0.0000000
       0.96250000	     -5.9857845	      0.0000000
       0.96500000	     -6.1888282	      0.0000000
       0.97100000	     -6.3141944	      0.0000000
       0.97350000	     -6.1646204	      0.0000000
       0.97500000	     -6.0055019	      0.0000000
       0.97650000	     -5.7951679	      0.0000000
       0.97750000	     -5.6285098	      0.0000000
       0.97850000	     -5.4421206	      0.0000000
       0.97950000	     -5.2372154	      0.0000000
       0.98050000	     -5.0150089	      0.0000000
       0.98150000	     -4.7767163	      0.0000000
       0.98200000	     -4.6519173	      0.0000000
       0.98250000	     -4.5235523	      0.0000000
       0.98300000	     -4.3917733	      0.0000000
       0.98350000	     -4.2567320	      0.0000000
       0.98400000	     -4.1185803	      0.0000000
       0.98450000	     -3.9774701	      0.0000000
       0.98500000	     -3.8335533	      0.0000000
       0.98550000	     -3.6869817	      0.0000000
       0.98600000	     -3.5379072	      0.0000000
       0.98650000	     -3.3864817	      0.0000000
       0.98700000	     -3.2328570	      0.0000000
       0.98750000	     -3.0771850	      0.0000000
       0.98800000	     -2.9196175	      0.0000000
       0.98850000	     -2.7603064	      0.0000000
       0.98900000	     -2.5994037	      0.0000000
       0.98950000	     -2.4370610	      0.0000000
       0.99000000	     -2.2734304	      0.0000000
       0.99050000	     -2.1086637	      0.0000000
       0.99100000	     -1.9429127	      0.0000000
       0.99150000	     -1.7763293	      0.0000000
       0.99200000	     -1.6090654	      0.0000000
       0.99250000	     -1.4412729	      0.0000000
       0.99300000	     -1.2731035	      0.0000000
       0.99350000	     -1.1047092	      0.0000000
       0.99400000	    -0.93624188	      0.0000000
       0.99450000	    -0.76785332	      0.0000000
       0.99500000	    -0.59969543	      0.0000000
       0.99550000	    -0.43192007	      0.0000000
       0.99600000	    -0.26467911	      0.0000000
       0.99650000	   -0.098124403	      0.0000000
       0.99700000	    0.067592175	      0.0000000
       0.99750000	     0.23231876	      0.0000000
       0.99800000	     0.39590349	      0.0000000
       0.99850000	     0.55819450	      0.0000000
       0.99900000	     0.71903992	      0.0000000
       0.99950000	     0.87828790	      0.0000000
        1.0000000	      1.0357865	      0.0000000
        1.0005000	      1.1913840	      0.0000000
        1.0010000	      1.3449284	      0.0000000
        1.0015000	      1.4962680	      0.0000000
        1.0020000	      1.6452507	      0.0000000
        1.0025000	      1.7917248	      0.0000000
        1.0030000	      1.9355384	      0.0000000
        1.0035000	      2.0765396	      0.0000000
        1.0040000	      2.2145766	      0.0000000
        1.0045000	      2.3494974	      0.0000000
        1.0050000	      2.4811503	      0.0000000
        1.0055000	      2.6093834	      0.0000000
        1.0060000	      2.7340448	      0.0000000
        1.0065000	      2.8549826	      0.0000000
        1.0070000	      2.9720449	      0.0000000
        1.0075000	      3.0850800	      0.0000000
        1.0080000	      3.1939359	      0.0000000
        1.0085000	      3.2984608	      0.0000000
        1.0090000	      3.3985028	      0.0000000
        1.0095000	      3.4939101	      0.0000000
        1.0105000	      3.6702129	      0.0000000
        1.0115000	      3.8261542	      0.0000000
        1.0125000	      3.9605193	      0.0000000
        1.0140000	      4.1189536	      0.0000000
        1.0185000	      4.2455712	      0.0000000
        1.0200000	      4.1581174	      0.0000000
