     -4.04516     -3.92117     -3.80455     -3.69466     -3.59095     -3.49290
     -3.40006     -3.31215     -3.22881     -3.14931     -3.07377     -3.00191
     -2.93366     -2.86840     -2.80551     -2.74583     -2.68831     -2.63265
     -2.57976     -2.52844     -2.47881     -2.43140     -2.38589     -2.34212
     -2.29995     -2.25930     -2.22007     -2.18220     -2.14561     -2.11025
     -2.07603     -2.04285     -2.01072     -1.97954     -1.94934     -1.92008
     -1.89168     -1.86412     -1.83734     -1.81133     -1.78604     -1.76144
     -1.73752     -1.71424     -1.69157     -1.66949     -1.64798     -1.62702
     -1.60659     -1.58666     -1.56722     -1.54826     -1.52974     -1.51166
     -1.49401     -1.47676     -1.45991     -1.44344     -1.42733     -1.41158
     -1.39617     -1.38110     -1.36635     -1.35191     -1.33777
     -4.04516     -3.92117     -3.80455     -3.69466     -3.59095     -3.49290
     -3.40026     -3.31236     -3.22894     -3.14943     -3.07382     -3.00185
     -2.93328     -2.86777     -2.80504     -2.74505     -2.68748     -2.63213
     -2.57903     -2.52790     -2.47866     -2.43136     -2.38589     -2.34213
     -2.29997     -2.25932     -2.22010     -2.18222     -2.14563     -2.11027
     -2.07606     -2.04287     -2.01074     -1.97955     -1.94935     -1.92008
     -1.89168     -1.86412     -1.83734     -1.81133     -1.78604     -1.76144
     -1.73752     -1.71424     -1.69157     -1.66949     -1.64798     -1.62702
     -1.60659     -1.58666     -1.56722     -1.54826     -1.52974     -1.51166
     -1.49401     -1.47676     -1.45991     -1.44344     -1.42733     -1.41158
     -1.39617     -1.38110     -1.36635     -1.35191     -1.33777
     -4.04516     -3.92117     -3.80455     -3.69466     -3.59095     -3.49294
     -3.40023     -3.31226     -3.22871     -3.14924     -3.07361     -3.00155
     -2.93282     -2.86718     -2.80441     -2.74432     -2.68673     -2.63147
     -2.57841     -2.52741     -2.47838     -2.43121     -2.38581     -2.34208
     -2.29994     -2.25930     -2.22007     -2.18219     -2.14559     -2.11019
     -2.07594     -2.04277     -2.01064     -1.97950     -1.94934     -1.92008
     -1.89168     -1.86412     -1.83734     -1.81133     -1.78604     -1.76144
     -1.73752     -1.71424     -1.69157     -1.66949     -1.64798     -1.62702
     -1.60659     -1.58666     -1.56722     -1.54826     -1.52974     -1.51166
     -1.49401     -1.47676     -1.45991     -1.44344     -1.42733     -1.41158
     -1.39617     -1.38110     -1.36635     -1.35191     -1.33777
     -4.04516     -3.92117     -3.80455     -3.69466     -3.59095     -3.49290
     -3.40006     -3.31205     -3.22848     -3.14903     -3.07340     -3.00133
     -2.93257     -2.86689     -2.80408     -2.74398     -2.68638     -2.63114
     -2.57812     -2.52718     -2.47820     -2.43108     -2.38572     -2.34202
     -2.29989     -2.25926     -2.22003     -2.18215     -2.14554     -2.11014
     -2.07588     -2.04272     -2.01061     -1.97950     -1.94934     -1.92008
     -1.89168     -1.86412     -1.83734     -1.81133     -1.78604     -1.76144
     -1.73752     -1.71424     -1.69157     -1.66949     -1.64798     -1.62702
     -1.60659     -1.58666     -1.56722     -1.54826     -1.52974     -1.51166
     -1.49401     -1.47676     -1.45991     -1.44344     -1.42733     -1.41158
     -1.39617     -1.38110     -1.36635     -1.35191     -1.33777
     -4.04516     -3.92117     -3.80455     -3.69466     -3.59095     -3.49290
     -3.40006     -3.31203     -3.22844     -3.14897     -3.07332     -3.00121
     -2.93243     -2.86674     -2.80393     -2.74381     -2.68621     -2.63098
     -2.57797     -2.52704     -2.47809     -2.43099     -2.38565     -2.34196
     -2.29985     -2.25922     -2.22000     -2.18212     -2.14551     -2.11011
     -2.07587     -2.04272     -2.01061     -1.97950     -1.94934     -1.92008
     -1.89168     -1.86412     -1.83734     -1.81133     -1.78604     -1.76144
     -1.73752     -1.71424     -1.69157     -1.66949     -1.64798     -1.62702
     -1.60659     -1.58666     -1.56722     -1.54826     -1.52974     -1.51166
     -1.49401     -1.47676     -1.45991     -1.44344     -1.42733     -1.41158
     -1.39617     -1.38110     -1.36635     -1.35191     -1.33777
     -4.04516     -3.92117     -3.80455     -3.69466     -3.59095     -3.49290
     -3.40006     -3.31203     -3.22844     -3.14897     -3.07332     -3.00121
     -2.93242     -2.86670     -2.80387     -2.74373     -2.68613     -2.63090
     -2.57789     -2.52697     -2.47802     -2.43094     -2.38560     -2.34192
     -2.29982     -2.25919     -2.21998     -2.18210     -2.14550     -2.11011
     -2.07587     -2.04272     -2.01061     -1.97950     -1.94934     -1.92008
     -1.89168     -1.86412     -1.83734     -1.81133     -1.78604     -1.76144
     -1.73752     -1.71424     -1.69157     -1.66949     -1.64798     -1.62702
     -1.60659     -1.58666     -1.56722     -1.54826     -1.52974     -1.51166
     -1.49401     -1.47676     -1.45991     -1.44344     -1.42733     -1.41158
     -1.39617     -1.38110     -1.36635     -1.35191     -1.33777
     -4.04516     -3.92117     -3.80455     -3.69466     -3.59095     -3.49290
     -3.40006     -3.31203     -3.22844     -3.14897     -3.07332     -3.00121
     -2.93242     -2.86670     -2.80387     -2.74373     -2.68612     -2.63087
     -2.57786     -2.52693     -2.47799     -2.43091     -2.38558     -2.34190
     -2.29980     -2.25918     -2.21997     -2.18210     -2.14550     -2.11011
     -2.07587     -2.04272     -2.01061     -1.97950     -1.94934     -1.92008
     -1.89168     -1.86412     -1.83734     -1.81133     -1.78604     -1.76144
     -1.73752     -1.71424     -1.69157     -1.66949     -1.64798     -1.62702
     -1.60659     -1.58666     -1.56722     -1.54826     -1.52974     -1.51166
     -1.49401     -1.47676     -1.45991     -1.44344     -1.42733     -1.41158
     -1.39617     -1.38110     -1.36635     -1.35191     -1.33777
     -4.04516     -3.92117     -3.80455     -3.69466     -3.59095     -3.49290
     -3.40006     -3.31203     -3.22844     -3.14897     -3.07332     -3.00121
     -2.93242     -2.86670     -2.80387     -2.74373     -2.68612     -2.63087
     -2.57786     -2.52693     -2.47799     -2.43090     -2.38556     -2.34189
     -2.29979     -2.25917     -2.21997     -2.18210     -2.14550     -2.11011
     -2.07587     -2.04272     -2.01061     -1.97950     -1.94934     -1.92008
     -1.89168     -1.86412     -1.83734     -1.81133     -1.78604     -1.76144
     -1.73752     -1.71424     -1.69157     -1.66949     -1.64798     -1.62702
     -1.60659     -1.58666     -1.56722     -1.54826     -1.52974     -1.51166
     -1.49401     -1.47676     -1.45991     -1.44344     -1.42733     -1.41158
     -1.39617     -1.38110     -1.36635     -1.35191     -1.33777
     -4.04516     -3.92117     -3.80455     -3.69466     -3.59095     -3.49290
     -3.40006     -3.31203     -3.22844     -3.14897     -3.07332     -3.00121
     -2.93242     -2.86670     -2.80387     -2.74373     -2.68612     -2.63087
     -2.57786     -2.52693     -2.47799     -2.43090     -2.38556     -2.34189
     -2.29979     -2.25918     -2.21997     -2.18210     -2.14550     -2.11011
     -2.07587     -2.04272     -2.01061     -1.97950     -1.94934     -1.92008
     -1.89168     -1.86412     -1.83734     -1.81133     -1.78604     -1.76144
     -1.73752     -1.71424     -1.69157     -1.66949     -1.64798     -1.62702
     -1.60659     -1.58666     -1.56722     -1.54826     -1.52974     -1.51166
     -1.49401     -1.47676     -1.45991     -1.44344     -1.42733     -1.41158
     -1.39617     -1.38110     -1.36635     -1.35191     -1.33777
     -4.04516     -3.92117     -3.80455     -3.69466     -3.59095     -3.49290
     -3.40006     -3.31203     -3.22844     -3.14897     -3.07332     -3.00121
     -2.93242     -2.86670     -2.80387     -2.74373     -2.68612     -2.63087
     -2.57786     -2.52693     -2.47799     -2.43090     -2.38556     -2.34190
     -2.29980     -2.25919     -2.21998     -2.18211     -2.14550     -2.11011
     -2.07587     -2.04272     -2.01061     -1.97950     -1.94934     -1.92008
     -1.89168     -1.86412     -1.83734     -1.81133     -1.78604     -1.76144
     -1.73752     -1.71424     -1.69157     -1.66949     -1.64798     -1.62702
     -1.60659     -1.58666     -1.56722     -1.54826     -1.52974     -1.51166
     -1.49401     -1.47676     -1.45991     -1.44344     -1.42733     -1.41158
     -1.39617     -1.38110     -1.36635     -1.35191     -1.33777
     -4.04516     -3.92117     -3.80455     -3.69466     -3.59095     -3.49290
     -3.40006     -3.31203     -3.22844     -3.14897     -3.07332     -3.00121
     -2.93242     -2.86670     -2.80387     -2.74373     -2.68612     -2.63087
     -2.57786     -2.52693     -2.47799     -2.43090     -2.38557     -2.34191
     -2.29982     -2.25921     -2.22001     -2.18214     -2.14553     -2.11013
     -2.07587     -2.04272     -2.01061     -1.97950     -1.94934     -1.92008
     -1.89168     -1.86412     -1.83734     -1.81133     -1.78604     -1.76144
     -1.73752     -1.71424     -1.69157     -1.66949     -1.64798     -1.62702
     -1.60659     -1.58666     -1.56722     -1.54826     -1.52974     -1.51166
     -1.49401     -1.47676     -1.45991     -1.44344     -1.42733     -1.41158
     -1.39617     -1.38110     -1.36635     -1.35191     -1.33777
     -4.04516     -3.92117     -3.80455     -3.69466     -3.59095     -3.49290
     -3.40006     -3.31203     -3.22844     -3.14897     -3.07332     -3.00121
     -2.93242     -2.86670     -2.80387     -2.74373     -2.68612     -2.63087
     -2.57786     -2.52693     -2.47799     -2.43090     -2.38559     -2.34194
     -2.29986     -2.25926     -2.22006     -2.18219     -2.14559     -2.11018
     -2.07592     -2.04275     -2.01062     -1.97950     -1.94934     -1.92008
     -1.89168     -1.86412     -1.83734     -1.81133     -1.78604     -1.76144
     -1.73752     -1.71424     -1.69157     -1.66949     -1.64798     -1.62702
     -1.60659     -1.58666     -1.56722     -1.54826     -1.52974     -1.51166
     -1.49401     -1.47676     -1.45991     -1.44344     -1.42733     -1.41158
     -1.39617     -1.38110     -1.36635     -1.35191     -1.33777
     -4.04516     -3.92117     -3.80455     -3.69466     -3.59095     -3.49290
     -3.40006     -3.31203     -3.22844     -3.14897     -3.07332     -3.00121
     -2.93242     -2.86670     -2.80387     -2.74373     -2.68612     -2.63087
     -2.57786     -2.52693     -2.47799     -2.43093     -2.38563     -2.34199
     -2.29992     -2.25933     -2.22014     -2.18228     -2.14568     -2.11027
     -2.07601     -2.04283     -2.01069     -1.97954     -1.94934     -1.92008
     -1.89168     -1.86412     -1.83734     -1.81133     -1.78604     -1.76144
     -1.73752     -1.71424     -1.69157     -1.66949     -1.64798     -1.62702
     -1.60659     -1.58666     -1.56722     -1.54826     -1.52974     -1.51166
     -1.49401     -1.47676     -1.45991     -1.44344     -1.42733     -1.41158
     -1.39617     -1.38110     -1.36635     -1.35191     -1.33777
     -4.04516     -3.92117     -3.80455     -3.69466     -3.59095     -3.49290
     -3.40006     -3.31203     -3.22844     -3.14897     -3.07332     -3.00121
     -2.93242     -2.86670     -2.80387     -2.74373     -2.68612     -2.63087
     -2.57786     -2.52693     -2.47801     -2.43097     -2.38569     -2.34207
     -2.30002     -2.25945     -2.22028     -2.18244     -2.14584     -2.11044
     -2.07617     -2.04298     -2.01082     -1.97965     -1.94943     -1.92012
     -1.89169     -1.86412     -1.83734     -1.81133     -1.78604     -1.76144
     -1.73752     -1.71424     -1.69157     -1.66949     -1.64798     -1.62702
     -1.60659     -1.58666     -1.56722     -1.54826     -1.52974     -1.51166
     -1.49401     -1.47676     -1.45991     -1.44344     -1.42733     -1.41158
     -1.39617     -1.38110     -1.36635     -1.35191     -1.33777
     -4.04516     -3.92117     -3.80455     -3.69466     -3.59095     -3.49290
     -3.40006     -3.31203     -3.22844     -3.14897     -3.07332     -3.00121
     -2.93242     -2.86670     -2.80387     -2.74373     -2.68612     -2.63087
     -2.57786     -2.52696     -2.47807     -2.43105     -2.38580     -2.34221
     -2.30020     -2.25966     -2.22052     -2.18270     -2.14612     -2.11073
     -2.07646     -2.04325     -2.01108     -1.97988     -1.94962     -1.92027
     -1.89180     -1.86416     -1.83734     -1.81133     -1.78604     -1.76144
     -1.73752     -1.71424     -1.69157     -1.66949     -1.64798     -1.62702
     -1.60659     -1.58666     -1.56722     -1.54826     -1.52974     -1.51166
     -1.49401     -1.47676     -1.45991     -1.44344     -1.42733     -1.41158
     -1.39617     -1.38110     -1.36635     -1.35191     -1.33777
     -4.04516     -3.92117     -3.80455     -3.69466     -3.59095     -3.49290
     -3.40006     -3.31203     -3.22844     -3.14897     -3.07332     -3.00121
     -2.93242     -2.86670     -2.80387     -2.74373     -2.68612     -2.63087
     -2.57788     -2.52702     -2.47816     -2.43118     -2.38598     -2.34245
     -2.30048     -2.26000     -2.22090     -2.18312     -2.14658     -2.11120
     -2.07694     -2.04373     -2.01153     -1.98029     -1.94999     -1.92058
     -1.89204     -1.86435     -1.83746     -1.81137     -1.78604     -1.76144
     -1.73752     -1.71424     -1.69157     -1.66949     -1.64798     -1.62702
     -1.60659     -1.58666     -1.56722     -1.54826     -1.52974     -1.51166
     -1.49401     -1.47676     -1.45991     -1.44344     -1.42733     -1.41158
     -1.39617     -1.38110     -1.36635     -1.35191     -1.33777
     -4.04516     -3.92117     -3.80455     -3.69466     -3.59095     -3.49290
     -3.40006     -3.31203     -3.22844     -3.14897     -3.07332     -3.00121
     -2.93242     -2.86670     -2.80387     -2.74373     -2.68612     -2.63088
     -2.57794     -2.52713     -2.47833     -2.43141     -2.38628     -2.34283
     -2.30094     -2.26054     -2.22152     -2.18381     -2.14731     -2.11198
     -2.07773     -2.04452     -2.01229     -1.98102     -1.95065     -1.92117
     -1.89254     -1.86474     -1.83777     -1.81158     -1.78616     -1.76147
     -1.73752     -1.71424     -1.69157     -1.66949     -1.64798     -1.62702
     -1.60659     -1.58666     -1.56722     -1.54826     -1.52974     -1.51166
     -1.49401     -1.47676     -1.45991     -1.44344     -1.42733     -1.41158
     -1.39617     -1.38110     -1.36635     -1.35191     -1.33777
     -4.04516     -3.92117     -3.80455     -3.69466     -3.59095     -3.49290
     -3.40006     -3.31203     -3.22844     -3.14897     -3.07332     -3.00121
     -2.93242     -2.86670     -2.80387     -2.74373     -2.68612     -2.63095
     -2.57805     -2.52731     -2.47859     -2.43178     -2.38676     -2.34342
     -2.30166     -2.26138     -2.22248     -2.18487     -2.14847     -2.11319
     -2.07899     -2.04579     -2.01354     -1.98222     -1.95177     -1.92218
     -1.89343     -1.86550     -1.83838     -1.81205     -1.78649     -1.76169
     -1.73762     -1.71425     -1.69157     -1.66949     -1.64798     -1.62702
     -1.60659     -1.58666     -1.56722     -1.54826     -1.52974     -1.51166
     -1.49401     -1.47676     -1.45991     -1.44344     -1.42733     -1.41158
     -1.39617     -1.38110     -1.36635     -1.35191     -1.33777
     -4.04516     -3.92117     -3.80455     -3.69466     -3.59095     -3.49290
     -3.40006     -3.31203     -3.22844     -3.14897     -3.07332     -3.00121
     -2.93242     -2.86670     -2.80387     -2.74373     -2.68617     -2.63106
     -2.57825     -2.52761     -2.47901     -2.43234     -2.38749     -2.34432
     -2.30275     -2.26266     -2.22394     -2.18649     -2.15023     -2.11506
     -2.08093     -2.04776     -2.01550     -1.98411     -1.95357     -1.92385
     -1.89493     -1.86681     -1.83948     -1.81294     -1.78718     -1.76218
     -1.73794     -1.71443     -1.69163     -1.66949     -1.64798     -1.62702
     -1.60659     -1.58666     -1.56722     -1.54826     -1.52974     -1.51166
     -1.49401     -1.47676     -1.45991     -1.44344     -1.42733     -1.41158
     -1.39617     -1.38110     -1.36635     -1.35191     -1.33777
     -4.04516     -3.92117     -3.80455     -3.69466     -3.59095     -3.49290
     -3.40006     -3.31203     -3.22844     -3.14897     -3.07332     -3.00121
     -2.93242     -2.86670     -2.80387     -2.74376     -2.68629     -2.63126
     -2.57857     -2.52807     -2.47966     -2.43320     -2.38858     -2.34568
     -2.30437     -2.26455     -2.22609     -2.18888     -2.15283     -2.11784
     -2.08382     -2.05071     -2.01845     -1.98701     -1.95634     -1.92644
     -1.89730     -1.86892     -1.84131     -1.81447     -1.78842     -1.76314
     -1.73864     -1.71490     -1.69191     -1.66962     -1.64800     -1.62702
     -1.60659     -1.58666     -1.56722     -1.54826     -1.52974     -1.51166
     -1.49401     -1.47676     -1.45991     -1.44344     -1.42733     -1.41158
     -1.39617     -1.38110     -1.36635     -1.35191     -1.33777
     -4.04516     -3.92117     -3.80455     -3.69466     -3.59095     -3.49290
     -3.40006     -3.31203     -3.22844     -3.14897     -3.07332     -3.00121
     -2.93242     -2.86670     -2.80387     -2.74386     -2.68647     -2.63158
     -2.57905     -2.52877     -2.48061     -2.43445     -2.39017     -2.34763
     -2.30670     -2.26726     -2.22918     -2.19233     -2.15658     -2.12184
     -2.08801     -2.05500     -2.02276     -1.99125     -1.96043     -1.93031
     -1.90087     -1.87215     -1.84415     -1.81691     -1.79045     -1.76477
     -1.73989     -1.71581     -1.69252     -1.66999     -1.64819     -1.62707
     -1.60659     -1.58666     -1.56722     -1.54826     -1.52974     -1.51166
     -1.49401     -1.47676     -1.45991     -1.44344     -1.42733     -1.41158
     -1.39617     -1.38110     -1.36635     -1.35191     -1.33777
     -4.04516     -3.92117     -3.80455     -3.69466     -3.59095     -3.49290
     -3.40006     -3.31203     -3.22844     -3.14897     -3.07332     -3.00121
     -2.93242     -2.86670     -2.80395     -2.74403     -2.68677     -2.63206
     -2.57977     -2.52978     -2.48198     -2.43622     -2.39239     -2.35034
     -2.30994     -2.27104     -2.23347     -2.19710     -2.16179     -2.12742
     -2.09386     -2.06102     -2.02883     -1.99725     -1.96626     -1.93584
     -1.90602     -1.87684     -1.84833     -1.82054     -1.79352     -1.76730
     -1.74190     -1.71734     -1.69363     -1.67074     -1.64864     -1.62730
     -1.60666     -1.58666     -1.56722     -1.54826     -1.52974     -1.51166
     -1.49401     -1.47676     -1.45991     -1.44344     -1.42733     -1.41158
     -1.39617     -1.38110     -1.36635     -1.35191     -1.33777
     -4.04516     -3.92117     -3.80455     -3.69466     -3.59095     -3.49290
     -3.40006     -3.31203     -3.22844     -3.14897     -3.07332     -3.00121
     -2.93242     -2.86673     -2.80408     -2.74428     -2.68721     -2.63274
     -2.58077     -2.53117     -2.48382     -2.43861     -2.39539     -2.35400
     -2.31429     -2.27609     -2.23923     -2.20353     -2.16882     -2.13495
     -2.10177     -2.06917     -2.03708     -2.00543     -1.97422     -1.94344
     -1.91314     -1.88336     -1.85418     -1.82568     -1.79792     -1.77097
     -1.74488     -1.71968     -1.69539     -1.67199     -1.64948     -1.62780
     -1.60691     -1.58674     -1.56722     -1.54826     -1.52974     -1.51166
     -1.49401     -1.47676     -1.45991     -1.44344     -1.42733     -1.41158
     -1.39617     -1.38110     -1.36635     -1.35191     -1.33777
     -4.04516     -3.92117     -3.80455     -3.69466     -3.59095     -3.49290
     -3.40006     -3.31203     -3.22844     -3.14897     -3.07332     -3.00121
     -2.93242     -2.86682     -2.80428     -2.74465     -2.68781     -2.63366
     -2.58209     -2.53299     -2.48625     -2.44171     -2.39926     -2.35873
     -2.31991     -2.28263     -2.24667     -2.21185     -2.17791     -2.14470
     -2.11205     -2.07979     -2.04785     -2.01614     -1.98467     -1.95344
     -1.92253     -1.89201     -1.86199     -1.83258     -1.80388     -1.77600
     -1.74902     -1.72298     -1.69794     -1.67388     -1.65080     -1.62867
     -1.60743     -1.58700     -1.56730     -1.54826     -1.52974     -1.51166
     -1.49401     -1.47676     -1.45991     -1.44344     -1.42733     -1.41158
     -1.39617     -1.38110     -1.36635     -1.35191     -1.33777
     -4.04516     -3.92117     -3.80455     -3.69466     -3.59095     -3.49290
     -3.40006     -3.31203     -3.22844     -3.14897     -3.07332     -3.00121
     -2.93246     -2.86697     -2.80456     -2.74514     -2.68860     -2.63484
     -2.58377     -2.53528     -2.48925     -2.44558     -2.40407     -2.36458
     -2.32687     -2.29072     -2.25591     -2.22216     -2.18920     -2.15685
     -2.12484     -2.09303     -2.06129     -2.02954     -1.99777     -1.96603
     -1.93438     -1.90296     -1.87190     -1.84137     -1.81153     -1.78250
     -1.75442     -1.72734     -1.70136     -1.67648     -1.65270     -1.62998
     -1.60826     -1.58747     -1.56752     -1.54831     -1.52974     -1.51166
     -1.49401     -1.47676     -1.45991     -1.44344     -1.42733     -1.41158
     -1.39617     -1.38110     -1.36635     -1.35191     -1.33777
     -4.04516     -3.92117     -3.80455     -3.69466     -3.59095     -3.49290
     -3.40006     -3.31203     -3.22844     -3.14897     -3.07332     -3.00121
     -2.93254     -2.86715     -2.80493     -2.74576     -2.68957     -2.63626
     -2.58577     -2.53800     -2.49284     -2.45014     -2.40975     -2.37148
     -2.33507     -2.30029     -2.26681     -2.23435     -2.20257     -2.17123
     -2.14003     -2.10876     -2.07729     -2.04551     -2.01342     -1.98106
     -1.94856     -1.91610     -1.88384     -1.85201     -1.82081     -1.79042
     -1.76104     -1.73275     -1.70566     -1.67980     -1.65517     -1.63174
     -1.60944     -1.58821     -1.56792     -1.54848     -1.52976     -1.51166
     -1.49401     -1.47676     -1.45991     -1.44344     -1.42733     -1.41158
     -1.39617     -1.38110     -1.36635     -1.35191     -1.33777
     -4.04516     -3.92117     -3.80455     -3.69466     -3.59095     -3.49290
     -3.40006     -3.31203     -3.22844     -3.14897     -3.07332     -3.00123
     -2.93265     -2.86739     -2.80536     -2.74648     -2.69068     -2.63789
     -2.58804     -2.54106     -2.49684     -2.45525     -2.41611     -2.37920
     -2.34426     -2.31098     -2.27899     -2.24798     -2.21755     -2.18736
     -2.15707     -2.12644     -2.09527     -2.06347     -2.03104     -1.99803
     -1.96461     -1.93096     -1.89738     -1.86410     -1.83139     -1.79950
     -1.76866     -1.73902     -1.71068     -1.68372     -1.65814     -1.63391
     -1.61095     -1.58920     -1.56851     -1.54878     -1.52988     -1.51166
     -1.49401     -1.47676     -1.45991     -1.44344     -1.42733     -1.41158
     -1.39617     -1.38110     -1.36635     -1.35191     -1.33777
     -4.04516     -3.92117     -3.80455     -3.69466     -3.59095     -3.49290
     -3.40006     -3.31203     -3.22844     -3.14897     -3.07332     -3.00128
     -2.93278     -2.86766     -2.80585     -2.74727     -2.69188     -2.63963
     -2.59046     -2.54430     -2.50107     -2.46062     -2.42278     -2.38730
     -2.35388     -2.32218     -2.29180     -2.26232     -2.23329     -2.20428
     -2.17498     -2.14502     -2.11420     -2.08240     -2.04962     -2.01594
     -1.98154     -1.94670     -1.91171     -1.87691     -1.84263     -1.80918
     -1.77682     -1.74575     -1.71612     -1.68800     -1.66142     -1.63634
     -1.61270     -1.59038     -1.56927     -1.54921     -1.53008     -1.51172
     -1.49401     -1.47676     -1.45991     -1.44344     -1.42733     -1.41158
     -1.39617     -1.38110     -1.36635     -1.35191     -1.33777
     -4.04516     -3.92117     -3.80455     -3.69466     -3.59095     -3.49290
     -3.40006     -3.31203     -3.22844     -3.14897     -3.07332     -3.00134
     -2.93292     -2.86795     -2.80635     -2.74807     -2.69307     -2.64133
     -2.59282     -2.54747     -2.50517     -2.46585     -2.42926     -2.39516
     -2.36323     -2.33306     -2.30420     -2.27621     -2.24854     -2.22072
     -2.19236     -2.16306     -2.13257     -2.10079     -2.06767     -2.03335
     -1.99803     -1.96201     -1.92568     -1.88942     -1.85361     -1.81865
     -1.78482     -1.75238     -1.72148     -1.69227     -1.66471     -1.63883
     -1.61450     -1.59164     -1.57010     -1.54972     -1.53035     -1.51183
     -1.49401     -1.47676     -1.45991     -1.44344     -1.42733     -1.41158
     -1.39617     -1.38110     -1.36635     -1.35191     -1.33777
     -4.04516     -3.92117     -3.80455     -3.69466     -3.59095     -3.49290
     -3.40006     -3.31203     -3.22844     -3.14897     -3.07332     -3.00140
     -2.93306     -2.86822     -2.80680     -2.74878     -2.69414     -2.64285
     -2.59491     -2.55024     -2.50881     -2.47044     -2.43494     -2.40206
     -2.37141     -2.34258     -2.31506     -2.28835     -2.26186     -2.23509
     -2.20752     -2.17880     -2.14862     -2.11682     -2.08343     -2.04854
     -2.01241     -1.97538     -1.93787     -1.90035     -1.86324     -1.82695
     -1.79185     -1.75821     -1.72623     -1.69604     -1.66765     -1.64106
     -1.61615     -1.59281     -1.57088     -1.55022     -1.53064     -1.51197
     -1.49405     -1.47676     -1.45991     -1.44344     -1.42733     -1.41158
     -1.39617     -1.38110     -1.36635     -1.35191     -1.33777
     -4.04516     -3.92117     -3.80455     -3.69466     -3.59095     -3.49290
     -3.40006     -3.31203     -3.22844     -3.14897     -3.07332     -3.00145
     -2.93318     -2.86844     -2.80717     -2.74934     -2.69498     -2.64403
     -2.59652     -2.55238     -2.51157     -2.47391     -2.43924     -2.40724
     -2.37754     -2.34969     -2.32319     -2.29742     -2.27181     -2.24579
     -2.21882     -2.19050     -2.16054     -2.12873     -2.09512     -2.05979
     -2.02305     -1.98529     -1.94692     -1.90845     -1.87034     -1.83309
     -1.79704     -1.76253     -1.72976     -1.69885     -1.66986     -1.64274
     -1.61739     -1.59370     -1.57150     -1.55062     -1.53088     -1.51209
     -1.49410     -1.47676     -1.45991     -1.44344     -1.42733     -1.41158
     -1.39617     -1.38110     -1.36635     -1.35191     -1.33777
     -4.04516     -3.92117     -3.80455     -3.69466     -3.59095     -3.49290
     -3.40006     -3.31203     -3.22844     -3.14897     -3.07334     -3.00149
     -2.93326     -2.86858     -2.80739     -2.74970     -2.69547     -2.64474
     -2.59745     -2.55363     -2.51313     -2.47589     -2.44164     -2.41013
     -2.38094     -2.35361     -2.32762     -2.30232     -2.27717     -2.25152
     -2.22486     -2.19673     -2.16687     -2.13504     -2.10128     -2.06572
     -2.02864     -1.99047     -1.95164     -1.91267     -1.87405     -1.83627
     -1.79974     -1.76478     -1.73158     -1.70032     -1.67099     -1.64360
     -1.61805     -1.59418     -1.57183     -1.55084     -1.53101     -1.51216
     -1.49413     -1.47676     -1.45991     -1.44344     -1.42733     -1.41158
     -1.39617     -1.38110     -1.36635     -1.35191     -1.33777
     -4.04516     -3.92117     -3.80455     -3.69466     -3.59095     -3.49290
     -3.40006     -3.31203     -3.22844     -3.14897     -3.07334     -3.00151
     -2.93329     -2.86862     -2.80746     -2.74979     -2.69558     -2.64488
     -2.59761     -2.55381     -2.51334     -2.47610     -2.44186     -2.41034
     -2.38115     -2.35380     -2.32778     -2.30246     -2.27726     -2.25157
     -2.22486     -2.19669     -2.16677     -2.13490     -2.10112     -2.06552
     -2.02843     -1.99025     -1.95141     -1.91244     -1.87384     -1.83607
     -1.79956     -1.76462     -1.73145     -1.70020     -1.67091     -1.64353
     -1.61799     -1.59414     -1.57181     -1.55082     -1.53100     -1.51216
     -1.49413     -1.47676     -1.45991     -1.44344     -1.42733     -1.41158
     -1.39617     -1.38110     -1.36635     -1.35191     -1.33777
     -4.04516     -3.92117     -3.80455     -3.69466     -3.59095     -3.49290
     -3.40006     -3.31203     -3.22844     -3.14897     -3.07334     -3.00150
     -2.93327     -2.86857     -2.80735     -2.74961     -2.69530     -2.64443
     -2.59699     -2.55291     -2.51214     -2.47453     -2.43987     -2.40785
     -2.37813     -2.35024     -2.32365     -2.29779     -2.27206     -2.24591
     -2.21880     -2.19035     -2.16026     -2.12834     -2.09462     -2.05921
     -2.02242     -1.98463     -1.94625     -1.90779     -1.86972     -1.83250
     -1.79651     -1.76207     -1.72937     -1.69853     -1.66959     -1.64253
     -1.61724     -1.59359     -1.57143     -1.55057     -1.53085     -1.51208
     -1.49410     -1.47676     -1.45991     -1.44344     -1.42733     -1.41158
     -1.39617     -1.38110     -1.36635     -1.35191     -1.33777
     -4.04516     -3.92117     -3.80455     -3.69466     -3.59095     -3.49290
     -3.40006     -3.31203     -3.22844     -3.14897     -3.07333     -3.00147
     -2.93319     -2.86842     -2.80710     -2.74918     -2.69464     -2.64347
     -2.59562     -2.55107     -2.50969     -2.47137     -2.43591     -2.40300
     -2.37230     -2.34338     -2.31575     -2.28887     -2.26220     -2.23523
     -2.20745     -2.17852     -2.14814     -2.11617     -2.08262     -2.04760
     -2.01138     -1.97433     -1.93682     -1.89932     -1.86224     -1.82604
     -1.79103     -1.75749     -1.72562     -1.69554     -1.66725     -1.64073
     -1.61591     -1.59264     -1.57077     -1.55015     -1.53060     -1.51195
     -1.49405     -1.47676     -1.45991     -1.44344     -1.42733     -1.41158
     -1.39617     -1.38110     -1.36635     -1.35191     -1.33777
     -4.04516     -3.92117     -3.80455     -3.69466     -3.59095     -3.49290
     -3.40006     -3.31203     -3.22844     -3.14897     -3.07332     -3.00142
     -2.93308     -2.86820     -2.80671     -2.74856     -2.69371     -2.64211
     -2.59371     -2.54847     -2.50629     -2.46701     -2.43043     -2.39630
     -2.36430     -2.33402     -2.30500     -2.27680     -2.24889     -2.22082
     -2.19219     -2.16262     -2.13188     -2.09988     -2.06657     -2.03211
     -1.99670     -1.96063     -1.92429     -1.88807     -1.85236     -1.81748
     -1.78377     -1.75147     -1.72073     -1.69163     -1.66421     -1.63843
     -1.61421     -1.59143     -1.56995     -1.54963     -1.53031     -1.51181
     -1.49401     -1.47676     -1.45991     -1.44344     -1.42733     -1.41158
     -1.39617     -1.38110     -1.36635     -1.35191     -1.33777
     -4.04516     -3.92117     -3.80455     -3.69466     -3.59095     -3.49290
     -3.40006     -3.31203     -3.22844     -3.14897     -3.07332     -3.00136
     -2.93295     -2.86794     -2.80626     -2.74783     -2.69259     -2.64049
     -2.59146     -2.54542     -2.50228     -2.46188     -2.42405     -2.38853
     -2.35502     -2.32315     -2.29259     -2.26286     -2.23356     -2.20426
     -2.17465     -2.14439     -2.11331     -2.08127     -2.04830     -2.01446
     -1.97998     -1.94510     -1.91012     -1.87538     -1.84120     -1.80786
     -1.77564     -1.74473     -1.71526     -1.68730     -1.66086     -1.63592
     -1.61238     -1.59016     -1.56912     -1.54913     -1.53004     -1.51171
     -1.49401     -1.47676     -1.45991     -1.44344     -1.42733     -1.41158
     -1.39617     -1.38110     -1.36635     -1.35191     -1.33777
     -4.04516     -3.92117     -3.80455     -3.69466     -3.59095     -3.49290
     -3.40006     -3.31203     -3.22844     -3.14897     -3.07332     -3.00131
     -2.93281     -2.86767     -2.80578     -2.74705     -2.69141     -2.63877
     -2.58907     -2.54220     -2.49806     -2.45651     -2.41735     -2.38037
     -2.34532     -2.31185     -2.27967     -2.24839     -2.21767     -2.18716
     -2.15657     -2.12562     -2.09419     -2.06216     -2.02954     -1.99640
     -1.96289     -1.92925     -1.89567     -1.86246     -1.82988     -1.79814
     -1.76746     -1.73798     -1.70981     -1.68301     -1.65758     -1.63348
     -1.61065     -1.58898     -1.56838     -1.54871     -1.52985     -1.51166
     -1.49401     -1.47676     -1.45991     -1.44344     -1.42733     -1.41158
     -1.39617     -1.38110     -1.36635     -1.35191     -1.33777
     -4.04516     -3.92117     -3.80455     -3.69466     -3.59095     -3.49290
     -3.40006     -3.31203     -3.22844     -3.14897     -3.07332     -3.00126
     -2.93269     -2.86741     -2.80532     -2.74631     -2.69026     -2.63709
     -2.58674     -2.53907     -2.49396     -2.45128     -2.41088     -2.37251
     -2.33598     -2.30100     -2.26730     -2.23456     -2.20249     -2.17084
     -2.13934     -2.10778     -2.07606     -2.04407     -2.01180     -1.97935
     -1.94681     -1.91434     -1.88214     -1.85040     -1.81933     -1.78911
     -1.75988     -1.73176     -1.70484     -1.67914     -1.65465     -1.63135
     -1.60917     -1.58803     -1.56782     -1.54843     -1.52975     -1.51166
     -1.49401     -1.47676     -1.45991     -1.44344     -1.42733     -1.41158
     -1.39617     -1.38110     -1.36635     -1.35191     -1.33777
     -4.04516     -3.92117     -3.80455     -3.69466     -3.59095     -3.49290
     -3.40006     -3.31203     -3.22844     -3.14897     -3.07332     -3.00121
     -2.93258     -2.86718     -2.80491     -2.74562     -2.68922     -2.63558
     -2.58462     -2.53621     -2.49023     -2.44655     -2.40501     -2.36540
     -2.32755     -2.29121     -2.25616     -2.22215     -2.18892     -2.15626
     -2.12399     -2.09193     -2.05996     -2.02803     -1.99614     -1.96431
     -1.93264     -1.90126     -1.87028     -1.83987     -1.81016     -1.78129
     -1.75336     -1.72647     -1.70065     -1.67592     -1.65227     -1.62966
     -1.60805     -1.58734     -1.56745     -1.54828     -1.52974     -1.51166
     -1.49401     -1.47676     -1.45991     -1.44344     -1.42733     -1.41158
     -1.39617     -1.38110     -1.36635     -1.35191     -1.33777
     -4.04516     -3.92117     -3.80455     -3.69466     -3.59095     -3.49290
     -3.40006     -3.31203     -3.22844     -3.14897     -3.07332     -3.00121
     -2.93249     -2.86700     -2.80456     -2.74505     -2.68833     -2.63428
     -2.58280     -2.53375     -2.48704     -2.44249     -2.39998     -2.35932
     -2.32036     -2.28289     -2.24670     -2.21163     -2.17745     -2.14398
     -2.11108     -2.07860     -2.04647     -2.01462     -1.98307     -1.95180
     -1.92090     -1.89043     -1.86052     -1.83122     -1.80267     -1.77494
     -1.74812     -1.72225     -1.69735     -1.67342     -1.65047     -1.62844
     -1.60728     -1.58692     -1.56726     -1.54826     -1.52974     -1.51166
     -1.49401     -1.47676     -1.45991     -1.44344     -1.42733     -1.41158
     -1.39617     -1.38110     -1.36635     -1.35191     -1.33777
     -4.04516     -3.92117     -3.80455     -3.69466     -3.59095     -3.49290
     -3.40006     -3.31203     -3.22844     -3.14897     -3.07332     -3.00121
     -2.93243     -2.86686     -2.80430     -2.74459     -2.68761     -2.63323
     -2.58132     -2.53176     -2.48442     -2.43918     -2.39588     -2.35438
     -2.31451     -2.27613     -2.23906     -2.20314     -2.16821     -2.13411
     -2.10072     -2.06796     -2.03573     -2.00399     -1.97271     -1.94193
     -1.91167     -1.88197     -1.85289     -1.82452     -1.79691     -1.77011
     -1.74417     -1.71911     -1.69494     -1.67167     -1.64925     -1.62766
     -1.60683     -1.58671     -1.56722     -1.54826     -1.52974     -1.51166
     -1.49401     -1.47676     -1.45991     -1.44344     -1.42733     -1.41158
     -1.39617     -1.38110     -1.36635     -1.35191     -1.33777
     -4.04516     -3.92117     -3.80455     -3.69466     -3.59095     -3.49290
     -3.40006     -3.31203     -3.22844     -3.14897     -3.07332     -3.00121
     -2.93242     -2.86676     -2.80410     -2.74425     -2.68707     -2.63242
     -2.58017     -2.53021     -2.48238     -2.43658     -2.39268     -2.35052
     -2.30997     -2.27089     -2.23314     -2.19658     -2.16109     -2.12652
     -2.09280     -2.05982     -2.02754     -1.99591     -1.96490     -1.93450
     -1.90474     -1.87565     -1.84726     -1.81959     -1.79271     -1.76663
     -1.74136     -1.71693     -1.69332     -1.67053     -1.64851     -1.62723
     -1.60663     -1.58666     -1.56722     -1.54826     -1.52974     -1.51166
     -1.49401     -1.47676     -1.45991     -1.44344     -1.42733     -1.41158
     -1.39617     -1.38110     -1.36635     -1.35191     -1.33777
     -4.04516     -3.92117     -3.80455     -3.69466     -3.59095     -3.49290
     -3.40006     -3.31203     -3.22844     -3.14897     -3.07332     -3.00121
     -2.93242     -2.86670     -2.80397     -2.74401     -2.68668     -2.63183
     -2.57933     -2.52905     -2.48087     -2.43466     -2.39029     -2.34764
     -2.30658     -2.26699     -2.22874     -2.19172     -2.15582     -2.12093
     -2.08698     -2.05388     -2.02158     -1.99005     -1.95923     -1.92916
     -1.89980     -1.87117     -1.84329     -1.81617     -1.78983     -1.76428
     -1.73952     -1.71554     -1.69233     -1.66988     -1.64813     -1.62704
     -1.60659     -1.58666     -1.56722     -1.54826     -1.52974     -1.51166
     -1.49401     -1.47676     -1.45991     -1.44344     -1.42733     -1.41158
     -1.39617     -1.38110     -1.36635     -1.35191     -1.33777
     -4.04516     -3.92117     -3.80455     -3.69466     -3.59095     -3.49290
     -3.40006     -3.31203     -3.22844     -3.14897     -3.07332     -3.00121
     -2.93242     -2.86670     -2.80389     -2.74385     -2.68641     -2.63142
     -2.57874     -2.52824     -2.47979     -2.43328     -2.38857     -2.34557
     -2.30415     -2.26419     -2.22559     -2.18825     -2.15207     -2.11697
     -2.08287     -2.04970     -2.01741     -1.98596     -1.95532     -1.92549
     -1.89643     -1.86815     -1.84065     -1.81393     -1.78798     -1.76281
     -1.73840     -1.71475     -1.69181     -1.66957     -1.64798     -1.62702
     -1.60659     -1.58666     -1.56722     -1.54826     -1.52974     -1.51166
     -1.49401     -1.47676     -1.45991     -1.44344     -1.42733     -1.41158
     -1.39617     -1.38110     -1.36635     -1.35191     -1.33777
     -4.04516     -3.92117     -3.80455     -3.69466     -3.59095     -3.49290
     -3.40006     -3.31203     -3.22844     -3.14897     -3.07332     -3.00121
     -2.93242     -2.86670     -2.80387     -2.74376     -2.68625     -2.63115
     -2.57834     -2.52768     -2.47905     -2.43233     -2.38740     -2.34414
     -2.30247     -2.26226     -2.22342     -2.18586     -2.14951     -2.11426
     -2.08007     -2.04686     -2.01460     -1.98324     -1.95274     -1.92309
     -1.89426     -1.86623     -1.83900     -1.81256     -1.78689     -1.76198
     -1.73781     -1.71436     -1.69159     -1.66949     -1.64798     -1.62702
     -1.60659     -1.58666     -1.56722     -1.54826     -1.52974     -1.51166
     -1.49401     -1.47676     -1.45991     -1.44344     -1.42733     -1.41158
     -1.39617     -1.38110     -1.36635     -1.35191     -1.33777
     -4.04516     -3.92117     -3.80455     -3.69466     -3.59095     -3.49290
     -3.40006     -3.31203     -3.22844     -3.14897     -3.07332     -3.00121
     -2.93242     -2.86670     -2.80387     -2.74373     -2.68615     -2.63099
     -2.57809     -2.52733     -2.47857     -2.43170     -2.38661     -2.34319
     -2.30134     -2.26097     -2.22198     -2.18429     -2.14781     -2.11249
     -2.07825     -2.04504     -2.01281     -1.98151     -1.95112     -1.92161
     -1.89293     -1.86509     -1.83806     -1.81181     -1.78632     -1.76158
     -1.73756     -1.71424     -1.69157     -1.66949     -1.64798     -1.62702
     -1.60659     -1.58666     -1.56722     -1.54826     -1.52974     -1.51166
     -1.49401     -1.47676     -1.45991     -1.44344     -1.42733     -1.41158
     -1.39617     -1.38110     -1.36635     -1.35191     -1.33777
     -4.04516     -3.92117     -3.80455     -3.69466     -3.59095     -3.49290
     -3.40006     -3.31203     -3.22844     -3.14897     -3.07332     -3.00121
     -2.93242     -2.86670     -2.80387     -2.74373     -2.68612     -2.63090
     -2.57795     -2.52711     -2.47827     -2.43131     -2.38612     -2.34259
     -2.30063     -2.26015     -2.22107     -2.18328     -2.14675     -2.11138
     -2.07712     -2.04391     -2.01171     -1.98048     -1.95017     -1.92075
     -1.89220     -1.86448     -1.83757     -1.81145     -1.78608     -1.76144
     -1.73752     -1.71424     -1.69157     -1.66949     -1.64798     -1.62702
     -1.60659     -1.58666     -1.56722     -1.54826     -1.52974     -1.51166
     -1.49401     -1.47676     -1.45991     -1.44344     -1.42733     -1.41158
     -1.39617     -1.38110     -1.36635     -1.35191     -1.33777
     -4.04516     -3.92117     -3.80455     -3.69466     -3.59095     -3.49290
     -3.40006     -3.31203     -3.22844     -3.14897     -3.07332     -3.00121
     -2.93242     -2.86670     -2.80387     -2.74373     -2.68612     -2.63087
     -2.57787     -2.52699     -2.47810     -2.43108     -2.38582     -2.34223
     -2.30020     -2.25966     -2.22051     -2.18268     -2.14611     -2.11072
     -2.07645     -2.04326     -2.01109     -1.97990     -1.94965     -1.92031
     -1.89183     -1.86420     -1.83737     -1.81133     -1.78604     -1.76144
     -1.73752     -1.71424     -1.69157     -1.66949     -1.64798     -1.62702
     -1.60659     -1.58666     -1.56722     -1.54826     -1.52974     -1.51166
     -1.49401     -1.47676     -1.45991     -1.44344     -1.42733     -1.41158
     -1.39617     -1.38110     -1.36635     -1.35191     -1.33777
     -4.04516     -3.92117     -3.80455     -3.69466     -3.59095     -3.49290
     -3.40006     -3.31203     -3.22844     -3.14897     -3.07332     -3.00121
     -2.93242     -2.86670     -2.80387     -2.74373     -2.68612     -2.63087
     -2.57786     -2.52693     -2.47800     -2.43095     -2.38565     -2.34202
     -2.29995     -2.25937     -2.22019     -2.18234     -2.14575     -2.11035
     -2.07609     -2.04292     -2.01077     -1.97962     -1.94941     -1.92011
     -1.89169     -1.86412     -1.83734     -1.81133     -1.78604     -1.76144
     -1.73752     -1.71424     -1.69157     -1.66949     -1.64798     -1.62702
     -1.60659     -1.58666     -1.56722     -1.54826     -1.52974     -1.51166
     -1.49401     -1.47676     -1.45991     -1.44344     -1.42733     -1.41158
     -1.39617     -1.38110     -1.36635     -1.35191     -1.33777
     -4.04516     -3.92117     -3.80455     -3.69466     -3.59095     -3.49290
     -3.40006     -3.31203     -3.22844     -3.14897     -3.07332     -3.00121
     -2.93242     -2.86670     -2.80387     -2.74373     -2.68612     -2.63087
     -2.57786     -2.52693     -2.47799     -2.43090     -2.38557     -2.34191
     -2.29983     -2.25923     -2.22003     -2.18217     -2.14557     -2.11017
     -2.07592     -2.04275     -2.01063     -1.97950     -1.94934     -1.92008
     -1.89168     -1.86412     -1.83734     -1.81133     -1.78604     -1.76144
     -1.73752     -1.71424     -1.69157     -1.66949     -1.64798     -1.62702
     -1.60659     -1.58666     -1.56722     -1.54826     -1.52974     -1.51166
     -1.49401     -1.47676     -1.45991     -1.44344     -1.42733     -1.41158
     -1.39617     -1.38110     -1.36635     -1.35191     -1.33777
     -4.04516     -3.92117     -3.80455     -3.69466     -3.59095     -3.49290
     -3.40006     -3.31203     -3.22844     -3.14897     -3.07332     -3.00121
     -2.93242     -2.86670     -2.80387     -2.74373     -2.68612     -2.63087
     -2.57786     -2.52693     -2.47799     -2.43090     -2.38556     -2.34189
     -2.29979     -2.25917     -2.21997     -2.18210     -2.14550     -2.11011
     -2.07587     -2.04272     -2.01061     -1.97950     -1.94934     -1.92008
     -1.89168     -1.86412     -1.83734     -1.81133     -1.78604     -1.76144
     -1.73752     -1.71424     -1.69157     -1.66949     -1.64798     -1.62702
     -1.60659     -1.58666     -1.56722     -1.54826     -1.52974     -1.51166
     -1.49401     -1.47676     -1.45991     -1.44344     -1.42733     -1.41158
     -1.39617     -1.38110     -1.36635     -1.35191     -1.33777
     -4.04516     -3.92117     -3.80455     -3.69466     -3.59095     -3.49290
     -3.40006     -3.31203     -3.22844     -3.14897     -3.07332     -3.00121
     -2.93242     -2.86670     -2.80387     -2.74373     -2.68612     -2.63087
     -2.57786     -2.52693     -2.47799     -2.43090     -2.38556     -2.34189
     -2.29979     -2.25917     -2.21997     -2.18210     -2.14550     -2.11011
     -2.07587     -2.04272     -2.01061     -1.97950     -1.94934     -1.92008
     -1.89168     -1.86412     -1.83734     -1.81133     -1.78604     -1.76144
     -1.73752     -1.71424     -1.69157     -1.66949     -1.64798     -1.62702
     -1.60659     -1.58666     -1.56722     -1.54826     -1.52974     -1.51166
     -1.49401     -1.47676     -1.45991     -1.44344     -1.42733     -1.41158
     -1.39617     -1.38110     -1.36635     -1.35191     -1.33777
     -4.04516     -3.92117     -3.80455     -3.69466     -3.59095     -3.49290
     -3.40006     -3.31203     -3.22844     -3.14897     -3.07332     -3.00121
     -2.93242     -2.86670     -2.80387     -2.74373     -2.68612     -2.63087
     -2.57786     -2.52693     -2.47799     -2.43090     -2.38556     -2.34189
     -2.29979     -2.25917     -2.21997     -2.18210     -2.14550     -2.11011
     -2.07587     -2.04272     -2.01061     -1.97950     -1.94934     -1.92008
     -1.89168     -1.86412     -1.83734     -1.81133     -1.78604     -1.76144
     -1.73752     -1.71424     -1.69157     -1.66949     -1.64798     -1.62702
     -1.60659     -1.58666     -1.56722     -1.54826     -1.52974     -1.51166
     -1.49401     -1.47676     -1.45991     -1.44344     -1.42733     -1.41158
     -1.39617     -1.38110     -1.36635     -1.35191     -1.33777
     -4.04516     -3.92117     -3.80455     -3.69466     -3.59095     -3.49290
     -3.40006     -3.31203     -3.22844     -3.14897     -3.07332     -3.00121
     -2.93242     -2.86670     -2.80387     -2.74373     -2.68612     -2.63087
     -2.57786     -2.52693     -2.47799     -2.43090     -2.38556     -2.34189
     -2.29979     -2.25917     -2.21997     -2.18210     -2.14550     -2.11011
     -2.07587     -2.04272     -2.01061     -1.97950     -1.94934     -1.92008
     -1.89168     -1.86412     -1.83734     -1.81133     -1.78604     -1.76144
     -1.73752     -1.71424     -1.69157     -1.66949     -1.64798     -1.62702
     -1.60659     -1.58666     -1.56722     -1.54826     -1.52974     -1.51166
     -1.49401     -1.47676     -1.45991     -1.44344     -1.42733     -1.41158
     -1.39617     -1.38110     -1.36635     -1.35191     -1.33777
     -4.04516     -3.92117     -3.80455     -3.69466     -3.59095     -3.49290
     -3.40006     -3.31203     -3.22844     -3.14897     -3.07332     -3.00121
     -2.93242     -2.86670     -2.80387     -2.74373     -2.68612     -2.63087
     -2.57786     -2.52693     -2.47799     -2.43090     -2.38556     -2.34189
     -2.29979     -2.25917     -2.21997     -2.18210     -2.14550     -2.11011
     -2.07587     -2.04272     -2.01061     -1.97950     -1.94934     -1.92008
     -1.89168     -1.86412     -1.83734     -1.81133     -1.78604     -1.76144
     -1.73752     -1.71424     -1.69157     -1.66949     -1.64798     -1.62702
     -1.60659     -1.58666     -1.56722     -1.54826     -1.52974     -1.51166
     -1.49401     -1.47676     -1.45991     -1.44344     -1.42733     -1.41158
     -1.39617     -1.38110     -1.36635     -1.35191     -1.33777
     -4.04516     -3.92117     -3.80455     -3.69466     -3.59095     -3.49290
     -3.40006     -3.31203     -3.22844     -3.14897     -3.07332     -3.00121
     -2.93242     -2.86670     -2.80387     -2.74373     -2.68612     -2.63087
     -2.57786     -2.52693     -2.47799     -2.43090     -2.38556     -2.34189
     -2.29979     -2.25917     -2.21997     -2.18210     -2.14550     -2.11011
     -2.07587     -2.04272     -2.01061     -1.97950     -1.94934     -1.92008
     -1.89168     -1.86412     -1.83734     -1.81133     -1.78604     -1.76144
     -1.73752     -1.71424     -1.69157     -1.66949     -1.64798     -1.62702
     -1.60659     -1.58666     -1.56722     -1.54826     -1.52974     -1.51166
     -1.49401     -1.47676     -1.45991     -1.44344     -1.42733     -1.41158
     -1.39617     -1.38110     -1.36635     -1.35191     -1.33777
     -4.04516     -3.92117     -3.80455     -3.69466     -3.59095     -3.49290
     -3.40006     -3.31203     -3.22844     -3.14897     -3.07332     -3.00121
     -2.93242     -2.86670     -2.80387     -2.74373     -2.68612     -2.63087
     -2.57786     -2.52693     -2.47799     -2.43090     -2.38556     -2.34189
     -2.29979     -2.25917     -2.21997     -2.18210     -2.14550     -2.11011
     -2.07587     -2.04272     -2.01061     -1.97950     -1.94934     -1.92008
     -1.89168     -1.86412     -1.83734     -1.81133     -1.78604     -1.76144
     -1.73752     -1.71424     -1.69157     -1.66949     -1.64798     -1.62702
     -1.60659     -1.58666     -1.56722     -1.54826     -1.52974     -1.51166
     -1.49401     -1.47676     -1.45991     -1.44344     -1.42733     -1.41158
     -1.39617     -1.38110     -1.36635     -1.35191     -1.33777
     -4.04516     -3.92117     -3.80455     -3.69466     -3.59095     -3.49290
     -3.40006     -3.31203     -3.22844     -3.14897     -3.07332     -3.00121
     -2.93242     -2.86670     -2.80387     -2.74373     -2.68612     -2.63087
     -2.57786     -2.52693     -2.47799     -2.43090     -2.38556     -2.34189
     -2.29979     -2.25917     -2.21997     -2.18210     -2.14550     -2.11011
     -2.07587     -2.04272     -2.01061     -1.97950     -1.94934     -1.92008
     -1.89168     -1.86412     -1.83734     -1.81133     -1.78604     -1.76144
     -1.73752     -1.71424     -1.69157     -1.66949     -1.64798     -1.62702
     -1.60659     -1.58666     -1.56722     -1.54826     -1.52974     -1.51166
     -1.49401     -1.47676     -1.45991     -1.44344     -1.42733     -1.41158
     -1.39617     -1.38110     -1.36635     -1.35191     -1.33777
     -4.04516     -3.92117     -3.80455     -3.69466     -3.59095     -3.49290
     -3.40006     -3.31203     -3.22844     -3.14897     -3.07332     -3.00121
     -2.93242     -2.86670     -2.80387     -2.74373     -2.68612     -2.63087
     -2.57786     -2.52693     -2.47799     -2.43090     -2.38556     -2.34189
     -2.29979     -2.25917     -2.21997     -2.18210     -2.14550     -2.11011
     -2.07587     -2.04272     -2.01061     -1.97950     -1.94934     -1.92008
     -1.89168     -1.86412     -1.83734     -1.81133     -1.78604     -1.76144
     -1.73752     -1.71424     -1.69157     -1.66949     -1.64798     -1.62702
     -1.60659     -1.58666     -1.56722     -1.54826     -1.52974     -1.51166
     -1.49401     -1.47676     -1.45991     -1.44344     -1.42733     -1.41158
     -1.39617     -1.38110     -1.36635     -1.35191     -1.33777
     -4.04516     -3.92117     -3.80455     -3.69466     -3.59095     -3.49290
     -3.40006     -3.31203     -3.22844     -3.14897     -3.07332     -3.00121
     -2.93242     -2.86670     -2.80387     -2.74373     -2.68612     -2.63087
     -2.57786     -2.52693     -2.47799     -2.43090     -2.38556     -2.34189
     -2.29979     -2.25917     -2.21997     -2.18210     -2.14550     -2.11011
     -2.07587     -2.04272     -2.01061     -1.97950     -1.94934     -1.92008
     -1.89168     -1.86412     -1.83734     -1.81133     -1.78604     -1.76144
     -1.73752     -1.71424     -1.69157     -1.66949     -1.64798     -1.62702
     -1.60659     -1.58666     -1.56722     -1.54826     -1.52974     -1.51166
     -1.49401     -1.47676     -1.45991     -1.44344     -1.42733     -1.41158
     -1.39617     -1.38110     -1.36635     -1.35191     -1.33777
     -4.04516     -3.92117     -3.80455     -3.69466     -3.59095     -3.49290
     -3.40006     -3.31203     -3.22844     -3.14897     -3.07332     -3.00121
     -2.93242     -2.86670     -2.80387     -2.74373     -2.68612     -2.63087
     -2.57786     -2.52693     -2.47799     -2.43090     -2.38556     -2.34189
     -2.29979     -2.25917     -2.21997     -2.18210     -2.14550     -2.11011
     -2.07587     -2.04272     -2.01061     -1.97950     -1.94934     -1.92008
     -1.89168     -1.86412     -1.83734     -1.81133     -1.78604     -1.76144
     -1.73752     -1.71424     -1.69157     -1.66949     -1.64798     -1.62702
     -1.60659     -1.58666     -1.56722     -1.54826     -1.52974     -1.51166
     -1.49401     -1.47676     -1.45991     -1.44344     -1.42733     -1.41158
     -1.39617     -1.38110     -1.36635     -1.35191     -1.33777
     -4.04516     -3.92117     -3.80455     -3.69466     -3.59095     -3.49290
     -3.40006     -3.31203     -3.22844     -3.14897     -3.07332     -3.00121
     -2.93242     -2.86670     -2.80387     -2.74373     -2.68612     -2.63087
     -2.57786     -2.52693     -2.47799     -2.43090     -2.38556     -2.34189
     -2.29979     -2.25917     -2.21997     -2.18210     -2.14550     -2.11011
     -2.07587     -2.04272     -2.01061     -1.97950     -1.94934     -1.92008
     -1.89168     -1.86412     -1.83734     -1.81133     -1.78604     -1.76144
     -1.73752     -1.71424     -1.69157     -1.66949     -1.64798     -1.62702
     -1.60659     -1.58666     -1.56722     -1.54826     -1.52974     -1.51166
     -1.49401     -1.47676     -1.45991     -1.44344     -1.42733     -1.41158
     -1.39617     -1.38110     -1.36635     -1.35191     -1.33777
     -4.04516     -3.92117     -3.80455     -3.69466     -3.59095     -3.49290
     -3.40006     -3.31203     -3.22844     -3.14897     -3.07332     -3.00121
     -2.93242     -2.86670     -2.80387     -2.74373     -2.68612     -2.63087
     -2.57786     -2.52693     -2.47799     -2.43090     -2.38556     -2.34189
     -2.29979     -2.25917     -2.21997     -2.18210     -2.14550     -2.11011
     -2.07587     -2.04272     -2.01061     -1.97950     -1.94934     -1.92008
     -1.89168     -1.86412     -1.83734     -1.81133     -1.78604     -1.76144
     -1.73752     -1.71424     -1.69157     -1.66949     -1.64798     -1.62702
     -1.60659     -1.58666     -1.56722     -1.54826     -1.52974     -1.51166
     -1.49401     -1.47676     -1.45991     -1.44344     -1.42733     -1.41158
     -1.39617     -1.38110     -1.36635     -1.35191     -1.33777
     -4.04516     -3.92117     -3.80455     -3.69466     -3.59095     -3.49290
     -3.40006     -3.31203     -3.22844     -3.14897     -3.07332     -3.00121
     -2.93242     -2.86670     -2.80387     -2.74373     -2.68612     -2.63087
     -2.57786     -2.52693     -2.47799     -2.43090     -2.38556     -2.34189
     -2.29979     -2.25917     -2.21997     -2.18210     -2.14550     -2.11011
     -2.07587     -2.04272     -2.01061     -1.97950     -1.94934     -1.92008
     -1.89168     -1.86412     -1.83734     -1.81133     -1.78604     -1.76144
     -1.73752     -1.71424     -1.69157     -1.66949     -1.64798     -1.62702
     -1.60659     -1.58666     -1.56722     -1.54826     -1.52974     -1.51166
     -1.49401     -1.47676     -1.45991     -1.44344     -1.42733     -1.41158
     -1.39617     -1.38110     -1.36635     -1.35191     -1.33777
