      1.10470    -0.100000
      1.10100      0.00000
      1.10316     0.100000
      1.10644     0.150000
      1.11645     0.250000
      1.13219     0.347502
      1.14313     0.400000
      1.15875     0.461104
      1.18531     0.544635
      1.20600     0.600000
      1.22746     0.650000
      1.25182     0.700000
      1.27986     0.750000
      1.31327     0.800000
      1.34469     0.838138
      1.37125     0.864640
      1.41987     0.900000
      1.45094     0.916572
      1.50406     0.932524
      1.55719     0.937285
      1.61031     0.932809
      1.66344     0.919610
      1.70943     0.900000
      1.74312     0.883864
      1.79625     0.851730
      1.82281     0.833261
      1.86493     0.800000
      1.90250     0.768751
      1.92906     0.743941
      1.97311     0.700000
      2.00875     0.661709
      2.03531     0.629952
      2.06188     0.595475
      2.09426     0.550000
      2.12554     0.500000
      2.15341     0.450000
      2.17855     0.400000
      2.20146     0.350000
      2.22240     0.300000
      2.24781     0.229931
      2.27222     0.150000
      2.28400     0.100000
      2.29595      0.00000
      2.29234    -0.100000
      2.27437    -0.197141
      2.26033    -0.250000
      2.24436    -0.300000
      2.22125    -0.364450
      2.19469    -0.428338
      2.16812    -0.484584
      2.14156    -0.534519
      2.11500    -0.579309
      2.08844    -0.619975
      2.06188    -0.657274
      2.02835    -0.700000
      1.98712    -0.750000
      1.95563    -0.785976
      1.92906    -0.815427
      1.89591    -0.850000
      1.84938    -0.898675
      1.82281    -0.926969
      1.79625    -0.953671
      1.74861     -1.00000
      1.71656     -1.03179
      1.69000     -1.05675
      1.64191     -1.10000
      1.61031     -1.13029
      1.58375     -1.15324
      1.53062     -1.19912
      1.50402     -1.21912
      1.47960     -1.23824
      1.45094     -1.17962
      1.42438     -1.11772
      1.39781     -1.05552
      1.37476     -1.00000
      1.35266    -0.950000
      1.33061    -0.900000
      1.30891    -0.850000
      1.28776    -0.800000
      1.26500    -0.744020
      1.23844    -0.676940
      1.21187    -0.604613
      1.19350    -0.550000
      1.17772    -0.500000
      1.15875    -0.432193
      1.13913    -0.350000
      1.12920    -0.300000
      1.11413    -0.200000
      1.10563    -0.111142
      1.10470    -0.100000
      0.00000      0.00000
      0.00000      0.00000
      0.00000      0.00000
