      1.01600      0.00000
      1.01600     0.964000
      1.01600     0.968000
      1.01600      1.00100
      1.01600      1.01900
      1.01600      1.07700
      1.01600      1.07000
      1.01600      1.09600
      1.01600      1.11300
      1.01600      1.13800
      1.01600      1.14700
      1.01200      1.16500
      1.00100      1.21700
      1.02900      1.21700
      1.04200      1.16240
      1.04600      1.16238
      1.05600      1.16260
      1.09700      1.16450
      1.10800      1.16594
      1.11600      1.16591
      1.13400      1.16896
      1.14800      1.17175
      1.16200      1.17556
      1.18100      1.18300
      1.18200      1.18350
      1.18500      1.18500
      1.19000      1.18800
      1.19500      1.19100
      1.20100      1.19600
      1.20900      1.20200
      1.21500      1.20800
      1.22200      1.21400
      1.22800      1.22100
      1.23400      1.23100
      1.23900      1.23800
      1.24200      1.24400
      1.24800      1.25400
      1.25800      1.27800
      1.26300      1.29000
      1.28000      1.33100
      1.28000      1.34700
      1.28000      1.34800
      1.31000      1.34800
      1.32800      1.34800
      1.36100      1.34800
      1.38000      1.34800
      1.41900      1.34800
      1.41900      1.31000
      1.37200      1.31000
      1.37200      1.29200
      1.60800      1.09500
      1.64700      1.07700
      1.78500      1.07700
      2.07000      1.04000
      2.12800     0.993000
      2.24500     0.709000
      2.29900     0.578700
      2.27500     0.578700
      2.25400     0.450100
      2.36100     0.185600
      2.36497     0.133000
      2.36532    0.0440000
      2.36512   -0.0440000
      2.36484    -0.133000
      2.36433    -0.222000
      2.36250    -0.400000
      2.37700    -0.389000
      2.13400    -0.973000
      1.78600     -1.17400
      1.76800     -1.21100
      1.76800     -1.25000
      1.68200     -1.25000
      1.37200     -1.25000
      1.37200     -1.32900
      1.42000     -1.32900
      1.42000     -1.36300
      1.27300     -1.36300
      1.15300     -1.36300
      1.01600     -1.22300
      1.01600     -1.22300
      1.01600    -0.830000
      1.01600    -0.800000
      1.01600    -0.415000
      1.01600    -0.400000
      1.01600  -0.00100000
      1.01600      0.00000
