     0.404575     0.440014     0.478570     0.519379     0.559977     0.637928
     0.708017     0.617163     0.401510     0.236101     0.185361     0.238292
     0.230904     0.185008     0.168585     0.169393     0.184064     0.213255
     0.260965     0.337372     0.372570     0.316874     0.239415     0.186414
     0.145209     0.109120    0.0740343    0.0390499    0.0374438    0.0545466
    0.0730685     0.127406     0.187072     0.252025     0.322607     0.379858
     0.375681     0.335553     0.308087     0.288731     0.274745     0.264443
     0.256716     0.250801     0.246156     0.242385     0.239194     0.236355
     0.233681     0.231020     0.228247     0.225258     0.221970     0.218321
     0.214271     0.209804     0.204923     0.199648     0.194015     0.188067
     0.181858     0.175442     0.168875     0.162213     0.155446
     0.442523     0.492568     0.545170     0.602484     0.658537     0.644515
     0.493361     0.249312    0.0269897     0.107953    0.0964299     0.172959
     0.234813     0.258084     0.269677     0.276992     0.283280     0.290910
     0.301429     0.312883     0.301333     0.262203     0.216328     0.177068
     0.143251     0.112546    0.0836113    0.0598569    0.0636170    0.0886979
     0.115327     0.163885     0.218540     0.277694     0.344076     0.396882
     0.390189     0.351581     0.325284     0.306906     0.293700     0.284042
     0.276894     0.271547     0.267501     0.264378     0.261888     0.259794
     0.257897     0.256024     0.254024     0.251758     0.249104     0.245954
     0.242219     0.237834     0.232762     0.226993     0.220551     0.213494
     0.205905     0.197889     0.189566     0.181062     0.172433
     0.465295     0.536966     0.619104     0.716162     0.677861     0.488250
     0.329206     0.291952     0.325923     0.288475     0.255797     0.260923
     0.280978     0.295377     0.302707     0.304878     0.303323     0.298428
     0.289250     0.273210     0.247781     0.219945     0.195127     0.172925
     0.153593     0.137820     0.127211     0.125268     0.138569     0.176054
     0.216850     0.253150     0.286296     0.316767     0.343910     0.357953
     0.351009     0.335849     0.322195     0.311475     0.303310     0.297222
     0.292785     0.289643     0.287499     0.286096     0.285215     0.284652
     0.284214     0.283722     0.282995     0.281862     0.280151     0.277702
     0.274373     0.270053     0.264668     0.258193     0.250662     0.242164
     0.232838     0.222866     0.212450     0.201797     0.191061
     0.466230     0.539637     0.621766     0.703742     0.649518     0.511829
     0.471863     0.456084     0.400077     0.344466     0.307687     0.287392
     0.277173     0.271214     0.266064     0.260236     0.253177     0.244593
     0.234205     0.221888     0.208112     0.194092     0.181096     0.169958
     0.161341     0.156090     0.155458     0.161214     0.175363     0.198280
     0.224117     0.248610     0.270715     0.289452     0.303310     0.310654
     0.312692     0.312240     0.310461     0.308369     0.306600     0.305444
     0.304988     0.305212     0.306043     0.307373     0.309077     0.311006
     0.312994     0.314855     0.316381     0.317346     0.317502     0.316595
     0.314377     0.310633     0.305204     0.298022     0.289120     0.278641
     0.266832     0.254014     0.240553     0.226810     0.213148
     0.450615     0.517473     0.572245     0.612870     0.598926     0.551935
     0.495259     0.432520     0.380755     0.338959     0.306461     0.281976
     0.263566     0.249189     0.237201     0.226507     0.216478     0.206803
     0.197382     0.188295     0.179797     0.172263     0.166102     0.161692
     0.159406     0.159676     0.162993     0.169816     0.180317     0.194051
     0.209901     0.226527     0.242762     0.257660     0.270499     0.280902
     0.288965     0.295130     0.299948     0.303955     0.307597     0.311208
     0.315007     0.319120     0.323607     0.328470     0.333671     0.339119
     0.344681     0.350170     0.355343     0.359895     0.363452     0.365580
     0.365806     0.363670     0.358807     0.351019     0.340314     0.326925
     0.311294     0.294039     0.275864     0.257450     0.239598
     0.372276     0.475748     0.527848     0.528813     0.515458     0.473010
     0.427157     0.384131     0.345797     0.312597     0.284402     0.260722
     0.240842     0.223986     0.209463     0.196757     0.185548     0.175693
     0.167175     0.160064     0.154474     0.150521     0.148301     0.147885
     0.149343     0.152753     0.158198     0.165719     0.175245     0.186529
     0.199149     0.212566     0.226210     0.239555     0.252183     0.263828
     0.274395     0.283948     0.292664     0.300781     0.308556     0.316233
     0.324021     0.332085     0.340554     0.349513     0.359008     0.369030
     0.379506     0.390287     0.401113     0.411605     0.421218     0.429208
     0.434602     0.436294     0.433362     0.425331     0.412166     0.394199
     0.372178     0.347353     0.321294     0.295418     0.271430
     0.288096     0.390784     0.459006     0.456111     0.427871     0.397914
     0.366699     0.335818     0.306568     0.279659     0.255353     0.233630
     0.214308     0.197147     0.181926     0.168497     0.156810     0.146908
     0.138900     0.132920     0.129067     0.127368     0.127760     0.130112
     0.134263     0.140065     0.147389     0.156120     0.166128     0.177243
     0.189246     0.201873     0.214841     0.227873     0.240732     0.253247
     0.265327     0.276964     0.288225     0.299232     0.310150     0.321169
     0.332482     0.344285     0.356769     0.370116     0.384501     0.400066
     0.416912     0.435056     0.454376     0.474538     0.494919     0.514518
     0.531550     0.542243     0.543843     0.536220     0.519817     0.494804
     0.461252     0.421436     0.380741     0.342397     0.309408
     0.215245     0.312438     0.391844     0.393692     0.368983     0.343923
     0.318796     0.294064     0.270174     0.247465     0.226136     0.206272
     0.187884     0.170955     0.155492     0.141555     0.129294     0.118949
     0.110832     0.105265     0.102478     0.102502     0.105134     0.110008
     0.116716     0.124899     0.134281     0.144658     0.155874     0.167791
     0.180278     0.193193     0.206395     0.219743     0.233119     0.246435
     0.259646     0.272758     0.285822     0.298938     0.312247     0.325931
     0.340200     0.355295     0.371497     0.389121     0.408540     0.430178
     0.454524     0.482126     0.513524     0.549068     0.588466     0.630971
     0.677254     0.703644     0.707541     0.698153     0.678991     0.647801
     0.602562     0.527424     0.456931     0.398854     0.352895
     0.160105     0.251709     0.338719     0.345493     0.323662     0.301975
     0.280587     0.259620     0.239182     0.219370     0.200258     0.181899
     0.164334     0.147606     0.131794     0.117045     0.103621    0.0919504
    0.0826649    0.0765486    0.0742920    0.0760814    0.0813852    0.0892935
    0.0989765     0.109841     0.121515     0.133774     0.146483     0.159553
     0.172915     0.186508     0.200276     0.214164     0.228132     0.242157
     0.256242     0.270423     0.284769     0.299389     0.314430     0.330090
     0.346608     0.364280     0.383475     0.404651     0.428401     0.455491
     0.486961     0.524271     0.569580     0.626342     0.700878     0.798820
     0.842292     0.809335     0.759573     0.716975     0.681827     0.663019
     0.665686     0.646585     0.551925     0.464933     0.396193
     0.115691     0.207010     0.297643     0.307529     0.287561     0.268394
     0.249932     0.231933     0.214249     0.196808     0.179588     0.162590
     0.145827     0.129323     0.113122    0.0973139    0.0820903    0.0678580
    0.0554860    0.0467130    0.0440848    0.0487813    0.0585699    0.0707584
    0.0839992    0.0976956     0.111600     0.125610     0.139687     0.153819
     0.168006     0.182251     0.196557     0.210928     0.225374     0.239916
     0.254593     0.269466     0.284623     0.300184     0.316306     0.333196
     0.351111     0.370375     0.391403     0.414730     0.441065     0.471358
     0.506932     0.549695     0.602495     0.669756     0.758301     0.877071
     0.953972     0.856779     0.654668     0.481166     0.359539     0.342808
     0.469639     0.638862     0.643783     0.528905     0.430814
    0.0663427     0.170916     0.268358     0.275234     0.256588     0.240396
     0.225206     0.210325     0.195428     0.180382     0.165145     0.149715
     0.134098     0.118298     0.102304    0.0860955    0.0696327    0.0528689
    0.0357972    0.0189227    0.0110702    0.0263695    0.0437637    0.0603086
    0.0762939    0.0918632     0.107135     0.122174     0.137029     0.151748
     0.166379     0.180964     0.195540     0.210142     0.224806     0.239578
     0.254513     0.269683     0.285182     0.301128     0.317674     0.335018
     0.353401     0.373129     0.394593     0.418290     0.444874     0.475201
     0.510417     0.552080     0.602310     0.663981     0.740848     0.837657
     0.957043     0.942906     0.732278     0.491967     0.278775     0.158780
     0.281988     0.510158     0.634243     0.573314     0.449168
    0.0195288     0.146175     0.227787     0.237485     0.225900     0.215853
     0.205458     0.194395     0.182640     0.170252     0.157308     0.143885
     0.130056     0.115880     0.101410    0.0867024    0.0718470    0.0570508
    0.0429059    0.0313317    0.0222759    0.0321273    0.0501441    0.0653275
    0.0800264    0.0950185     0.110050     0.124902     0.139593     0.154155
     0.168634     0.183072     0.197506     0.211974     0.226514     0.241171
     0.255998     0.271063     0.286445     0.302249     0.318601     0.335666
     0.353640     0.372766     0.393348     0.415759     0.440474     0.468077
     0.499305     0.535088     0.576598     0.625345     0.683343     0.753624
     0.842023     0.931114     0.882848     0.754092     0.663639     0.600080
     0.568812     0.571212     0.606132     0.567976     0.441255
    0.0735953     0.136501     0.181092     0.197390     0.199711     0.197187
     0.191809     0.184552     0.175935     0.166285     0.155838     0.144788
     0.133308     0.121564     0.109740    0.0980705    0.0868916    0.0767386
    0.0684839    0.0571138    0.0457669    0.0463363    0.0589771    0.0763390
    0.0928555     0.106614     0.120878     0.134157     0.147688     0.161278
     0.174956     0.188716     0.202563     0.216506     0.230562     0.244756
     0.259121     0.273704     0.288558     0.303757     0.319389     0.335567
     0.352423     0.370115     0.388834     0.408797     0.430263     0.453524
     0.478898     0.506733     0.537373     0.571134     0.608197     0.648408
     0.690800     0.734138     0.773618     0.769083     0.742652     0.706530
     0.660647     0.607756     0.534726     0.441064     0.380146
    0.0858887     0.140216     0.176569     0.187236     0.189292     0.188782
     0.185992     0.181354     0.175266     0.168061     0.160022     0.151398
     0.142429     0.133357     0.124450     0.116019     0.108432     0.102100
    0.0912225    0.0766797    0.0666039    0.0635658    0.0687348    0.0805269
    0.0968588     0.113800     0.132362     0.148410     0.160809     0.172620
     0.185019     0.197679     0.210576     0.223667     0.236932     0.250364
     0.263968     0.277756     0.291750     0.305981     0.320493     0.335345
     0.350600     0.366332     0.382623     0.399554     0.417204     0.435634
     0.454870     0.474885     0.495553     0.516610     0.537577     0.557690
     0.575866     0.590451     0.597924     0.593351     0.575734     0.547138
     0.509497     0.463930     0.411779     0.357337     0.310631
    0.0944831     0.142865     0.176650     0.186952     0.188735     0.188852
     0.187340     0.184357     0.180130     0.174911     0.168951     0.162498
     0.155799     0.149111     0.142727     0.137010     0.132467     0.123333
     0.108699    0.0959278    0.0863971    0.0815846    0.0825247    0.0891403
     0.100366     0.114771     0.131681     0.150858     0.170153     0.186161
     0.198202     0.209438     0.221229     0.233260     0.245527     0.257987
     0.270615     0.283388     0.296286     0.309300     0.322430     0.335683
     0.349070     0.362593     0.376254     0.390033     0.403894     0.417760
     0.431503     0.444925     0.457737     0.469533     0.479762     0.487708
     0.492472     0.492942     0.487874     0.476220     0.457602     0.432438
     0.401712     0.366792     0.329450     0.291866     0.256998
     0.101642     0.149042     0.182177     0.192230     0.194369     0.195129
     0.194535     0.192712     0.189846     0.186150     0.181843     0.177139
     0.172243     0.167333     0.162556     0.157982     0.153533     0.142773
     0.128053     0.115730     0.106247     0.100345    0.0987298     0.101703
     0.108995     0.119931     0.133794     0.149962     0.167867     0.187504
     0.206884     0.222690     0.234353     0.245041     0.256229     0.267597
     0.279142     0.290792     0.302464     0.314113     0.325709     0.337227
     0.348640     0.359905     0.370972     0.381767     0.392189     0.402100
     0.411315     0.419595     0.426633     0.432056     0.435413     0.436187
     0.433822     0.427759     0.417524     0.402830     0.383687     0.360457
     0.333842     0.304827     0.274606     0.244467     0.215628
     0.110779     0.158051     0.192124     0.202784     0.205655     0.207018
     0.207033     0.205927     0.203937     0.201289     0.198194     0.194845
     0.191425     0.188091     0.184973     0.182119     0.173542     0.159540
     0.146654     0.135384     0.126246     0.119811     0.116635     0.117104
     0.121306     0.129004     0.139753     0.153035     0.168363     0.185348
     0.203617     0.223317     0.242517     0.257931     0.269066     0.279109
     0.289634     0.300260     0.310652     0.320846     0.330816     0.340537
     0.349964     0.359035     0.367673     0.375777     0.383227     0.389868
     0.395513     0.399938     0.402880     0.404043     0.403096     0.399695
     0.393506     0.384238     0.371690     0.355796     0.336664     0.314608
     0.290146     0.263985     0.236969     0.210024     0.183867
     0.128204     0.173715     0.208585     0.220898     0.224038     0.225226
     0.225024     0.223871     0.222088     0.219908     0.217517     0.215081
     0.212770     0.210789     0.209462     0.202869     0.190019     0.177556
     0.165927     0.155530     0.146772     0.140091     0.135928     0.134655
     0.136490     0.141446     0.149329     0.159809     0.172494     0.187002
     0.202993     0.220213     0.238391     0.257771     0.276473     0.291312
     0.302107     0.312728     0.321408     0.329983     0.338190     0.346059
     0.353525     0.360511     0.366928     0.372667     0.377608     0.381606
     0.384498     0.386098     0.386200     0.384584     0.381016     0.375264
     0.367115     0.356394     0.342987     0.326864     0.308101     0.286897
     0.263590     0.238655     0.212710     0.186493     0.160738
     0.160472     0.211825     0.242562     0.252257     0.252593     0.250881
     0.248593     0.246164     0.243740     0.241389     0.239161     0.237098
     0.235216     0.233450     0.231515     0.222971     0.209666     0.197578
     0.186562     0.176704     0.168213     0.161381     0.156533     0.153988
     0.153997     0.156693     0.162058     0.169932     0.180053     0.192103
     0.205757     0.220710     0.236689     0.253471     0.270773     0.288729
     0.305105     0.321786     0.334351     0.341988     0.348046     0.354060
     0.359610     0.364646     0.369055     0.372732     0.375568     0.377443
     0.378228     0.377784     0.375960     0.372602     0.367549     0.360641
     0.351734     0.340700     0.327441     0.311897     0.294049     0.273938
     0.251672     0.227460     0.201643     0.174762     0.147931
     0.151572     0.230402     0.305091     0.304786     0.290167     0.281528
     0.275580     0.271122     0.267608     0.264771     0.262478     0.260699
     0.259493     0.259062     0.253350     0.241324     0.229613     0.218543
     0.208270     0.198928     0.190684     0.183755     0.178391     0.174859
     0.173407     0.174221     0.177392     0.182895     0.190593     0.200263
     0.211627     0.224389     0.238252     0.252941     0.268201     0.283820
     0.299543     0.315645     0.332534     0.348375     0.359275     0.364729
     0.368310     0.371602     0.374203     0.376076     0.377123     0.377264
     0.376414     0.374486     0.371383     0.367007     0.361259     0.354038
     0.345250     0.334803     0.322613     0.308589     0.292631     0.274623
     0.254414     0.231831     0.206726     0.179177     0.151321
     0.115118     0.208344     0.319122     0.332821     0.318912     0.308771
     0.301406     0.295945     0.291813     0.288647     0.286215     0.284369
     0.283010     0.282067     0.275160     0.262836     0.251470     0.240935
     0.231187     0.222248     0.214202     0.207188     0.201394     0.197037
     0.194348     0.193537     0.194761     0.198094     0.203512     0.210895
     0.220042     0.230697     0.242580     0.255407     0.268916     0.282882
     0.297137     0.311619     0.326298     0.341083     0.356326     0.370284
     0.378899     0.381698     0.382448     0.382729     0.382176     0.380809
     0.378618     0.375565     0.371601     0.366682     0.360765     0.353809
     0.345781     0.336650     0.326384     0.314939     0.302243     0.288167
     0.272471     0.254705     0.234015     0.208916     0.183630
    0.0903924     0.203791     0.331535     0.348194     0.338343     0.330348
     0.323986     0.319008     0.315158     0.312211     0.309976     0.308275
     0.306872     0.305337     0.297535     0.285283     0.274329     0.264316
     0.255061     0.246495     0.238626     0.231532     0.225345     0.220243
     0.216435     0.214142     0.213564     0.214852     0.218081     0.223235
     0.230206     0.238804     0.248784     0.259872     0.271791     0.284283
     0.297131     0.310162     0.323252     0.336311     0.349307     0.362177
     0.375299     0.387050     0.393088     0.392929     0.390598     0.387692
     0.384267     0.380267     0.375660     0.370440     0.364620     0.358225
     0.351299     0.343901     0.336113     0.328034     0.319787     0.311529
     0.303452     0.295778     0.288462     0.276342     0.263107
    0.0691297     0.199828     0.335119     0.360335     0.354088     0.348640
     0.344070     0.340351     0.337424     0.335233     0.333742     0.332983
     0.333114     0.328197     0.317389     0.307023     0.297277     0.288131
     0.279514     0.271374     0.263698     0.256528     0.249956     0.244128
     0.239236     0.235504     0.233164     0.232432     0.233475     0.236382
     0.241147     0.247667     0.255754     0.265158     0.275593     0.286767
     0.298407     0.310273     0.322167     0.333938     0.345491     0.356780
     0.367819     0.378595     0.389479     0.398927     0.401905     0.397110
     0.392588     0.387745     0.382547     0.377041     0.371305     0.365433
     0.359548     0.353804     0.348411     0.343640     0.339866     0.337625
     0.337723     0.341501     0.351440     0.358757     0.360685
    0.0632854     0.204690     0.342550     0.371781     0.368516     0.365521
     0.362875     0.360607     0.358766     0.357386     0.356479     0.356041
     0.356066     0.350395     0.339588     0.329823     0.320825     0.312390
     0.304358     0.296619     0.289115     0.281843     0.274856     0.268270
     0.262255     0.257037     0.252876     0.250045     0.248796     0.249330
     0.251760     0.256091     0.262215     0.269926     0.278943     0.288947
     0.299611     0.310626     0.321725     0.332691     0.343372     0.353685
     0.363620     0.373244     0.382744     0.392392     0.403075     0.406404
     0.402856     0.397320     0.391377     0.385333     0.379368     0.373635
     0.368303     0.363586     0.359765     0.357214     0.356437     0.358131
     0.363251     0.373086     0.389226     0.405464     0.417597
    0.0584494     0.214743     0.357896     0.382952     0.382888     0.382533
     0.381709     0.380717     0.379823     0.379186     0.378846     0.378710
     0.378429     0.372220     0.361775     0.352671     0.344413     0.336672
     0.329206     0.321845     0.314480     0.307059     0.299598     0.292175
     0.284942     0.278117     0.271984     0.266867     0.263107     0.261023
     0.260866     0.262778     0.266766     0.272697     0.280314     0.289278
     0.299203     0.309706     0.320431     0.331079     0.341421     0.351310
     0.360680     0.369547     0.378008     0.386219     0.394370     0.402474
     0.409406     0.409556     0.401662     0.394364     0.387581     0.381350
     0.375794     0.371103     0.367544     0.365476     0.365382     0.367923
     0.374023     0.384998     0.402719     0.422805     0.441180
    0.0734733     0.217413     0.348733     0.394091     0.401403     0.402558
     0.402198     0.401538     0.401064     0.401034     0.401641     0.403144
     0.399691     0.390687     0.382300     0.374578     0.367360     0.360429
     0.353563     0.346572     0.339309     0.331684     0.323667     0.315301
     0.306708     0.298099     0.289768     0.282089     0.275488     0.270413
     0.267278     0.266402     0.267953     0.271914     0.278085     0.286113
     0.295549     0.305909     0.316725     0.327584     0.338155     0.348200
     0.357578     0.366241     0.374231     0.381664     0.388723     0.395648
     0.402795     0.411008     0.411090     0.402700     0.394844     0.387585
     0.381027     0.375319     0.370658     0.367293     0.365543     0.365831
     0.368736     0.375136     0.386636     0.403924     0.426588
     0.116527     0.247063     0.412207     0.439934     0.431495     0.427043
     0.424278     0.422540     0.421635     0.421503     0.422127     0.423518
     0.419496     0.410548     0.402827     0.395934     0.389528     0.383300
     0.376971     0.370297     0.363080     0.355177     0.346512     0.337079
     0.326968     0.316364     0.305567     0.294984     0.285122     0.276565
     0.269915     0.265719     0.264373     0.266046     0.270642     0.277813
     0.287031     0.297676     0.309125     0.320807     0.332250     0.343102
     0.353130     0.362218     0.370362     0.377656     0.384289     0.390538
     0.396770     0.403454     0.411070     0.410374     0.401077     0.392272
     0.384035     0.376461     0.369657     0.363725     0.358761     0.354845
     0.351998     0.350110     0.348725     0.346990     0.348819
     0.104857     0.246957     0.438521     0.464979     0.455134     0.448589
     0.444320     0.441710     0.440368     0.440045     0.440569     0.441832
     0.437847     0.429298     0.422184     0.416004     0.410311     0.404716
     0.398865     0.392453     0.385223     0.376975     0.367575     0.356965
     0.345185     0.332387     0.318853     0.305007     0.291420     0.278804
     0.267968     0.259742     0.254846     0.253744     0.256531     0.262899
     0.272220     0.283678     0.296416     0.309644     0.322702     0.335086
     0.346454     0.356611     0.365502     0.373188     0.379840     0.385712
     0.391133     0.396493     0.402219     0.408781     0.406831     0.396054
     0.385633     0.375655     0.366173     0.357180     0.348617     0.340363
     0.332211     0.323839     0.314786     0.304443     0.293746
    0.0822938     0.241384     0.438844     0.477436     0.469741     0.463871
     0.459834     0.457383     0.456259     0.456205     0.456911     0.457885
     0.453623     0.445627     0.439285     0.433912     0.428971     0.424008
     0.418617     0.412438     0.405159     0.396522     0.386333     0.374475
     0.360929     0.345796     0.329318     0.311906     0.294160     0.276890
     0.261107     0.247967     0.238631     0.234036     0.234635     0.240241
     0.250085     0.263041     0.277897     0.293540     0.309056     0.323760
     0.337183     0.349050     0.359257     0.367837     0.374942     0.380813
     0.385758     0.390136     0.394334     0.398766     0.403858     0.400054
     0.386992     0.374289     0.362016     0.350083     0.338337     0.326589
     0.314613     0.302152     0.288923     0.274643     0.259993
    0.0798675     0.247484     0.446904     0.484966     0.478325     0.473516
     0.470447     0.468942     0.468848     0.470097     0.472758     0.470824
     0.463941     0.458125     0.453248     0.448974     0.444896     0.440596
     0.435661     0.429700     0.422358     0.413323     0.402344     0.389239
     0.373923     0.356430     0.336941     0.315814     0.293624     0.271215
     0.249736     0.230664     0.215715     0.206569     0.204377     0.209262
     0.220247     0.235667     0.253715     0.272804     0.291699     0.309515
     0.325670     0.339826     0.351852     0.361775     0.369751     0.376030
     0.380926     0.384800     0.388025     0.390956     0.393863     0.396814
     0.389179     0.373283     0.358415     0.344055     0.329880     0.315654
     0.301182     0.286294     0.270849     0.254748     0.238489
    0.0830333     0.256483     0.453903     0.487127     0.480941     0.477461
     0.475883     0.475764     0.476870     0.479089     0.482369     0.480403
     0.473754     0.468689     0.464668     0.461205     0.457835     0.454104
     0.449565     0.443791     0.436383     0.426980     0.415273     0.401019
     0.384062     0.364361     0.342013     0.317288     0.290674     0.262946
     0.235253     0.209254     0.187219     0.171918     0.165901     0.170143
     0.183320     0.202657     0.225296     0.248981     0.272136     0.293722
     0.313105     0.329943     0.344120     0.355689     0.364842     0.371867
     0.377127     0.381040     0.384069     0.386710     0.389506     0.393062
     0.387079     0.371196     0.355490     0.339863     0.324217     0.308449
     0.292458     0.276164     0.259512     0.242491     0.225474
    0.0777870     0.258982     0.440338     0.477715     0.475126     0.475269
     0.476477     0.478377     0.480951     0.484245     0.488296     0.486952
     0.480930     0.476511     0.473139     0.470293     0.467472     0.464191
     0.459971     0.454352     0.446896     0.437199     0.424903     0.409707
     0.391395     0.369848     0.345075     0.317240     0.286690     0.254029
     0.220210     0.186742     0.156065     0.132115     0.120222     0.124032
     0.141493     0.167044     0.195939     0.225217     0.253155     0.278755
     0.301459     0.321004     0.337344     0.350592     0.360994     0.368887
     0.374682     0.378853     0.381925     0.384492     0.387257     0.391141
     0.386598     0.371376     0.355249     0.338806     0.322218     0.305500
     0.288610     0.271512     0.254187     0.236653     0.219215
    0.0330393     0.239461     0.391938     0.450085     0.464253     0.470501
     0.474742     0.478472     0.482292     0.486495     0.491244     0.490521
     0.485089     0.481205     0.478331     0.475941     0.473525     0.470579
     0.466605     0.461120     0.453658     0.443787     0.431113     0.415294
     0.396065     0.373250     0.346786     0.316737     0.283313     0.246908
     0.208147     0.168012     0.128202    0.0923376    0.0695375    0.0736376
     0.100322     0.135210     0.171432     0.206312     0.238602     0.267646
     0.293106     0.314860     0.332960     0.347587     0.359038     0.367689
     0.373973     0.378365     0.381356     0.383432     0.385022     0.386402
     0.387474     0.378100     0.359551     0.341782     0.324366     0.307057
     0.289702     0.272213     0.254552     0.236729     0.219028
    0.0304446     0.250862     0.423276     0.462766     0.465922     0.469841
     0.473748     0.477697     0.481887     0.486485     0.491612     0.491267
     0.486205     0.482660     0.480097     0.477991     0.475828     0.473099
     0.469300     0.463938     0.456536     0.446647     0.433862     0.417820
     0.398233     0.374898     0.347714     0.316694     0.281978     0.243836
     0.202671     0.159022     0.113558    0.0671617    0.0222850    0.0304726
    0.0747549     0.118273     0.159455     0.197615     0.232286     0.263159
     0.290076     0.313012     0.332081     0.347507     0.359613     0.368797
     0.375506     0.380224     0.383443     0.385654     0.387333     0.388950
     0.391090     0.383079     0.364946     0.347360     0.330092     0.312929
     0.295701     0.278294     0.260645     0.242746     0.224928
    0.0328855     0.249816     0.426273     0.466865     0.467752     0.469656
     0.472382     0.475756     0.479724     0.484295     0.489495     0.489259
     0.484314     0.480883     0.478426     0.476418     0.474350     0.471717
     0.468019     0.462771     0.455499     0.445762     0.433157     0.417329
     0.397996     0.374963     0.348143     0.317567     0.283401     0.245965
     0.205758     0.163519     0.120420    0.0789539    0.0479488    0.0526769
    0.0863019     0.125853     0.165086     0.202122     0.236092     0.266520
     0.293169     0.315971     0.335015     0.350514     0.362785     0.372225
     0.379282     0.384450     0.388231     0.391122     0.393570     0.395888
     0.398050     0.389676     0.372232     0.355628     0.339380     0.323180
     0.306804     0.290090     0.272931     0.255277     0.237588
    0.0461531     0.254997     0.432793     0.465599     0.465527     0.466632
     0.468673     0.471560     0.475228     0.479641     0.484781     0.484497
     0.479480     0.475971     0.473427     0.471332     0.469194     0.466527
     0.462850     0.457696     0.450616     0.441190     0.429040     0.413841
     0.395346     0.373403     0.347977     0.319177     0.287280     0.252787
     0.216506     0.179741     0.144721     0.115569    0.0993896     0.102845
     0.123472     0.153056     0.185636     0.218077     0.248734     0.276709
     0.301525     0.322978     0.341069     0.355955     0.367919     0.377336
     0.384653     0.390374     0.395044     0.399265     0.403731     0.409362
     0.406736     0.393617     0.379879     0.366008     0.352055     0.337907
     0.323376     0.308262     0.292381     0.275587     0.258567
    0.0410991     0.245543     0.421238     0.460116     0.459591     0.460189
     0.461863     0.464480     0.467952     0.472243     0.477349     0.477042
     0.471903     0.468179     0.465359     0.462982     0.460595     0.457750
     0.453998     0.448903     0.442050     0.433056     0.421586     0.407360
     0.390186     0.369974     0.346770     0.320781     0.292421     0.262382
     0.231733     0.202094     0.175878     0.156439     0.147477     0.151018
     0.165664     0.187726     0.213532     0.240401     0.266586     0.291005
     0.313023     0.332317     0.348805     0.362581     0.373879     0.383044
     0.390496     0.396720     0.402235     0.407557     0.413114     0.418999
     0.414743     0.402142     0.390466     0.379279     0.368297     0.357258
     0.345859     0.333759     0.320582     0.305950     0.290881
    0.0430093     0.240833     0.413469     0.450510     0.449383     0.449972
     0.451739     0.454357     0.457720     0.461866     0.466978     0.467191
     0.462202     0.458053     0.454667     0.451740     0.448888     0.445701
     0.441761     0.436669     0.430047     0.421559     0.410919     0.397902
     0.382380     0.364333     0.343885     0.321336     0.297200     0.272274
     0.247705     0.225055     0.206318     0.193701     0.189039     0.192955
     0.204491     0.221611     0.242051     0.263870     0.285607     0.306251
     0.325159     0.341975     0.356571     0.368999     0.379459     0.388264
     0.395818     0.402611     0.409225     0.416381     0.425072     0.426358
     0.417646     0.409026     0.400966     0.393563     0.386744     0.380329
     0.374012     0.367333     0.359661     0.350206     0.340527
    0.0522696     0.241259     0.403354     0.432083     0.433510     0.436187
     0.438913     0.441731     0.444766     0.448065     0.451545     0.454877
     0.452656     0.446498     0.441813     0.437955     0.434408     0.430725
     0.426495     0.421343     0.414932     0.406974     0.397233     0.385545
     0.371842     0.356167     0.338708     0.319822     0.300068     0.280244
     0.261407     0.244862     0.232055     0.224338     0.222605     0.226972
     0.236721     0.250567     0.267039     0.284773     0.302656     0.319861
     0.335834     0.350251     0.362987     0.374082     0.383713     0.392161
     0.399788     0.407018     0.414298     0.422054     0.430561     0.429552
     0.421285     0.414859     0.409998     0.406640     0.404795     0.404489
     0.405682     0.408147     0.411166     0.413501     0.421651
    0.0116527     0.216518     0.363042     0.409484     0.418481     0.422902
     0.425853     0.428390     0.430952     0.433744     0.436856     0.440344
     0.438339     0.431608     0.426179     0.421578     0.417372     0.413167
     0.408599     0.403343     0.397110     0.389662     0.380820     0.370473
     0.358607     0.345315     0.330824     0.315510     0.299919     0.284776
     0.270967     0.259484     0.251308     0.247229     0.247656     0.252497
     0.261189     0.272847     0.286467     0.301087     0.315893     0.330255
     0.343742     0.356098     0.367239     0.377218     0.386213     0.394505
     0.402451     0.410486     0.419106     0.428874     0.430622     0.424174
     0.419079     0.415620     0.414038     0.414616     0.417737     0.423938
     0.433993     0.449134     0.471725     0.502641     0.541421
    0.0497004     0.216159     0.378755     0.414268     0.412994     0.413099
     0.413792     0.414887     0.416409     0.418429     0.421016     0.424232
     0.421927     0.414630     0.408520     0.403197     0.398314     0.393547
     0.388593     0.383180     0.377071     0.370080     0.362078     0.353002
     0.342879     0.331836     0.320114     0.308080     0.296225     0.285162
     0.275585     0.268203     0.263648     0.262352     0.264462     0.269799
     0.277905     0.288135     0.299778     0.312150     0.324662     0.336856
     0.348423     0.359189     0.369120     0.378304     0.386937     0.395313
     0.403802     0.412860     0.423020     0.425296     0.419554     0.414914
     0.411657     0.410100     0.410634     0.413755     0.420127     0.430674
     0.446706     0.470133     0.503718     0.540291     0.573829
    0.0653912     0.211067     0.377299     0.408303     0.404533     0.402137
     0.400738     0.400185     0.400412     0.401416     0.403268     0.406164
     0.404185     0.396614     0.389740     0.383562     0.377887     0.372467
     0.367052     0.361415     0.355364     0.348754     0.341499     0.333573
     0.325034     0.316022     0.306777     0.297633     0.289010     0.281397
     0.275307     0.271223     0.269525     0.270421     0.273911     0.279782
     0.287652     0.297033     0.307405     0.318274     0.329218     0.339916
     0.350156     0.359842     0.368993     0.377733     0.386292     0.394985
     0.404198     0.414390     0.416629     0.410749     0.405713     0.401697
     0.398945     0.397771     0.398588     0.401944     0.408582     0.419531
     0.436208     0.460522     0.494803     0.528978     0.556962
    0.0671641     0.198341     0.362147     0.397344     0.392347     0.388288
     0.385310     0.383323     0.382234     0.381955     0.382383     0.383351
     0.384478     0.379749     0.370848     0.363314     0.356631     0.350453
     0.344512     0.338598     0.332547     0.326246     0.319638     0.312728
     0.305587     0.298364     0.291280     0.284625     0.278740     0.274000
     0.270766     0.269346     0.269943     0.272625     0.277310     0.283776
     0.291701     0.300704     0.310395     0.320411     0.330448     0.340283
     0.349779     0.358895     0.367692     0.376331     0.385082     0.394323
     0.404457     0.406549     0.400343     0.394647     0.389553     0.385193
     0.381749     0.379468     0.378681     0.379836     0.383544     0.390684
     0.402576     0.421387     0.451088     0.478344     0.499380
    0.0809979     0.192673     0.353919     0.384330     0.377161     0.371553
     0.367297     0.364194     0.362087     0.360876     0.360510     0.361002
     0.362496     0.359197     0.350299     0.342120     0.334686     0.327848
     0.321419     0.315233     0.309160     0.303120     0.297080     0.291064
     0.285153     0.279491     0.274274     0.269745     0.266172     0.263826
     0.262946     0.263709     0.266200     0.270399     0.276180     0.283328
     0.291568     0.300599     0.310120     0.319863     0.329604     0.339184
     0.348514     0.357578     0.366442     0.375275     0.384332     0.394347
     0.396366     0.389991     0.383858     0.377953     0.372294     0.366933
     0.361960     0.357506     0.353756     0.350943     0.349372     0.349440
     0.351652     0.356619     0.364543     0.368883     0.375197
     0.100072     0.191583     0.343152     0.367393     0.358135     0.351589
     0.346672     0.342893     0.340039     0.338017     0.336772     0.336242
     0.336294     0.336588     0.330929     0.321119     0.312674     0.305139
     0.298242     0.291810     0.285728     0.279934     0.274414     0.269204
     0.264390     0.260104     0.256516     0.253819     0.252216     0.251891
     0.252987     0.255587     0.259698     0.265245     0.272084     0.280018
     0.288816     0.298236     0.308049     0.318053     0.328084     0.338029
     0.347821     0.357451     0.366888     0.376427     0.384755     0.386483
     0.380231     0.374200     0.368157     0.361983     0.355611     0.349012
     0.342187     0.335156     0.327961     0.320649     0.313258     0.305793
     0.298163     0.290091     0.280974     0.269921     0.262236
    0.0984347     0.183403     0.312538     0.338722     0.333229     0.328598
     0.324173     0.320148     0.316707     0.313977     0.312037     0.310958
     0.310838     0.311873     0.308277     0.299019     0.290416     0.282540
     0.275349     0.268770     0.262737     0.257216     0.252212     0.247767
     0.243966     0.240929     0.238795     0.237715     0.237831     0.239255
     0.242059     0.246257     0.251805     0.258602     0.266504     0.275338
     0.284916     0.295053     0.305579     0.316346     0.327241     0.338204
     0.349149     0.360388     0.370451     0.374834     0.373026     0.369254
     0.364867     0.359929     0.354408     0.348240     0.341355     0.333685
     0.325173     0.315773     0.305452     0.294180     0.281922     0.268632
     0.254240     0.238673     0.221912     0.204142     0.188199
    0.0854748     0.164424     0.285341     0.313677     0.311416     0.307279
     0.302274     0.297297     0.292805     0.289039     0.286125     0.284123
     0.283049     0.282869     0.283461     0.278850     0.269277     0.260769
     0.253240     0.246565     0.240655     0.235472     0.231021     0.227347
     0.224529     0.222670     0.221884     0.222278     0.223943     0.226933
     0.231263     0.236899     0.243769     0.251763     0.260750     0.270591
     0.281150     0.292298     0.303917     0.315923     0.328184     0.341007
     0.352711     0.359233     0.360090     0.359131     0.357784     0.355660
     0.352727     0.348925     0.344165     0.338340     0.331334     0.323032
     0.313334     0.302155     0.289445     0.275181     0.259381     0.242109
     0.223487     0.203719     0.183126     0.162169     0.142538
    0.0983424     0.155930     0.283202     0.308613     0.298987     0.290235
     0.282200     0.274970     0.268688     0.263465     0.259354     0.256367
     0.254471     0.253585     0.253551     0.254061     0.248688     0.239619
     0.232019     0.225484     0.219879     0.215168     0.211364     0.208515
     0.206697     0.205999     0.206508     0.208295     0.211406     0.215847
     0.221586     0.228557     0.236673     0.245835     0.255931     0.266852
     0.278550     0.290980     0.304004     0.317928     0.330894     0.339186
     0.342293     0.343767     0.345143     0.346005     0.346277     0.345813
     0.344470     0.342096     0.338523     0.333573     0.327060     0.318802
     0.308645     0.296468     0.282217     0.265906     0.247636     0.227609
     0.206127     0.183596     0.160517     0.137467     0.115388
     0.116514     0.159292     0.278522     0.300575     0.286774     0.273932
     0.262444     0.252434     0.243966     0.237050     0.231657     0.227738
     0.225244     0.224152     0.224521     0.226594     0.224886     0.218557
     0.211966     0.205969     0.200893     0.196821     0.193779     0.191831
     0.191057     0.191532     0.193318     0.196457     0.200959     0.206794
     0.213884     0.222114     0.231414     0.241738     0.252990     0.264922
     0.277792     0.292008     0.305545     0.314960     0.319679     0.322995
     0.326543     0.329909     0.333035     0.335786     0.338022     0.339582
     0.340277     0.339897     0.338203     0.334931     0.329801     0.322535
     0.312882     0.300651     0.285745     0.268195     0.248179     0.226034
     0.202241     0.177399     0.152186     0.127296     0.103173
     0.149294     0.177551     0.283541     0.294257     0.274727     0.257212
     0.241859     0.228805     0.218020     0.209382     0.202730     0.197893
     0.194709     0.193029     0.192711     0.193600     0.195450     0.197300
     0.195120     0.188791     0.184238     0.181012     0.178816     0.177826
     0.178144     0.179817     0.182870     0.187320     0.193182     0.200433
     0.208939     0.218315     0.228628     0.240154     0.253219     0.265249
     0.277961     0.287552     0.293085     0.297493     0.302462     0.307568
     0.312777     0.317988     0.323107     0.328020     0.332596     0.336671
     0.340041     0.342459     0.343624     0.343185     0.340739     0.335853
     0.328097     0.317098     0.302617     0.284616     0.263309     0.239174
     0.212916     0.185408     0.157625     0.130532     0.104530
     0.185359     0.208143     0.287357     0.290254     0.263118     0.239419
     0.219559     0.203339     0.190379     0.180271     0.172643     0.167170
     0.163577     0.161631     0.161137     0.161941     0.163931     0.167053
     0.171635     0.172131     0.169998     0.168790     0.167002     0.166913
     0.168415     0.171347     0.175617     0.181235     0.188323     0.197127
     0.208001     0.217988     0.228176     0.239600     0.249061     0.255713
     0.262525     0.267910     0.273881     0.280099     0.286605     0.293360
     0.300331     0.307477     0.314744     0.322066     0.329354     0.336481
     0.343274     0.349496     0.354829     0.358857     0.361048     0.360754
     0.357231     0.349682     0.337395     0.320009     0.297707     0.271173
     0.241417     0.209700     0.177525     0.146542     0.118001
     0.244799     0.267498     0.310363     0.289316     0.249315     0.218089
     0.193921     0.175212     0.160803     0.149866     0.141794     0.136128
     0.132506     0.130633     0.130266     0.131202     0.133281     0.136385
     0.140455     0.145452     0.149700     0.154237     0.156861     0.158812
     0.162282     0.166778     0.172139     0.178368     0.185631     0.194404
     0.202588     0.209172     0.216241     0.223166     0.228718     0.235122
     0.241964     0.248974     0.256267     0.263865     0.271794     0.280075
     0.288727     0.297764     0.307204     0.317052     0.327309     0.337946
     0.348896     0.360032     0.371131     0.381838     0.391596     0.399611
     0.404821     0.405693     0.399596     0.384499     0.361117     0.331154
     0.296011     0.256787     0.215230     0.175307     0.142079
     0.330998     0.367448     0.334392     0.271139     0.222282     0.188350
     0.163269     0.144284     0.129847     0.118998     0.111095     0.105677
     0.102382     0.100904     0.100973     0.102348     0.104820     0.108213
     0.112379     0.117173     0.122395     0.128244     0.135260     0.141209
     0.146934     0.152760     0.158803     0.165067     0.171428     0.177511
     0.182324     0.188286     0.194886     0.201804     0.208850     0.216188
     0.223838     0.231794     0.240083     0.248741     0.257814     0.267360
     0.277447     0.288156     0.299583     0.311839     0.325056     0.339375
     0.354942     0.371900     0.390359     0.410359     0.431769     0.454073
     0.475952     0.496943     0.502951     0.484480     0.454814     0.420411
     0.379512     0.333476     0.273980     0.214437     0.175854
     0.378890     0.344968     0.279129     0.219950     0.180951     0.152167
     0.130109     0.112963    0.0996442    0.0894791    0.0820419    0.0770393
    0.0742247    0.0733429    0.0741127    0.0762418    0.0794532    0.0835069
    0.0882080    0.0934042    0.0989824     0.104893     0.111079     0.117267
     0.123461     0.129715     0.136071     0.142537     0.149086     0.155659
     0.162230     0.169063     0.176203     0.183627     0.191318     0.199291
     0.207568     0.216173     0.225142     0.234527     0.244395     0.254837
     0.265965     0.277921     0.290886     0.305086     0.320810     0.338417
     0.358359     0.381206     0.407676     0.438695     0.475531     0.520258
     0.577537     0.602300     0.540870     0.459858     0.401015     0.354363
     0.326887     0.323730     0.326668     0.281016     0.199128
     0.333391     0.224445     0.195110     0.169229     0.141139     0.118447
     0.100160    0.0853197    0.0732742    0.0636712    0.0563952    0.0514742
    0.0489411    0.0486845    0.0503898    0.0536153    0.0579208    0.0629488
    0.0684435    0.0742355    0.0802198    0.0863357    0.0925418    0.0987964
     0.105098     0.111470     0.117941     0.124538     0.131276     0.138168
     0.145237     0.152531     0.160078     0.167888     0.175966     0.184323
     0.192974     0.201949     0.211287     0.221049     0.231315     0.242198
     0.253842     0.266431     0.280210     0.295495     0.312709     0.332411
     0.355356     0.382580     0.415485     0.455954     0.506407     0.569858
     0.627040     0.571059     0.421558     0.282542     0.158414    0.0980245
     0.185623     0.314139     0.347144     0.285462     0.219587
     0.307502     0.149881     0.133663     0.125522     0.106656    0.0902987
    0.0762014    0.0639372    0.0531597    0.0437468    0.0358717    0.0300554
    0.0270704    0.0273750    0.0304887    0.0353771    0.0411781    0.0473791
    0.0537122    0.0600481    0.0663337    0.0725586    0.0787362    0.0848937
    0.0910712    0.0973165     0.103679     0.110205     0.116932     0.123887
     0.131094     0.138566     0.146310     0.154322     0.162598     0.171135
     0.179937     0.189026     0.198436     0.208226     0.218477     0.229307
     0.240867     0.253354     0.267030     0.282237     0.299441     0.319277
     0.342642     0.370853     0.405905     0.450907     0.510492     0.587734
     0.592109     0.491815     0.372315     0.268207     0.198301     0.204203
     0.300965     0.371502     0.333843     0.270817     0.218831
     0.289033     0.109017    0.0876763    0.0924295    0.0793857    0.0684835
    0.0588506    0.0497360    0.0407369    0.0317547    0.0229237    0.0146969
   0.00881131    0.0100033    0.0163383    0.0236404    0.0309201    0.0379515
    0.0446817    0.0511177    0.0572955    0.0632677    0.0690982    0.0748589
    0.0806264    0.0864792    0.0924926    0.0987336     0.105255     0.112093
     0.119263     0.126765     0.134581     0.142681     0.151034     0.159612
     0.168397     0.177390     0.186612     0.196111     0.205958     0.216260
     0.227153     0.238813     0.251467     0.265403     0.281002     0.298771
     0.319405     0.343907     0.373800     0.411630     0.462570     0.514087
     0.518974     0.482264     0.446414     0.416881     0.393253     0.382644
     0.383082     0.352196     0.293087     0.245919     0.208364
     0.288434    0.0848680    0.0518870    0.0645014    0.0563974    0.0517893
    0.0476808    0.0426258    0.0363428    0.0290953    0.0213572    0.0138161
   0.00827323   0.00935801    0.0153275    0.0221636    0.0289090    0.0353452
    0.0414251    0.0471629    0.0526042    0.0578143    0.0628733    0.0678727
    0.0729125    0.0780967    0.0835270    0.0892941    0.0954680     0.102090
     0.109168     0.116676     0.124559     0.132746     0.141158     0.149725
     0.158394     0.167139     0.175963     0.184899     0.194008     0.203381
     0.213129     0.223389     0.234323     0.246120     0.259006     0.273239
     0.289116     0.306957     0.327043     0.349448     0.373733     0.399216
     0.421426     0.427910     0.423925     0.412996     0.397246     0.373791
     0.339520     0.291005     0.251007     0.218053     0.191742
     0.288773    0.0990569    0.0271622    0.0323578    0.0335692    0.0404339
    0.0435622    0.0427529    0.0392507    0.0343175    0.0291085    0.0247646
    0.0224045    0.0226724    0.0252131    0.0291019    0.0335676    0.0381648
    0.0426752    0.0470103    0.0511561    0.0551449    0.0590420    0.0629391
    0.0669497    0.0712037    0.0758380    0.0809811    0.0867333    0.0931477
     0.100217     0.107870     0.115986     0.124415     0.133001     0.141607
     0.150133     0.158524     0.166771     0.174907     0.182996     0.191125
     0.199391     0.207898     0.216751     0.226049     0.235887     0.246337
     0.257431     0.269142     0.281328     0.293700     0.305773     0.316848
     0.325589     0.329306     0.327188     0.319549     0.306660     0.288491
     0.265159     0.239512     0.214774     0.192195     0.172912
     0.247717     0.150746    0.0688263    0.0306171    0.0445891    0.0525782
    0.0547925    0.0535124    0.0501895    0.0460183    0.0419790    0.0388082
    0.0369482    0.0365097    0.0373120    0.0390171    0.0412764    0.0438123
    0.0464372    0.0490423    0.0515802    0.0540526    0.0565030    0.0590157
    0.0617166    0.0647735    0.0683871    0.0727679    0.0780925    0.0844524
    0.0918136     0.100013     0.108793     0.117850     0.126897     0.135693
     0.144083     0.151998     0.159453     0.166520     0.173304     0.179922
     0.186480     0.193071     0.199766     0.206613     0.213633     0.220811
     0.228088     0.235350     0.242413     0.249013     0.254785     0.259244
     0.261769     0.261707     0.258606     0.252309     0.242903     0.230697
     0.216294     0.200614     0.184657     0.169201     0.155025
     0.198507     0.178094     0.151468     0.131214     0.100304    0.0920120
    0.0885953    0.0793906    0.0719361    0.0655726    0.0603155    0.0562069
    0.0532119    0.0512429    0.0501632    0.0497963    0.0499511    0.0504505
    0.0511489    0.0519389    0.0527529    0.0535619    0.0543779    0.0552618
    0.0563405    0.0578296    0.0600501    0.0634116    0.0683217    0.0750171
    0.0834043    0.0930630     0.103405     0.113832     0.123827     0.133007
     0.141167     0.148297     0.154533     0.160089     0.165184     0.170002
     0.174679     0.179307     0.183937     0.188586     0.193240     0.197852
     0.202341     0.206594     0.210458     0.213743     0.216218     0.217618
     0.217664     0.216103     0.212754     0.207555     0.200575     0.192021
     0.182227     0.171614     0.160632     0.149682     0.139144
     0.194589     0.200876     0.210210     0.223083     0.174392    0.0832139
    0.0962253     0.116358     0.107345    0.0953233    0.0859069    0.0783068
    0.0721248    0.0672430    0.0635114    0.0607253    0.0586658    0.0571294
    0.0559405    0.0549576    0.0540729    0.0532101    0.0523202    0.0513902
    0.0504769    0.0497759    0.0497399    0.0512254    0.0554766    0.0635044
    0.0748827    0.0880478     0.101638     0.114660     0.126282     0.135823
     0.143109     0.148478     0.152488     0.155704     0.158530     0.161211
     0.163876     0.166584     0.169344     0.172136     0.174915     0.177616
     0.180154     0.182429     0.184322     0.185705     0.186435     0.186367
     0.185364     0.183313     0.180145     0.175849     0.170479     0.164158
     0.157065     0.149420     0.141457     0.133397     0.125410
     0.194585     0.211306     0.232767     0.263736     0.244129     0.148819
    0.0326371    0.0759272     0.138590     0.139847     0.121687     0.105396
    0.0928706    0.0834762    0.0763866    0.0709597    0.0667148    0.0632894
    0.0604053    0.0578472    0.0554485    0.0531128    0.0507228    0.0481048
    0.0450939    0.0415784    0.0376457    0.0341415    0.0345629    0.0460871
    0.0650612    0.0848822     0.103947     0.121711     0.137550     0.148629
     0.153026     0.153545     0.153011     0.152576     0.152501     0.152827
     0.153515     0.154500     0.155705     0.157045     0.158438     0.159795
     0.161028     0.162045     0.162753     0.163062     0.162879     0.162119
     0.160709     0.158597     0.155755     0.152188     0.147935     0.143072
     0.137699     0.131942     0.125933     0.119801     0.113617
     0.184709     0.199045     0.215656     0.236129     0.259310     0.252624
     0.193099     0.117693     0.128626     0.174385     0.157407     0.128763
     0.109684    0.0961846    0.0863007    0.0788073    0.0729175    0.0680990
    0.0639667    0.0602312    0.0567513    0.0535684    0.0504481    0.0470093
    0.0429334    0.0378034    0.0309895    0.0214646   0.00832111   0.00758507
    0.0350918    0.0639873    0.0909237     0.118024     0.146265     0.169478
     0.170808     0.159534     0.152559     0.148088     0.145260     0.143585
     0.142734     0.142465     0.142591     0.142961     0.143453     0.143961
     0.144393     0.144666     0.144704     0.144440     0.143811     0.142764
     0.141258     0.139266     0.136777     0.133800     0.130362     0.126511
     0.122308     0.117829     0.113152     0.108359     0.103474
     0.167230     0.180495     0.196018     0.212907     0.229411     0.268300
     0.306057     0.274258     0.218051     0.199539     0.168965     0.138578
     0.117986     0.103070    0.0920673    0.0836373    0.0769336    0.0713935
    0.0666021    0.0621943    0.0581605    0.0548350    0.0518330    0.0486848
    0.0452441    0.0413682    0.0370468    0.0330116    0.0326647    0.0351004
    0.0422942    0.0637225    0.0886600     0.115320     0.144629     0.168298
     0.168101     0.154393     0.145095     0.138931     0.134917     0.132401
     0.130921     0.130139     0.129802     0.129723     0.129761     0.129805
     0.129768     0.129576     0.129170     0.128501     0.127533     0.126241
     0.124613     0.122650     0.120363     0.117776     0.114916     0.111819
     0.108523     0.105066     0.101488    0.0978275    0.0940767
