      1.07282      0.00000
      1.07146     0.100000
      1.07511     0.200000
      1.07906     0.251147
      1.09125     0.350000
      1.10563     0.427467
      1.12296     0.500000
      1.13787     0.550000
      1.15875     0.611836
      1.18531     0.677227
      1.21187     0.733343
      1.23844     0.781924
      1.26500     0.823711
      1.29156     0.859071
      1.33067     0.900000
      1.37125     0.933229
      1.39781     0.950291
      1.45094     0.973176
      1.50406     0.984347
      1.55719     0.986430
      1.61031     0.980237
      1.66344     0.965575
      1.69835     0.950000
      1.74312     0.926658
      1.78382     0.900000
      1.82281     0.872553
      1.85106     0.850000
      1.90250     0.804835
      1.92906     0.779115
      1.95779     0.750000
      2.00235     0.700000
      2.03531     0.661046
      2.06188     0.626000
      2.08844     0.587811
      2.11500     0.546057
      2.14200     0.500000
      2.16812     0.446238
      2.19469     0.385604
      2.22125     0.315972
      2.24201     0.250000
      2.25544     0.200000
      2.27238     0.100000
      2.27652    0.0500000
      2.27437   -0.0138192
      2.26196    -0.100000
      2.24781    -0.157092
      2.22125    -0.234922
      2.19547    -0.300000
      2.17215    -0.350000
      2.14624    -0.400000
      2.11747    -0.450000
      2.08844    -0.494650
      2.06188    -0.533543
      2.03531    -0.570209
      2.00875    -0.604722
      1.97069    -0.650000
      1.92906    -0.697769
      1.90250    -0.728265
      1.87594    -0.757932
      1.83633    -0.800000
      1.79625    -0.843275
      1.76969    -0.872768
      1.74312    -0.901474
      1.69697    -0.950000
      1.66344    -0.986165
      1.63688     -1.01509
      1.60197     -1.05000
      1.55834     -1.10000
      1.53062     -1.13109
      1.50406     -1.16063
      1.45200     -1.20960
      1.42438     -1.14973
      1.39781     -1.08721
      1.37125     -1.02912
      1.34469    -0.969008
      1.31813    -0.905972
      1.29616    -0.850000
      1.27551    -0.800000
      1.25493    -0.750000
      1.23482    -0.700000
      1.21187    -0.639707
      1.18531    -0.568411
      1.16227    -0.500000
      1.14642    -0.450000
      1.13207    -0.400000
      1.10915    -0.300000
      1.09948    -0.250000
      1.08526    -0.150000
      1.07906   -0.0890636
      1.07282      0.00000
      0.00000      0.00000
      0.00000      0.00000
      0.00000      0.00000
