     0.332196     0.354931     0.378947     0.404347     0.424823     0.457367
     0.549702     0.506221     0.301028     0.212258     0.302655     0.426603
     0.434314     0.255803     0.182366     0.263205     0.201129     0.109682
     0.194023     0.321664     0.325925     0.211861     0.144016    0.0973113
    0.0629206    0.0436253    0.0548129    0.0928809     0.149169     0.178183
     0.137377     0.121666     0.187277     0.245389     0.339087     0.423306
     0.397732     0.348637     0.313678     0.288774     0.270441     0.256550
     0.245751     0.237149     0.230126     0.224239     0.219161     0.214639
     0.210473     0.206499     0.202586     0.198626     0.194534     0.190245
     0.185716     0.180925     0.175871     0.170566     0.165037     0.159320
     0.153457     0.147495     0.141479     0.135454     0.129376
     0.353954     0.386032     0.419199     0.452166     0.479314     0.517595
     0.405873     0.261179     0.176558     0.123212     0.206083     0.290535
     0.333411     0.310528     0.264405     0.290840     0.273562     0.222433
     0.254220     0.261016     0.220587     0.166295     0.119334    0.0804166
    0.0468113    0.0215720    0.0370506    0.0795880     0.138099     0.170304
     0.119244     0.122231     0.186880     0.254054     0.344589     0.436502
     0.406956     0.359051     0.325910     0.302501     0.285369     0.272477
     0.262550     0.254742     0.248469     0.243305     0.238933     0.235100
     0.231598     0.228257     0.224927     0.221480     0.217805     0.213805
     0.209407     0.204555     0.199219     0.193394     0.187099     0.180381
     0.173308     0.165968     0.158456     0.150871     0.143211
     0.365242     0.408964     0.458702     0.527086     0.493376     0.391976
     0.304409     0.235108     0.233714     0.212289     0.227394     0.257117
     0.287729     0.297432     0.286482     0.287356     0.276118     0.251761
     0.242995     0.217876     0.175581     0.141248     0.113831    0.0921382
    0.0768876    0.0707153    0.0771135    0.0975488     0.131555     0.178056
     0.226021     0.246404     0.290596     0.311769     0.351794     0.363607
     0.351968     0.331741     0.314204     0.300292     0.289395     0.280876
     0.274207     0.268968     0.264824     0.261497     0.258757     0.256401
     0.254244     0.252118     0.249861     0.247324     0.244364     0.240850
     0.236671     0.231740     0.226008     0.219461     0.212131     0.204097
     0.195475     0.186417     0.177086     0.167653     0.158168
     0.361451     0.403306     0.450572     0.504660     0.471000     0.373464
     0.337333     0.307531     0.288272     0.267751     0.256428     0.253299
     0.252413     0.249158     0.242190     0.232274     0.219391     0.203956
     0.186847     0.167696     0.147378     0.128535     0.113080     0.101903
    0.0956486    0.0951417     0.101391     0.115465     0.138477     0.170533
     0.203655     0.230219     0.255875     0.275024     0.290913     0.296996
     0.297845     0.296325     0.293327     0.289879     0.286643     0.283927
     0.281832     0.280342     0.279393     0.278884     0.278703     0.278716
     0.278777     0.278726     0.278389     0.277579     0.276100     0.273752
     0.270349     0.265732     0.259790     0.252485     0.243856     0.234032
     0.223221     0.211688     0.199735     0.187660     0.175651
     0.344614     0.375902     0.405819     0.429581     0.429740     0.390773
     0.352264     0.321342     0.293833     0.272837     0.256779     0.244097
     0.233068     0.222189     0.210533     0.197731     0.183814     0.169059
     0.153894     0.138924     0.124943     0.112876     0.103575    0.0976563
    0.0955216    0.0974694     0.103765     0.114578     0.129736     0.148351
     0.168790     0.189443     0.209138     0.226945     0.242105     0.254217
     0.263430     0.270270     0.275304     0.279100     0.282156     0.284856
     0.287464     0.290139     0.292971     0.295985     0.299165     0.302446
     0.305717     0.308829     0.311580     0.313726     0.314971     0.314978
     0.313391     0.309865     0.304153     0.296114     0.285783     0.273367
     0.259231     0.243892     0.227919     0.211875     0.196263
     0.322190     0.360594     0.373155     0.377029     0.373323     0.355694
     0.329870     0.305403     0.283542     0.264226     0.247095     0.231570
     0.216997     0.202779     0.188494     0.173943     0.159139     0.144276
     0.129717     0.115957     0.103618    0.0934133    0.0860638    0.0821761
    0.0820947    0.0857731    0.0929571     0.103296     0.116356     0.131579
     0.148277     0.165698     0.183118     0.199892     0.215518     0.229658
     0.242185     0.253148     0.262731     0.271201     0.278849     0.285960
     0.292780     0.299508     0.306298     0.313255     0.320441     0.327861
     0.335462     0.343118     0.350613     0.357628     0.363722     0.368309
     0.370662     0.369974     0.365509     0.356958     0.344318     0.327893
     0.308324     0.286550     0.263880     0.241507     0.220627
     0.211861     0.316257     0.369911     0.354114     0.335498     0.320475
     0.304026     0.286594     0.269081     0.251988     0.235473     0.219475
     0.203822     0.188321     0.172820     0.157247     0.141627     0.126085
     0.110845    0.0962479    0.0827949    0.0712404    0.0627282    0.0587442
    0.0603679    0.0667450    0.0766283    0.0889611     0.103049     0.118409
     0.134635     0.151335     0.168122     0.184635     0.200562     0.215678
     0.229850     0.243051     0.255340     0.266851     0.277766     0.288293
     0.298649     0.309040     0.319668     0.330712     0.342337     0.354671
     0.367791     0.381700     0.396270     0.411190     0.425909     0.439585
     0.450827     0.456924     0.455730     0.447088     0.431299     0.408770
     0.379758     0.345729     0.310626     0.277600     0.249032
     0.242716     0.275534     0.302152     0.311766     0.308235     0.298563
     0.286078     0.272040     0.257117     0.241738     0.226155     0.210486
     0.194761     0.178962     0.163060     0.147039     0.130904     0.114686
    0.0984328    0.0822144    0.0661405    0.0504973    0.0363449    0.0278693
    0.0342402    0.0468556    0.0618202    0.0776160    0.0938595     0.110394
     0.127115     0.143906     0.160624     0.177113     0.193225     0.208841
     0.223892     0.238364     0.252297     0.265787     0.278975     0.292044
     0.305203     0.318683     0.332745     0.347673     0.363786     0.381434
     0.401002     0.422899     0.447494     0.474973     0.504999     0.536597
     0.569528     0.598423     0.591332     0.587425     0.565326     0.534342
     0.501801     0.431482     0.369553     0.319676     0.280461
     0.179403     0.267332     0.321587     0.312275     0.297804     0.287488
     0.276321     0.263870     0.250364     0.236103     0.221332     0.206220
     0.190873     0.175346     0.159670     0.143859     0.127923     0.111865
    0.0956793    0.0793318    0.0627369    0.0457206    0.0281343   0.00487016
    0.0229500    0.0411233    0.0588258    0.0760920    0.0930693     0.109841
     0.126493     0.143045     0.159472     0.175721     0.191730     0.207448
     0.222851     0.237951     0.252796     0.267477     0.282128     0.296927
     0.312093     0.327892     0.344646     0.362751     0.382702     0.405132
     0.430873     0.461079     0.497401     0.542353     0.599833     0.673755
     0.734858     0.704117     0.647385     0.619207     0.580575     0.548380
     0.550768     0.521762     0.440799     0.367174     0.309588
     0.210869     0.244398     0.277289     0.291129     0.290685     0.283893
     0.274098     0.262508     0.249713     0.236099     0.221941     0.207430
     0.192702     0.177843     0.162920     0.147985     0.133096     0.118330
     0.103811    0.0897681    0.0766521    0.0653581    0.0492822    0.0315424
    0.0349932    0.0540133    0.0731459    0.0879154     0.102610     0.117671
     0.132982     0.148466     0.164035     0.179605     0.195115     0.210523
     0.225818     0.241018     0.256176     0.271380     0.286759     0.302490
     0.318792     0.335943     0.354301     0.374316     0.396582     0.421892
     0.451337     0.486493     0.529724     0.584787     0.657830     0.756709
     0.842606     0.739804     0.575891     0.440196     0.340938     0.291033
     0.377230     0.526906     0.496051     0.409902     0.330797
     0.195466     0.258870     0.307182     0.310325     0.300292     0.291019
     0.280363     0.268381     0.255472     0.241983     0.228164     0.214190
     0.200182     0.186226     0.172398     0.158768     0.145420     0.132462
     0.120037     0.108342    0.0975974    0.0880494    0.0718122    0.0550779
    0.0511568    0.0614710    0.0807382     0.102384     0.120198     0.132049
     0.145280     0.159172     0.173462     0.187987     0.202642     0.217366
     0.232138     0.246973     0.261915     0.277042     0.292467     0.308348
     0.324882     0.342324     0.361001     0.381330     0.403857     0.429299
     0.458611     0.493098     0.534540     0.585351     0.648709     0.729184
     0.834260     0.857490     0.613285     0.432065     0.255193    0.0614311
     0.181813     0.414646     0.514270     0.434152     0.340870
     0.235983     0.277032     0.311259     0.322989     0.318546     0.307986
     0.295091     0.281336     0.267341     0.253376     0.239568     0.225990
     0.212693     0.199723     0.187128     0.174970     0.163331     0.152316
     0.142068     0.132762     0.124689     0.110436    0.0909173    0.0764292
    0.0702310    0.0743486    0.0874235     0.106419     0.129715     0.148113
     0.161287     0.173760     0.186820     0.200145     0.213691     0.227418
     0.241307     0.255364     0.269622     0.284139     0.298999     0.314320
     0.330254     0.346991     0.364777     0.383917     0.404799     0.427904
     0.453837     0.483363     0.517443     0.557313     0.604613     0.661926
     0.736201     0.857596     0.795801     0.603112     0.596141     0.481222
     0.456186     0.444313     0.550471     0.437423     0.305456
     0.290413     0.363742     0.384792     0.380692     0.359503     0.337071
     0.317374     0.299883     0.283919     0.269059     0.255059     0.241784
     0.229164     0.217168     0.205801     0.195096     0.185109     0.175917
     0.167606     0.160344     0.146635     0.126888     0.109673    0.0965479
    0.0894413    0.0899078    0.0979877     0.112245     0.130929     0.152482
     0.174194     0.191604     0.203973     0.215631     0.227846     0.240277
     0.252931     0.265839     0.279013     0.292477     0.306271     0.320459
     0.335127     0.350382     0.366364     0.383235     0.401192     0.420452
     0.441254     0.463848     0.488472     0.515318     0.544442     0.575548
     0.607412     0.638763     0.685134     0.663028     0.620685     0.623476
     0.526336     0.528547     0.412171     0.323356     0.269601
     0.270715     0.271792     0.485725     0.457335     0.396993     0.363551
     0.339345     0.319521     0.302341     0.286990     0.273016     0.260154
     0.248246     0.237205     0.226998     0.217638     0.209169     0.201654
     0.195145     0.181922     0.162243     0.144189     0.128504     0.116199
     0.108535     0.106636     0.110926     0.120866     0.135307     0.153017
     0.172947     0.194786     0.216435     0.233371     0.244947     0.255582
     0.266621     0.278057     0.289849     0.301951     0.314334     0.326997
     0.339957     0.353242     0.366888     0.380931     0.395406     0.410323
     0.425653     0.441310     0.457107     0.472714     0.487576     0.500854
     0.511395     0.517565     0.516726     0.504082     0.479972     0.447686
     0.406939     0.361474     0.310008     0.258663     0.215872
     0.108430     0.216444     0.342105     0.397169     0.395320     0.376378
     0.355810     0.336976     0.320215     0.305271     0.291837     0.279671
     0.268598     0.258508     0.249347     0.241134     0.233988     0.228205
     0.216545     0.197352     0.179071     0.162305     0.147642     0.135824
     0.127721     0.124160     0.125631     0.132062     0.142858     0.157168
     0.174166     0.193205     0.213710     0.235625     0.256960     0.272721
     0.281568     0.291520     0.301892     0.312532     0.323345     0.334282
     0.345311     0.356404     0.367525     0.378622     0.389620     0.400404
     0.410807     0.420593     0.429430     0.436873     0.442338     0.445092
     0.444263     0.438874     0.427808     0.410439     0.386801     0.357339
     0.323454     0.286272     0.247870     0.210229     0.175476
     0.323302     0.281054     0.552580     0.487563     0.421753     0.391944
     0.370397     0.352366     0.336652     0.322757     0.310364     0.299234
     0.289186     0.280073     0.271771     0.264156     0.257039     0.250139
     0.235338     0.215368     0.197402     0.181285     0.167229     0.155668
     0.147184     0.142388     0.141737     0.145376     0.153075     0.164325
     0.178505     0.195030     0.213436     0.233444     0.254885     0.278288
     0.295141     0.305827     0.315051     0.324424     0.333647     0.342760
     0.351777     0.360646     0.369290     0.377603     0.385455     0.392675
     0.399047     0.404302     0.408106     0.410062     0.409702     0.406509
     0.399947     0.389513     0.374857     0.355801     0.332471     0.305409
     0.275329     0.243346     0.210601     0.178386     0.147473
    0.0324832     0.199776     0.346087     0.408389     0.412172     0.397462
     0.380417     0.364742     0.350893     0.338680     0.327846     0.318177
     0.309509     0.301705     0.294649     0.288214     0.282330     0.269615
     0.250327     0.232262     0.215581     0.200422     0.187014     0.175707
     0.166947     0.161216     0.158933     0.160342     0.165431     0.173945
     0.185463     0.199506     0.215626     0.233452     0.252711     0.273229
     0.294670     0.315120     0.329961     0.338715     0.345859     0.352915
     0.359855     0.366572     0.372931     0.378779     0.383956     0.388282
     0.391545     0.393503     0.393873     0.392342     0.388571     0.382210
     0.372932     0.360470     0.344651     0.325460     0.303060     0.277796
     0.250233     0.221070     0.191149     0.161348     0.132178
     0.323399     0.325725     0.579560     0.499617     0.432113     0.404763
     0.387306     0.373783     0.362426     0.352548     0.343817     0.336050
     0.329141     0.323021     0.317636     0.312910     0.301286     0.283041
     0.265660     0.249241     0.233872     0.219703     0.206953     0.195919
     0.186969     0.180510     0.176931     0.176518     0.179394     0.185481
     0.194524     0.206158     0.219970     0.235563     0.252574     0.270677
     0.289577     0.308968     0.328986     0.347758     0.360070     0.364601
     0.369677     0.374528     0.378932     0.382709     0.385708     0.387773
     0.388734     0.388403     0.386563     0.382985     0.377427     0.369651
     0.359442     0.346627     0.331103     0.312849     0.291952     0.268627
     0.243211     0.216180     0.188120     0.159707     0.131811
     0.258214     0.352377     0.377425     0.399878     0.401714     0.394798
     0.386501     0.378520     0.371142     0.364382     0.358218     0.352647
     0.347697     0.343473     0.340241     0.330945     0.314028     0.297580
     0.281805     0.266765     0.252543     0.239260     0.227097     0.216304
     0.207194     0.200123     0.195454     0.193498     0.194458     0.198382
     0.205155     0.214522     0.226139     0.239628     0.254612     0.270756
     0.287771     0.305459     0.323758     0.342681     0.362892     0.375582
     0.381229     0.384733     0.387711     0.389805     0.391014     0.391309
     0.390591     0.388735     0.385590     0.380995     0.374786     0.366797
     0.356883     0.344917     0.330806     0.314494     0.295974     0.275300
     0.252604     0.228125     0.202245     0.175523     0.149665
     0.145930     0.250186     0.339976     0.377234     0.385479     0.386594
     0.385042     0.382211     0.378811     0.375223     0.371649     0.368184
     0.364833     0.361477     0.357855     0.346249     0.329218     0.313584
     0.298884     0.284927     0.271657     0.259119     0.247440     0.236819
     0.227525     0.219876     0.214219     0.210879     0.210117     0.212075
     0.216755     0.224010     0.233576     0.245116     0.258266     0.272673
     0.288028     0.304082     0.320658     0.337650     0.355025     0.372554
     0.388554     0.397969     0.400358     0.400545     0.399999     0.398747
     0.396754     0.393914     0.390109     0.385231     0.379176     0.371844
     0.363152     0.353020     0.341380     0.328164     0.313295     0.296690
     0.278254     0.257917     0.235722     0.211969     0.189717
     0.130074     0.260763     0.356904     0.382641     0.384807     0.386709
     0.387824     0.387998     0.387469     0.386505     0.385315     0.384052
     0.382803     0.381558     0.373090     0.357843     0.343309     0.329460
     0.316180     0.303380     0.291026     0.279155     0.267866     0.257332
     0.247788     0.239534     0.232901     0.228235     0.225842     0.225947
     0.228650     0.233910     0.241548     0.251280     0.262760     0.275622
     0.289518     0.304137     0.319223     0.334564     0.349983     0.365331
     0.380447     0.395532     0.409014     0.415014     0.412151     0.409427
     0.406468     0.403052     0.399047     0.394376     0.389001     0.382905
     0.376087     0.368555     0.360329     0.351422     0.341819     0.331451
     0.320123     0.307425     0.292717     0.275544     0.261633
     0.151075     0.252462     0.334706     0.373415     0.385921     0.391165
     0.394269     0.396355     0.397794     0.398806     0.399585     0.400371
     0.401539     0.396237     0.383188     0.370325     0.357816     0.345640
     0.333730     0.322030     0.310515     0.299211     0.288203     0.277642
     0.267745     0.258793     0.251122     0.245093     0.241061     0.239326
     0.240087     0.243406     0.249195     0.257233     0.267198     0.278718
     0.291409     0.304911     0.318907     0.333140     0.347415     0.361603
     0.375671     0.389713     0.403896     0.418904     0.424921     0.421690
     0.418592     0.415104     0.411205     0.406971     0.402479     0.397827
     0.393131     0.388536     0.384225     0.380424     0.377415     0.375547
     0.375223     0.376763     0.379520     0.378042     0.391780
     0.107238     0.279694     0.388432     0.401937     0.398061     0.400393
     0.403738     0.406901     0.409675     0.412057     0.414044     0.415547
     0.416355     0.409087     0.396175     0.384391     0.373205     0.362324
     0.351561     0.340798     0.329978     0.319102     0.308230     0.297493
     0.287091     0.277296     0.268447     0.260932     0.255152     0.251490
     0.250246     0.251595     0.255551     0.261967     0.270555     0.280939
     0.292701     0.305429     0.318752     0.332357     0.346011     0.359570
     0.372988     0.386324     0.399770     0.413685     0.428471     0.434685
     0.433056     0.429570     0.425634     0.421599     0.417732     0.414237
     0.411342     0.409322     0.408535     0.409459     0.412749     0.419355
     0.430748     0.449539     0.482101     0.563942     0.687805
     0.170008     0.267301     0.346428     0.386979     0.402236     0.409442
     0.414574     0.419008     0.423067     0.426861     0.430420     0.433682
     0.429586     0.418698     0.408340     0.398425     0.388759     0.379147
     0.369423     0.359461     0.349186     0.338576     0.327670     0.316575
     0.305475     0.294637     0.284406     0.275195     0.267464     0.261681
     0.258263     0.257514     0.259570     0.264376     0.271691     0.281135
     0.292249     0.304558     0.317612     0.331027     0.344498     0.357818
     0.370871     0.383632     0.396153     0.408525     0.420840     0.432951
     0.443932     0.447238     0.441636     0.436879     0.432877     0.429771
     0.427784     0.427238     0.428575     0.432394     0.439516     0.451089
     0.468706     0.494537     0.531581     0.586342     0.654816
    0.0856220     0.310827     0.431105     0.427061     0.418546     0.421928
     0.427100     0.432341     0.437464     0.442652     0.448289     0.447241
     0.438386     0.429651     0.421153     0.412806     0.404461     0.395945
     0.387092     0.377764     0.367861     0.357336     0.346203     0.334543
     0.322523     0.310398     0.298520     0.287334     0.277357     0.269155
     0.263278     0.260188     0.260177     0.263309     0.269409     0.278095
     0.288853     0.301118     0.314337     0.328024     0.341782     0.355319
     0.368448     0.381078     0.393210     0.404921     0.416350     0.427740
     0.439482     0.452415     0.456185     0.450619     0.445967     0.442381
     0.440132     0.439534     0.440998     0.445074     0.452512     0.464359
     0.482088     0.507739     0.543273     0.580686     0.617438
     0.196561     0.285640     0.357087     0.401174     0.422484     0.433332
     0.440475     0.446326     0.451697     0.456891     0.462043     0.459672
     0.450606     0.442488     0.434917     0.427573     0.420180     0.412493
     0.404293     0.395402     0.385682     0.375051     0.363489     0.351046
     0.337865     0.324186     0.310363     0.296865     0.284271     0.273251
     0.264511     0.258708     0.256340     0.257641     0.262530     0.270630
     0.281347     0.293990     0.307863     0.322344     0.336916     0.351191
     0.364909     0.377924     0.390205     0.401823     0.412946     0.423836
     0.434861     0.446516     0.459225     0.462485     0.456180     0.451055
     0.447304     0.445118     0.444749     0.446538     0.450945     0.458611
     0.470456     0.487940     0.513639     0.549378     0.594177
     0.107971     0.308224     0.431345     0.454361     0.450960     0.452888
     0.456921     0.461587     0.466442     0.471218     0.475470     0.471980
     0.463017     0.455446     0.448617     0.442061     0.435410     0.428354
     0.420623     0.411991     0.402278     0.391362     0.379180     0.365750
     0.351179     0.335684     0.319610     0.303442     0.287811     0.273494
     0.261369     0.252338     0.247175     0.246370     0.249992     0.257676
     0.268716     0.282232     0.297328     0.313195     0.329166     0.344739
     0.359570     0.373458     0.386340     0.398265     0.409392     0.419965
     0.430296     0.440734     0.451608     0.462996     0.463354     0.455547
     0.449383     0.444573     0.441073     0.438945     0.438283     0.439180
     0.441648     0.445488     0.450016     0.454185     0.465466
     0.158615     0.311430     0.418965     0.458372     0.465577     0.468693
     0.472209     0.476515     0.481633     0.487712     0.487500     0.480144
     0.473322     0.467111     0.461289     0.455547     0.449562     0.443018
     0.435620     0.427108     0.417261     0.405915     0.392965     0.378383
     0.362237     0.344711     0.326123     0.306953     0.287866     0.269728
     0.253599     0.240667     0.232091     0.228746     0.230967     0.238424
     0.250237     0.265240     0.282234     0.300158     0.318158     0.335600
     0.352053     0.367264     0.381137     0.393709     0.405135     0.415677
     0.425691     0.435656     0.446206     0.458322     0.462230     0.454797
     0.447141     0.439708     0.432741     0.426304     0.420339     0.414682
     0.409032     0.402921     0.395682     0.386445     0.376851
     0.148586     0.320238     0.437525     0.474762     0.479050     0.481373
     0.484555     0.488601     0.493431     0.498994     0.497640     0.489960
     0.483561     0.477978     0.472810     0.467672     0.462196     0.456033
     0.448849     0.440347     0.430266     0.418395     0.404586     0.388762
     0.370942     0.351262     0.329996     0.307592     0.284707     0.262258
     0.241454     0.223797     0.210949     0.204404     0.204980     0.212456
     0.225661     0.242946     0.262656     0.283386     0.304064     0.323920
     0.342450     0.359357     0.374526     0.387980     0.399868     0.410438
     0.420010     0.428979     0.437779     0.446851     0.456475     0.455855
     0.444783     0.433840     0.423135     0.412609     0.402090     0.391338
     0.380048     0.367862     0.354381     0.339201     0.323417
     0.147458     0.331275     0.452939     0.486656     0.488505     0.490504
     0.493754     0.497838     0.502550     0.507771     0.506144     0.498554
     0.492452     0.487301     0.482611     0.477930     0.472843     0.466956
     0.459902     0.451342     0.440977     0.428553     0.413876     0.396818
     0.377347     0.355534     0.331596     0.305912     0.279081     0.251989
     0.225904     0.202587     0.184302     0.173518     0.172028     0.179908
     0.195442     0.216099     0.239507     0.263834     0.287789     0.310508
     0.331449     0.350309     0.366975     0.381478     0.393969     0.404691
     0.413944     0.422075     0.429435     0.436338     0.442991     0.449290
     0.443603     0.428452     0.414216     0.400306     0.386344     0.372042
     0.357147     0.341432     0.324701     0.306814     0.288570
     0.181083     0.328374     0.436096     0.480269     0.491064     0.495745
     0.500063     0.504753     0.509692     0.514342     0.512006     0.504624
     0.498964     0.494305     0.490084     0.485816     0.481057     0.475390
     0.468422     0.459785     0.449146     0.436215     0.420756     0.402594
     0.381642     0.357912     0.331539     0.302813     0.272215     0.240503
     0.208834     0.178999     0.153762     0.137013     0.132648     0.141674
     0.161123     0.186667     0.214863     0.243466     0.271088     0.296878
     0.320341     0.341216     0.359429     0.375045     0.388243     0.399288
     0.408505     0.416277     0.423023     0.429203     0.435320     0.441975
     0.437623     0.421961     0.406277     0.390451     0.374347     0.357831
     0.340767     0.323049     0.304605     0.285418     0.266088
     0.127841     0.348864     0.481639     0.501522     0.496524     0.499191
     0.504378     0.510562     0.517662     0.518327     0.512243     0.506925
     0.502443     0.498544     0.494862     0.490994     0.486524     0.481044
     0.474148     0.465454     0.454605     0.441285     0.425226     0.406215
     0.384118     0.358889     0.330592     0.299415     0.265695     0.229980
     0.193124     0.156533     0.122792    0.0970699    0.0879337    0.0999031
     0.126181     0.158476     0.192258     0.225318     0.256489     0.285117
     0.310842     0.333499     0.353083     0.369706     0.383582     0.395005
     0.404330     0.411971     0.418395     0.424144     0.429893     0.436565
     0.433385     0.418080     0.401580     0.384505     0.367035     0.349169
     0.330847     0.312018     0.292663     0.272812     0.252946
     0.225376     0.327014     0.410734     0.461832     0.485942     0.497900
     0.505935     0.513040     0.520243     0.520071     0.513388     0.508181
     0.503996     0.500413     0.497018     0.493390     0.489109     0.483759
     0.476927     0.468220     0.457267     0.443738     0.427342     0.407845
     0.385082     0.358969     0.329518     0.296842     0.261162     0.222830
     0.182350     0.140461    0.0984375    0.0596770    0.0394827    0.0605435
    0.0981541     0.137883     0.176580     0.213102     0.246843     0.277443
     0.304709     0.328575     0.349095     0.366422     0.380798     0.392531
     0.401977     0.409532     0.415599     0.420569     0.424762     0.428329
     0.430974     0.421714     0.402181     0.383401     0.364838     0.346180
     0.327231     0.307887     0.288111     0.267933     0.247785
    0.0807578     0.360449     0.511527     0.516060     0.503040     0.504002
     0.508524     0.514257     0.520706     0.519987     0.512944     0.507564
     0.503338     0.499791     0.496468     0.492924     0.488728     0.483455
     0.476689     0.468032     0.457112     0.443591     0.427179     0.407632
     0.384781     0.358531     0.328881     0.295924     0.259849     0.220955
     0.179637     0.136394    0.0918395    0.0468808    0.0107437    0.0466360
    0.0901769     0.132415     0.172514     0.209960     0.244373     0.275496
     0.303186     0.327407     0.348232     0.365824     0.380435     0.392382
     0.402026     0.409769     0.416017     0.421160     0.425517     0.429220
     0.432102     0.423204     0.403895     0.385340     0.366992     0.348525
     0.329728     0.310480     0.290733     0.270502     0.250262
     0.193173     0.333343     0.437768     0.485050     0.498458     0.503619
     0.507983     0.512965     0.518757     0.517544     0.510145     0.504519
     0.500133     0.496485     0.493103     0.489536     0.485349     0.480119
     0.473434     0.464904     0.454164     0.440889     0.424799     0.405665
     0.383334     0.357734     0.328892     0.296947     0.262159     0.224949
     0.185953     0.146186     0.107567    0.0748322    0.0606028    0.0760009
     0.108041     0.144650     0.181461     0.216744     0.249633     0.279644
     0.306517     0.330151     0.350578     0.367941     0.382479     0.394505
     0.404393     0.412577     0.419537     0.425830     0.432129     0.439358
     0.436849     0.422380     0.406615     0.390277     0.373518     0.356302
     0.338523     0.320078     0.300899     0.280972     0.260909
     0.120465     0.344647     0.481718     0.506356     0.501122     0.501326
     0.504141     0.508408     0.513785     0.512276     0.504633     0.498807
     0.494243     0.490437     0.486925     0.483266     0.479035     0.473827
     0.467244     0.458916     0.448500     0.435693     0.420243     0.401951
     0.380703     0.356473     0.329353     0.299566     0.267507     0.233810
     0.199463     0.166070     0.136372     0.115009     0.107996     0.117845
     0.140260     0.169134     0.200311     0.231442     0.261199     0.288809
     0.313840     0.336081     0.355494     0.372177     0.386333     0.398256
     0.408302     0.416886     0.424467     0.431542     0.438647     0.446361
     0.443145     0.428730     0.414375     0.399917     0.385190     0.370004
     0.354146     0.337410     0.319613     0.300629     0.281304
     0.173474     0.329924     0.440738     0.482371     0.489922     0.492528
     0.495612     0.499873     0.505336     0.503983     0.496411     0.490524
     0.485808     0.481809     0.478107     0.474293     0.469970     0.464759
     0.458291     0.450224     0.440246     0.428089     0.413536     0.396437
     0.376724     0.354432     0.329726     0.302929     0.274565     0.245439
     0.216749     0.190259     0.168469     0.154498     0.151085     0.158828
     0.175661     0.198339     0.223965     0.250452     0.276410     0.300951
     0.323536     0.343873     0.361863     0.377554     0.391117     0.402816
     0.412983     0.422013     0.430325     0.438327     0.446318     0.454268
     0.450468     0.437146     0.424862     0.413067     0.401374     0.389447
     0.376927     0.363426     0.348535     0.331859     0.314617
     0.150372     0.327443     0.445171     0.478122     0.478802     0.479590
     0.482437     0.486951     0.493017     0.492926     0.486137     0.480271
     0.475308     0.470994     0.466991     0.462929     0.458447     0.453194
     0.446831     0.439052     0.429583     0.418196     0.404719     0.389047
     0.371168     0.351177     0.329305     0.305950     0.281717     0.257478
     0.234436     0.214171     0.198583     0.189579     0.188453     0.195249
     0.208728     0.226962     0.248004     0.270240     0.292463     0.313830
     0.333795     0.352038     0.368434     0.383000     0.395884     0.407333
     0.417675     0.427324     0.436790     0.446741     0.458135     0.460917
     0.452294     0.443539     0.435271     0.427600     0.420429     0.413535
     0.406552     0.398951     0.390022     0.378905     0.367410
     0.157890     0.324466     0.431817     0.458494     0.457966     0.459839
     0.463846     0.468814     0.474139     0.479147     0.476852     0.469304
     0.463394     0.458448     0.453971     0.449553     0.444832     0.439478
     0.433189     0.425691     0.416751     0.406184     0.393865     0.379734
     0.363828     0.346292     0.327403     0.307596     0.287497     0.267946
     0.250016     0.234973     0.224153     0.218696     0.219217     0.225577
     0.236932     0.252024     0.269517     0.288212     0.307143     0.325595
     0.343080     0.359302     0.374138     0.387602     0.399825     0.411039
     0.421540     0.431682     0.441836     0.452328     0.463404     0.463624
     0.455426     0.449121     0.444406     0.441214     0.439551     0.439427
     0.440764     0.443245     0.446000     0.447697     0.456169
     0.216915     0.297209     0.363435     0.404021     0.424078     0.435115
     0.443060     0.450008     0.456682     0.463377     0.462715     0.455539
     0.449503     0.444218     0.439338     0.434541     0.429528     0.424016
     0.417745     0.410486     0.402047     0.392285     0.381118     0.368527
     0.354590     0.339481     0.323503     0.307096     0.290848     0.275512
     0.261973     0.251187     0.244057     0.241255     0.243056     0.249257
     0.259235     0.272114     0.286947     0.302849     0.319077     0.335059
     0.350396     0.364842     0.378303     0.390810     0.402507     0.413639
     0.424523     0.435543     0.447103     0.459715     0.463164     0.457218
     0.452539     0.449519     0.448445     0.449644     0.453546     0.460748
     0.472118     0.489055     0.514096     0.549076     0.593188
     0.101366     0.319882     0.423833     0.416224     0.411643     0.417621
     0.424835     0.432042     0.439274     0.446893     0.447780     0.441187
     0.434954     0.429187     0.423759     0.418455     0.413036     0.407268
     0.400929     0.393830     0.385819     0.376791     0.366698     0.355558
     0.343471     0.330635     0.317348     0.304029     0.291204     0.279508
     0.269636     0.262285     0.258048     0.257310     0.260163     0.266386
     0.275495     0.286849     0.299756     0.313561     0.327699     0.341730
     0.355343     0.368353     0.380702     0.392446     0.403754     0.414906
     0.426297     0.438418     0.451800     0.456091     0.451085     0.447019
     0.444320     0.443372     0.444636     0.448681     0.456257     0.468406
     0.486588     0.512845     0.549144     0.587179     0.624053
     0.200169     0.277593     0.340129     0.375332     0.391336     0.400483
     0.407744     0.414389     0.420718     0.426733     0.432072     0.429497
     0.421281     0.414240     0.407868     0.401822     0.395838     0.389687
     0.383172     0.376134     0.368451     0.360047     0.350904     0.341065
     0.330645     0.319844     0.308951     0.298338     0.288460     0.279831
     0.272981     0.268402     0.266470     0.267392     0.271157     0.277544
     0.286165     0.296531     0.308126     0.320456     0.333097     0.345714
     0.358076     0.370047     0.381596     0.392787     0.403783     0.414870
     0.426514     0.439654     0.445650     0.440980     0.436524     0.432943
     0.430634     0.430002     0.431528     0.435833     0.443750     0.456438
     0.475496     0.503095     0.542165     0.598597     0.667343
     0.110592     0.286832     0.382551     0.386869     0.382717     0.386865
     0.392365     0.397995     0.403594     0.409262     0.415297     0.414726
     0.406629     0.398939     0.391744     0.384921     0.378290     0.371665
     0.364880     0.357803     0.350338     0.342435     0.334098     0.325384
     0.316417     0.307389     0.298564     0.290269     0.282882     0.276808
     0.272439     0.270112     0.270057     0.272363     0.276962     0.283643
     0.292085     0.301906     0.312710     0.324123     0.335826     0.347569
     0.359183     0.370577     0.381739     0.392719     0.403596     0.414354
     0.424779     0.433850     0.433635     0.426056     0.420165     0.415535
     0.412130     0.410111     0.409794     0.411646     0.416332     0.424826
     0.438638     0.460443     0.496758     0.583811     0.713809
     0.178447     0.256804     0.319559     0.352303     0.365385     0.372248
     0.377453     0.382106     0.386520     0.390810     0.394957     0.398633
     0.394337     0.384549     0.375994     0.368170     0.360768     0.353577
     0.346435     0.339228     0.331880     0.324361     0.316687     0.308924
     0.301197     0.293685     0.286623     0.280290     0.274992     0.271042
     0.268723     0.268257     0.269770     0.273279     0.278684     0.285785
     0.294314     0.303966     0.314433     0.325429     0.336715     0.348108
     0.359492     0.370822     0.382148     0.393628     0.405554     0.418394
     0.422579     0.418663     0.412840     0.406754     0.400861     0.395338
     0.390314     0.385927     0.382369     0.379879     0.378765     0.379416
     0.382290     0.387788     0.395408     0.400349     0.423055
     0.124073     0.258296     0.342345     0.358231     0.357835     0.360749
     0.364045     0.367142     0.370130     0.373222     0.376668     0.380842
     0.378778     0.369247     0.360193     0.351633     0.343516     0.335734
     0.328182     0.320778     0.313467     0.306231     0.299098     0.292136
     0.285463     0.279243     0.273680     0.269007     0.265469     0.263300
     0.262700     0.263807     0.266676     0.271276     0.277492     0.285139
     0.293992     0.303802     0.314332     0.325363     0.336715     0.348255
     0.359896     0.371597     0.383348     0.395273     0.408112     0.411991
     0.406410     0.400848     0.394909     0.388630     0.382062     0.375249
     0.368237     0.361067     0.353791     0.346453     0.339077     0.331635
     0.323970     0.315713     0.306230     0.294849     0.286877
     0.152169     0.237034     0.304752     0.336617     0.346646     0.350306
     0.351892     0.352786     0.353617     0.354707     0.356233     0.358282
     0.360792     0.356460     0.345817     0.336056     0.326986     0.318490
     0.310454     0.302796     0.295465     0.288447     0.281767     0.275491
     0.269728     0.264623     0.260349     0.257098     0.255061     0.254413
     0.255288     0.257763     0.261847     0.267480     0.274539     0.282858
     0.292246     0.302504     0.313449     0.324922     0.336802     0.349013
     0.361510     0.374249     0.387050     0.398263     0.401960     0.396628
     0.391332     0.385818     0.379828     0.373222     0.365912     0.357831
     0.348931     0.339172     0.328525     0.316962     0.304445     0.290924
     0.276325     0.260580     0.243684     0.225821     0.209690
     0.168458     0.267056     0.319985     0.344778     0.348151     0.345105
     0.341557     0.338616     0.336473     0.335151     0.334634     0.334884
     0.335852     0.337411     0.332404     0.321287     0.311211     0.301974
     0.293457     0.285556     0.278206     0.271387     0.265121     0.259465
     0.254517     0.250400     0.247260     0.245253     0.244525     0.245204
     0.247377     0.251081     0.256294     0.262939     0.270895     0.280010
     0.290121     0.301075     0.312739     0.325008     0.337806     0.351135
     0.365071     0.380387     0.387898     0.387909     0.385480     0.382248
     0.378359     0.373734     0.368245     0.361750     0.354111     0.345199
     0.334908     0.323156     0.309897     0.295117     0.278844     0.261158
     0.242198     0.222190     0.201461     0.180454     0.160835
     0.132648     0.237467     0.413160     0.394552     0.355164     0.338938
     0.329156     0.322265     0.317239     0.313680     0.311370     0.310166
     0.309949     0.310631     0.312090     0.307092     0.296063     0.286215
     0.277344     0.269305     0.262013     0.255435     0.249591     0.244536
     0.240355     0.237151     0.235042     0.234149     0.234586     0.236446
     0.239787     0.244624     0.250920     0.258589     0.267512     0.277551
     0.288566     0.300426     0.313075     0.326444     0.340371     0.355137
     0.368728     0.375760     0.374648     0.373942     0.372891     0.371281
     0.368918     0.365626     0.361205     0.355450     0.348154     0.339120
     0.328185     0.315232     0.300206     0.283142     0.264158     0.243482
     0.221444     0.198476     0.175105     0.151923     0.129904
    0.0728158     0.194907     0.285307     0.326750     0.329732     0.320538
     0.310236     0.301446     0.294533     0.289378     0.285783     0.283564
     0.282565     0.282657     0.283763     0.285781     0.281426     0.271173
     0.262327     0.254383     0.247276     0.241005     0.235621     0.231186
     0.227769     0.225448     0.224306     0.224431     0.225910     0.228821
     0.233218     0.239116     0.246483     0.255229     0.265215     0.276336
     0.288442     0.301276     0.315125     0.330418     0.345036     0.354353
     0.357666     0.359209     0.360677     0.362043     0.363082     0.363577
     0.363308     0.362028     0.359469     0.355343     0.349347     0.341184
     0.330594     0.317380     0.301466     0.282886     0.261850     0.238731
     0.214036     0.188415     0.162561     0.137198     0.112795
     0.255789     0.224792     0.431316     0.373094     0.323112     0.301768
     0.287336     0.276404     0.268076     0.261918     0.257603     0.254862
     0.253479     0.253294     0.254206     0.256206     0.259346     0.256588
     0.249199     0.241358     0.234524     0.228556     0.223647     0.219884
     0.217291     0.215880     0.215678     0.216735     0.219120     0.222918
     0.228217     0.235089     0.243556     0.253506     0.264610     0.277045
     0.291118     0.304020     0.317871     0.327731     0.332516     0.336047
     0.340056     0.344095     0.348123     0.352036     0.355696     0.358923
     0.361491     0.363130     0.363511     0.362256     0.358936     0.353090
     0.344271     0.332104     0.316319     0.296962     0.274253     0.248716
     0.221118     0.192335     0.163423     0.135344     0.108383
     0.100020     0.190627     0.263100     0.293787     0.288877     0.273534
     0.258696     0.246776     0.237820     0.231390     0.227018     0.224317
     0.222981     0.222778     0.223540     0.225143     0.227502     0.230468
     0.232676     0.230446     0.224532     0.218310     0.213882     0.211000
     0.209442     0.209069     0.209822     0.211709     0.214792     0.219185
     0.225061     0.232666     0.242332     0.254441     0.265844     0.278420
     0.288258     0.294512     0.301145     0.306184     0.311818     0.317716
     0.323915     0.330336     0.336922     0.343605     0.350287     0.356833
     0.363054     0.368694     0.373410     0.376757     0.378164     0.376940
     0.372292     0.363368     0.349583     0.330393     0.306222     0.277788
     0.246105     0.212629     0.178716     0.146208     0.116093
     0.218601     0.236246     0.380247     0.332321     0.273710     0.244155
     0.225333     0.212631     0.204015     0.198303     0.194722     0.192744
     0.191998     0.192216     0.193207     0.194832     0.196989     0.199615
     0.202644     0.206439     0.209305     0.208656     0.206034     0.205039
     0.205101     0.206021     0.207752     0.210319     0.213788     0.218261
     0.223908     0.231048     0.240381     0.248533     0.254194     0.260339
     0.265249     0.271314     0.278051     0.285100     0.292562     0.300426
     0.308698     0.317387     0.326498     0.336032     0.345980     0.356308
     0.366941     0.377741     0.388467     0.398735     0.407945     0.415235
     0.419467     0.419076     0.410705     0.393022     0.367298     0.334819
     0.297252     0.255453     0.211392     0.169764     0.134952
     0.290061     0.341411     0.300238     0.255191     0.221974     0.198589
     0.183303     0.173529     0.167422     0.163814     0.161963     0.161377
     0.161721     0.162758     0.164314     0.166264     0.168517     0.171009
     0.173712     0.176650     0.179778     0.183574     0.185637     0.187191
     0.188764     0.190625     0.192938     0.195814     0.199333     0.203530
     0.208378     0.213708     0.219038     0.223076     0.228529     0.234829
     0.241624     0.249028     0.256991     0.265459     0.274425     0.283916
     0.293974     0.304660     0.316060     0.328277     0.341440     0.355689
     0.371172     0.388035     0.406390     0.426279     0.447564     0.469670
     0.491044     0.511667     0.547551     0.492375     0.481958     0.435563
     0.384974     0.364960     0.263881     0.203985     0.163676
     0.301320     0.277755     0.223146     0.178018     0.155890     0.144110
     0.137085     0.132962     0.130856     0.130202     0.130598     0.131756
     0.133460     0.135542     0.137872     0.140345     0.142882     0.145425
     0.147931     0.150376     0.152743     0.155012     0.156948     0.158688
     0.160440     0.162398     0.164729     0.167570     0.171017     0.175128
     0.179901     0.185272     0.191118     0.197342     0.204196     0.211670
     0.219710     0.228289     0.237390     0.247008     0.257165     0.267911
     0.279332     0.291552     0.304739     0.319114     0.334968     0.352665
     0.372671     0.395574     0.422113     0.453244     0.490276     0.535580
     0.597650     0.691616     0.552824     0.450049     0.430198     0.352555
     0.336558     0.329266     0.374494     0.262727     0.186501
     0.298005     0.169696     0.119802     0.105767     0.100869    0.0980325
    0.0968774    0.0970851    0.0982711     0.100159     0.102562     0.105339
     0.108364     0.111519     0.114694     0.117792     0.120734     0.123456
     0.125921     0.128111     0.130029     0.131696     0.133154     0.134512
     0.135925     0.137573     0.139633     0.142268     0.145608     0.149742
     0.154705     0.160484     0.167027     0.174273     0.182178     0.190686
     0.199735     0.209279     0.219288     0.229762     0.240735     0.252280
     0.264517     0.277613     0.291803     0.307403     0.324837     0.344675
     0.367690     0.394945     0.427886     0.468457     0.519221     0.584341
     0.664513     0.597692     0.402399     0.313235     0.145860    0.0841151
     0.169915     0.338628     0.335400     0.271080     0.206829
     0.229056     0.152163    0.0952845    0.0724590    0.0658552    0.0648870
    0.0663378    0.0688294    0.0718568    0.0752678    0.0790040    0.0829955
    0.0871344    0.0912860    0.0953096    0.0990757     0.102478     0.105439
     0.107915     0.109897     0.111413     0.112527     0.113344     0.114017
     0.114738     0.115729     0.117223     0.119440     0.122561     0.126712
     0.131943     0.138233     0.145503     0.153634     0.162493     0.171948
     0.181886     0.192219     0.202898     0.213912     0.225294     0.237128
     0.249544     0.262729     0.276938     0.292516     0.309931     0.329823
     0.353093     0.381073     0.415799     0.460569     0.520685     0.598778
     0.619922     0.502856     0.391177     0.284253     0.221152     0.192671
     0.306342     0.365818     0.318349     0.258144     0.206304
     0.321005     0.102489    0.0362513    0.0303636    0.0345838    0.0403933
    0.0446184    0.0481670    0.0516731    0.0555453    0.0599467    0.0648181
    0.0699582    0.0751120    0.0800336    0.0845166    0.0884061    0.0915999
    0.0940461    0.0957413    0.0967297    0.0971045    0.0970115    0.0966523
    0.0962841    0.0962122    0.0967705    0.0982871     0.101037     0.105198
     0.110819     0.117825     0.126043     0.135245     0.145189     0.155654
     0.166455     0.177462     0.188598     0.199840     0.211219     0.222819
     0.234767     0.247239     0.260468     0.274749     0.290468     0.308125
     0.328399     0.352242     0.381056     0.417017     0.463381     0.519686
     0.537127     0.493486     0.456361     0.431800     0.396715     0.382736
     0.380872     0.343002     0.283361     0.235107     0.197174
     0.208954     0.122843    0.0565272    0.0290855    0.0265708    0.0296772
    0.0322690    0.0340822    0.0362277    0.0396215    0.0444695    0.0504014
    0.0568420    0.0632598    0.0692465    0.0745150    0.0788777    0.0822247
    0.0845093    0.0857389    0.0859723    0.0853206    0.0839544    0.0821153
    0.0801304    0.0784213    0.0774946    0.0778900    0.0800777    0.0843362
    0.0906797    0.0988783     0.108554     0.119277     0.130643     0.142310
     0.154023     0.165610     0.176983     0.188124     0.199074     0.209927
     0.220810     0.231881     0.243326     0.255353     0.268203     0.282137
     0.297437     0.314390     0.333212     0.353890     0.375901     0.398257
     0.420714     0.430461     0.420704     0.416734     0.391224     0.372714
     0.335596     0.283981     0.242384     0.208751     0.182130
     0.355553    0.0895107    0.0450379    0.0126818    0.0235989    0.0280726
    0.0266153    0.0232997    0.0218418    0.0248512    0.0315971    0.0399857
    0.0486116    0.0567160    0.0638787    0.0698582    0.0745178    0.0777903
    0.0796610    0.0801578    0.0793494    0.0773476    0.0743148    0.0704859
    0.0662090    0.0620095    0.0586565    0.0571500    0.0584847    0.0632023
    0.0711230    0.0815522    0.0936404     0.106625     0.119893     0.132993
     0.145622     0.157607     0.168889     0.179497     0.189523     0.199101
     0.208382     0.217520     0.226668     0.235965     0.245533     0.255464
     0.265799     0.276507     0.287441     0.298295     0.308579     0.317596
     0.324215     0.326262     0.322707     0.313981     0.300094     0.281509
     0.258322     0.232496     0.207240     0.184202     0.164522
     0.227115     0.190316     0.121321    0.0777770    0.0587761    0.0468418
    0.0318785    0.0168128   0.00308796    0.0124296    0.0256322    0.0378073
    0.0486643    0.0580313    0.0658008    0.0719095    0.0763287    0.0790534
    0.0801021    0.0795225    0.0773890    0.0737984    0.0688656    0.0627277
    0.0555854    0.0478255    0.0403122    0.0349351    0.0347073    0.0412925
    0.0531094    0.0677708    0.0836464    0.0996897     0.115200     0.129714
     0.142947     0.154814     0.165361     0.174742     0.183163     0.190847
     0.197998     0.204793     0.211371     0.217834     0.224243     0.230614
     0.236905     0.243019     0.248781     0.253943     0.258165     0.261009
     0.261925     0.260362     0.255950     0.248525     0.238218     0.225318
     0.210400     0.194303     0.177956     0.162162     0.147625
     0.192916     0.180209     0.163934     0.145410     0.115134    0.0780625
    0.0547597    0.0390270    0.0295596    0.0325594    0.0419119    0.0525015
    0.0623217    0.0706993    0.0774167    0.0824121    0.0856491    0.0871103
    0.0867987    0.0847382    0.0810232    0.0758032    0.0691985    0.0612408
    0.0518539    0.0408748    0.0281287    0.0138050   0.00766275    0.0245490
    0.0443855    0.0647505    0.0847596     0.103648     0.120834     0.135834
     0.148539     0.158998     0.167506     0.174460     0.180262     0.185262
     0.189725     0.193839     0.197729     0.201462     0.205061     0.208506
     0.211735     0.214650     0.217113     0.218951     0.219957     0.219896
     0.218533     0.215652     0.211100     0.204845     0.196957     0.187646
     0.177225     0.166093     0.154688     0.143399     0.132526
     0.195603     0.204090     0.215413     0.232075     0.179147    0.0731561
    0.0645180    0.0786326    0.0815044    0.0781296    0.0815303    0.0869262
    0.0923823    0.0970586     0.100598     0.103000     0.103995     0.103440
     0.101304    0.0972838    0.0914857    0.0845426    0.0769200    0.0687324
    0.0599075    0.0503521    0.0402843    0.0315010    0.0307895    0.0444870
    0.0651903    0.0864684     0.107845     0.127329     0.144332     0.157027
     0.165942     0.172077     0.176020     0.178559     0.180328     0.181726
     0.182979     0.184199     0.185432     0.186675     0.187899     0.189045
     0.190033     0.190770     0.191145     0.191037     0.190317     0.188856
     0.186535     0.183260     0.178980     0.173689     0.167451     0.160382
     0.152657     0.144487     0.136094     0.127690     0.119382
     0.196778     0.214392     0.236778     0.273589     0.245944     0.150729
    0.0276399    0.0764262     0.126380     0.150204     0.145999     0.140455
     0.140588     0.139260     0.134771     0.135902     0.133937     0.128520
     0.127860     0.121495     0.109655    0.0996918    0.0913756    0.0843967
    0.0787339    0.0746287    0.0727248    0.0741223    0.0798066    0.0927794
     0.123454     0.120377     0.161082     0.163120     0.199171     0.199448
     0.199828     0.195181     0.189796     0.185154     0.181447     0.178592
     0.176449     0.174872     0.173728     0.172893     0.172253     0.171700
     0.171128     0.170437     0.169527     0.168306     0.166681     0.164573
     0.161913     0.158654     0.154774     0.150281     0.145213     0.139642
     0.133665     0.127400     0.120971     0.114500     0.108011
     0.187898     0.201857     0.218337     0.237676     0.258209     0.269479
     0.198306     0.134522     0.143031     0.223749     0.209452     0.198265
     0.190312     0.170623     0.149632     0.154512     0.148039     0.133126
     0.143839     0.145323     0.131856     0.117481     0.107415     0.101511
    0.0993109     0.101046     0.107852     0.122255     0.150401     0.180488
     0.102966    0.0709253     0.101915     0.138722     0.202138     0.288456
     0.248918     0.219771     0.201443     0.188853     0.179856     0.173267
     0.168353     0.164623     0.161734     0.159435     0.157533     0.155873
     0.154326     0.152785     0.151153     0.149352     0.147309     0.144965
     0.142275     0.139211     0.135758     0.131924     0.127733     0.123226
     0.118461     0.113506     0.108433     0.103317    0.0981475
     0.172566     0.183559     0.197359     0.213334     0.226099     0.258814
     0.351408     0.287889     0.178268     0.278070     0.228056     0.230744
     0.223478     0.173188     0.136835     0.154121     0.140899     0.112720
     0.138470     0.166178     0.156479     0.127957     0.114846     0.109723
     0.109992     0.115195     0.126263     0.145515     0.176638     0.193163
     0.143798    0.0706106     0.124361     0.130246     0.216294     0.277742
     0.254076     0.221060     0.198494     0.182827     0.171645     0.163458
     0.157326     0.152625     0.148927     0.145926     0.143399     0.141174
     0.139112     0.137107     0.135068     0.132926     0.130626     0.128128
     0.125411     0.122465     0.119295     0.115917     0.112357     0.108644
     0.104812     0.100896    0.0969321    0.0929521    0.0889251
