     -3.98998     -3.86768     -3.75265     -3.64427     -3.54197     -3.44525
     -3.35368     -3.26715     -3.18530     -3.10698     -3.03256     -2.96168
     -2.89406     -2.82934     -2.76734     -2.70810     -2.65128     -2.59669
     -2.54441     -2.49408     -2.44560     -2.39900     -2.35416     -2.31099
     -2.26939     -2.22929     -2.19061     -2.15328     -2.11723     -2.08241
     -2.04869     -2.01596     -1.98425     -1.95342     -1.92348     -1.89411
     -1.86588     -1.83869     -1.81228     -1.78662     -1.76168     -1.73742
     -1.71382     -1.69085     -1.66849     -1.64672     -1.62550     -1.60483
     -1.58467     -1.56502     -1.54585     -1.52714     -1.50887     -1.49104
     -1.47363     -1.45662     -1.43999     -1.42375     -1.40786     -1.39232
     -1.37713     -1.36226     -1.34771     -1.33347     -1.31952
     -3.98998     -3.86768     -3.75265     -3.64427     -3.54197     -3.44525
     -3.35404     -3.26756     -3.18541     -3.10707     -3.03257     -2.96160
     -2.89390     -2.82916     -2.76721     -2.70792     -2.65109     -2.59656
     -2.54423     -2.49393     -2.44553     -2.39897     -2.35415     -2.31099
     -2.26940     -2.22931     -2.19063     -2.15329     -2.11725     -2.08242
     -2.04869     -2.01596     -1.98425     -1.95341     -1.92347     -1.89409
     -1.86588     -1.83869     -1.81228     -1.78662     -1.76168     -1.73742
     -1.71382     -1.69085     -1.66849     -1.64672     -1.62550     -1.60483
     -1.58467     -1.56502     -1.54585     -1.52714     -1.50887     -1.49104
     -1.47363     -1.45662     -1.43999     -1.42375     -1.40786     -1.39232
     -1.37713     -1.36226     -1.34771     -1.33347     -1.31952
     -3.98998     -3.86768     -3.75265     -3.64427     -3.54197     -3.44525
     -3.35390     -3.26734     -3.18507     -3.10678     -3.03228     -2.96129
     -2.89355     -2.82883     -2.76691     -2.70762     -2.65081     -2.59630
     -2.54398     -2.49370     -2.44535     -2.39883     -2.35405     -2.31090
     -2.26932     -2.22923     -2.19054     -2.15318     -2.11710     -2.08221
     -2.04844     -2.01568     -1.98391     -1.95302     -1.92294     -1.89389
     -1.86588     -1.83869     -1.81228     -1.78662     -1.76168     -1.73742
     -1.71382     -1.69085     -1.66849     -1.64672     -1.62550     -1.60483
     -1.58467     -1.56502     -1.54585     -1.52714     -1.50887     -1.49104
     -1.47363     -1.45662     -1.43999     -1.42375     -1.40786     -1.39232
     -1.37713     -1.36226     -1.34771     -1.33347     -1.31952
     -3.98998     -3.86768     -3.75265     -3.64427     -3.54197     -3.44525
     -3.35368     -3.26685     -3.18441     -3.10614     -3.03173     -2.96080
     -2.89310     -2.82840     -2.76653     -2.70727     -2.65048     -2.59600
     -2.54370     -2.49345     -2.44513     -2.39864     -2.35387     -2.31075
     -2.26917     -2.22907     -2.19036     -2.15297     -2.11683     -2.08187
     -2.04801     -2.01519     -1.98332     -1.95250     -1.92275     -1.89389
     -1.86588     -1.83869     -1.81228     -1.78662     -1.76168     -1.73742
     -1.71382     -1.69085     -1.66849     -1.64672     -1.62550     -1.60483
     -1.58467     -1.56502     -1.54585     -1.52714     -1.50887     -1.49104
     -1.47363     -1.45662     -1.43999     -1.42375     -1.40786     -1.39232
     -1.37713     -1.36226     -1.34771     -1.33347     -1.31952
     -3.98998     -3.86768     -3.75265     -3.64427     -3.54197     -3.44525
     -3.35368     -3.26685     -3.18441     -3.10602     -3.03140     -2.96028
     -2.89251     -2.82788     -2.76605     -2.70684     -2.65009     -2.59565
     -2.54338     -2.49316     -2.44487     -2.39841     -2.35366     -2.31055
     -2.26897     -2.22886     -2.19013     -2.15271     -2.11652     -2.08150
     -2.04757     -2.01486     -1.98319     -1.95250     -1.92275     -1.89389
     -1.86588     -1.83869     -1.81228     -1.78662     -1.76168     -1.73742
     -1.71382     -1.69085     -1.66849     -1.64672     -1.62550     -1.60483
     -1.58467     -1.56502     -1.54585     -1.52714     -1.50887     -1.49104
     -1.47363     -1.45662     -1.43999     -1.42375     -1.40786     -1.39232
     -1.37713     -1.36226     -1.34771     -1.33347     -1.31952
     -3.98998     -3.86768     -3.75265     -3.64427     -3.54197     -3.44525
     -3.35368     -3.26685     -3.18441     -3.10602     -3.03140     -2.96028
     -2.89242     -2.82760     -2.76562     -2.70636     -2.64966     -2.59527
     -2.54304     -2.49286     -2.44460     -2.39816     -2.35343     -2.31032
     -2.26875     -2.22863     -2.18989     -2.15243     -2.11623     -2.08133
     -2.04755     -2.01486     -1.98319     -1.95250     -1.92275     -1.89389
     -1.86588     -1.83869     -1.81228     -1.78662     -1.76168     -1.73742
     -1.71382     -1.69085     -1.66849     -1.64672     -1.62550     -1.60483
     -1.58467     -1.56502     -1.54585     -1.52714     -1.50887     -1.49104
     -1.47363     -1.45662     -1.43999     -1.42375     -1.40786     -1.39232
     -1.37713     -1.36226     -1.34771     -1.33347     -1.31952
     -3.98998     -3.86768     -3.75265     -3.64427     -3.54197     -3.44525
     -3.35368     -3.26685     -3.18441     -3.10602     -3.03140     -2.96028
     -2.89242     -2.82760     -2.76562     -2.70630     -2.64948     -2.59499
     -2.54271     -2.49256     -2.44433     -2.39792     -2.35321     -2.31012
     -2.26855     -2.22843     -2.18969     -2.15233     -2.11623     -2.08133
     -2.04755     -2.01486     -1.98319     -1.95250     -1.92275     -1.89389
     -1.86588     -1.83869     -1.81228     -1.78662     -1.76168     -1.73742
     -1.71382     -1.69085     -1.66849     -1.64672     -1.62550     -1.60483
     -1.58467     -1.56502     -1.54585     -1.52714     -1.50887     -1.49104
     -1.47363     -1.45662     -1.43999     -1.42375     -1.40786     -1.39232
     -1.37713     -1.36226     -1.34771     -1.33347     -1.31952
     -3.98998     -3.86768     -3.75265     -3.64427     -3.54197     -3.44525
     -3.35368     -3.26685     -3.18441     -3.10602     -3.03140     -2.96028
     -2.89242     -2.82760     -2.76562     -2.70630     -2.64948     -2.59499
     -2.54269     -2.49247     -2.44418     -2.39774     -2.35305     -2.30998
     -2.26842     -2.22836     -2.18969     -2.15233     -2.11623     -2.08133
     -2.04755     -2.01486     -1.98319     -1.95250     -1.92275     -1.89389
     -1.86588     -1.83869     -1.81228     -1.78662     -1.76168     -1.73742
     -1.71382     -1.69085     -1.66849     -1.64672     -1.62550     -1.60483
     -1.58467     -1.56502     -1.54585     -1.52714     -1.50887     -1.49104
     -1.47363     -1.45662     -1.43999     -1.42375     -1.40786     -1.39232
     -1.37713     -1.36226     -1.34771     -1.33347     -1.31952
     -3.98998     -3.86768     -3.75265     -3.64427     -3.54197     -3.44525
     -3.35368     -3.26685     -3.18441     -3.10602     -3.03140     -2.96028
     -2.89242     -2.82760     -2.76562     -2.70630     -2.64948     -2.59499
     -2.54269     -2.49247     -2.44418     -2.39774     -2.35302     -2.30995
     -2.26842     -2.22836     -2.18969     -2.15233     -2.11623     -2.08133
     -2.04755     -2.01486     -1.98319     -1.95250     -1.92275     -1.89389
     -1.86588     -1.83869     -1.81228     -1.78662     -1.76168     -1.73742
     -1.71382     -1.69085     -1.66849     -1.64672     -1.62550     -1.60483
     -1.58467     -1.56502     -1.54585     -1.52714     -1.50887     -1.49104
     -1.47363     -1.45662     -1.43999     -1.42375     -1.40786     -1.39232
     -1.37713     -1.36226     -1.34771     -1.33347     -1.31952
     -3.98998     -3.86768     -3.75265     -3.64427     -3.54197     -3.44525
     -3.35368     -3.26685     -3.18441     -3.10602     -3.03140     -2.96028
     -2.89242     -2.82760     -2.76562     -2.70630     -2.64948     -2.59499
     -2.54269     -2.49247     -2.44418     -2.39774     -2.35302     -2.31000
     -2.26848     -2.22838     -2.18969     -2.15233     -2.11623     -2.08133
     -2.04755     -2.01486     -1.98319     -1.95250     -1.92275     -1.89389
     -1.86588     -1.83869     -1.81228     -1.78662     -1.76168     -1.73742
     -1.71382     -1.69085     -1.66849     -1.64672     -1.62550     -1.60483
     -1.58467     -1.56502     -1.54585     -1.52714     -1.50887     -1.49104
     -1.47363     -1.45662     -1.43999     -1.42375     -1.40786     -1.39232
     -1.37713     -1.36226     -1.34771     -1.33347     -1.31952
     -3.98998     -3.86768     -3.75265     -3.64427     -3.54197     -3.44525
     -3.35368     -3.26685     -3.18441     -3.10602     -3.03140     -2.96028
     -2.89242     -2.82760     -2.76562     -2.70630     -2.64948     -2.59499
     -2.54269     -2.49247     -2.44418     -2.39774     -2.35311     -2.31011
     -2.26861     -2.22853     -2.18980     -2.15234     -2.11623     -2.08133
     -2.04755     -2.01486     -1.98319     -1.95250     -1.92275     -1.89389
     -1.86588     -1.83869     -1.81228     -1.78662     -1.76168     -1.73742
     -1.71382     -1.69085     -1.66849     -1.64672     -1.62550     -1.60483
     -1.58467     -1.56502     -1.54585     -1.52714     -1.50887     -1.49104
     -1.47363     -1.45662     -1.43999     -1.42375     -1.40786     -1.39232
     -1.37713     -1.36226     -1.34771     -1.33347     -1.31952
     -3.98998     -3.86768     -3.75265     -3.64427     -3.54197     -3.44525
     -3.35368     -3.26685     -3.18441     -3.10602     -3.03140     -2.96028
     -2.89242     -2.82760     -2.76562     -2.70630     -2.64948     -2.59499
     -2.54269     -2.49247     -2.44418     -2.39785     -2.35327     -2.31027
     -2.26878     -2.22872     -2.19001     -2.15258     -2.11636     -2.08133
     -2.04755     -2.01486     -1.98319     -1.95250     -1.92275     -1.89389
     -1.86588     -1.83869     -1.81228     -1.78662     -1.76168     -1.73742
     -1.71382     -1.69085     -1.66849     -1.64672     -1.62550     -1.60483
     -1.58467     -1.56502     -1.54585     -1.52714     -1.50887     -1.49104
     -1.47363     -1.45662     -1.43999     -1.42375     -1.40786     -1.39232
     -1.37713     -1.36226     -1.34771     -1.33347     -1.31952
     -3.98998     -3.86768     -3.75265     -3.64427     -3.54197     -3.44525
     -3.35368     -3.26685     -3.18441     -3.10602     -3.03140     -2.96028
     -2.89242     -2.82760     -2.76562     -2.70630     -2.64948     -2.59499
     -2.54269     -2.49247     -2.44429     -2.39804     -2.35345     -2.31046
     -2.26898     -2.22893     -2.19024     -2.15283     -2.11665     -2.08162
     -2.04766     -2.01486     -1.98319     -1.95250     -1.92275     -1.89389
     -1.86588     -1.83869     -1.81228     -1.78662     -1.76168     -1.73742
     -1.71382     -1.69085     -1.66849     -1.64672     -1.62550     -1.60483
     -1.58467     -1.56502     -1.54585     -1.52714     -1.50887     -1.49104
     -1.47363     -1.45662     -1.43999     -1.42375     -1.40786     -1.39232
     -1.37713     -1.36226     -1.34771     -1.33347     -1.31952
     -3.98998     -3.86768     -3.75265     -3.64427     -3.54197     -3.44525
     -3.35368     -3.26685     -3.18441     -3.10602     -3.03140     -2.96028
     -2.89242     -2.82760     -2.76562     -2.70630     -2.64948     -2.59499
     -2.54269     -2.49255     -2.44451     -2.39824     -2.35365     -2.31065
     -2.26917     -2.22913     -2.19045     -2.15307     -2.11691     -2.08192
     -2.04803     -2.01516     -1.98327     -1.95250     -1.92275     -1.89389
     -1.86588     -1.83869     -1.81228     -1.78662     -1.76168     -1.73742
     -1.71382     -1.69085     -1.66849     -1.64672     -1.62550     -1.60483
     -1.58467     -1.56502     -1.54585     -1.52714     -1.50887     -1.49104
     -1.47363     -1.45662     -1.43999     -1.42375     -1.40786     -1.39232
     -1.37713     -1.36226     -1.34771     -1.33347     -1.31952
     -3.98998     -3.86768     -3.75265     -3.64427     -3.54197     -3.44525
     -3.35368     -3.26685     -3.18441     -3.10602     -3.03140     -2.96028
     -2.89242     -2.82760     -2.76562     -2.70630     -2.64948     -2.59499
     -2.54272     -2.49280     -2.44474     -2.39845     -2.35384     -2.31084
     -2.26935     -2.22931     -2.19064     -2.15327     -2.11714     -2.08217
     -2.04832     -2.01552     -1.98370     -1.95280     -1.92276     -1.89389
     -1.86588     -1.83869     -1.81228     -1.78662     -1.76168     -1.73742
     -1.71382     -1.69085     -1.66849     -1.64672     -1.62550     -1.60483
     -1.58467     -1.56502     -1.54585     -1.52714     -1.50887     -1.49104
     -1.47363     -1.45662     -1.43999     -1.42375     -1.40786     -1.39232
     -1.37713     -1.36226     -1.34771     -1.33347     -1.31952
     -3.98998     -3.86768     -3.75265     -3.64427     -3.54197     -3.44525
     -3.35368     -3.26685     -3.18441     -3.10602     -3.03140     -2.96028
     -2.89242     -2.82760     -2.76562     -2.70630     -2.64948     -2.59499
     -2.54300     -2.49305     -2.44496     -2.39865     -2.35403     -2.31101
     -2.26952     -2.22947     -2.19081     -2.15344     -2.11732     -2.08237
     -2.04854     -2.01578     -1.98401     -1.95319     -1.92326     -1.89415
     -1.86588     -1.83869     -1.81228     -1.78662     -1.76168     -1.73742
     -1.71382     -1.69085     -1.66849     -1.64672     -1.62550     -1.60483
     -1.58467     -1.56502     -1.54585     -1.52714     -1.50887     -1.49104
     -1.47363     -1.45662     -1.43999     -1.42375     -1.40786     -1.39232
     -1.37713     -1.36226     -1.34771     -1.33347     -1.31952
     -3.98998     -3.86768     -3.75265     -3.64427     -3.54197     -3.44525
     -3.35368     -3.26685     -3.18441     -3.10602     -3.03140     -2.96028
     -2.89242     -2.82760     -2.76562     -2.70630     -2.64948     -2.59525
     -2.54328     -2.49328     -2.44516     -2.39883     -2.35419     -2.31116
     -2.26966     -2.22961     -2.19094     -2.15358     -2.11747     -2.08253
     -2.04872     -2.01597     -1.98424     -1.95347     -1.92360     -1.89460
     -1.86638     -1.83890     -1.81228     -1.78662     -1.76168     -1.73742
     -1.71382     -1.69085     -1.66849     -1.64672     -1.62550     -1.60483
     -1.58467     -1.56502     -1.54585     -1.52714     -1.50887     -1.49104
     -1.47363     -1.45662     -1.43999     -1.42375     -1.40786     -1.39232
     -1.37713     -1.36226     -1.34771     -1.33347     -1.31952
     -3.98998     -3.86768     -3.75265     -3.64427     -3.54197     -3.44525
     -3.35368     -3.26685     -3.18441     -3.10602     -3.03140     -2.96028
     -2.89242     -2.82760     -2.76562     -2.70630     -2.64966     -2.59556
     -2.54353     -2.49349     -2.44534     -2.39898     -2.35433     -2.31129
     -2.26979     -2.22974     -2.19107     -2.15372     -2.11760     -2.08267
     -2.04886     -2.01613     -1.98441     -1.95366     -1.92383     -1.89488
     -1.86675     -1.83940     -1.81275     -1.78674     -1.76168     -1.73742
     -1.71382     -1.69085     -1.66849     -1.64672     -1.62550     -1.60483
     -1.58467     -1.56502     -1.54585     -1.52714     -1.50887     -1.49104
     -1.47363     -1.45662     -1.43999     -1.42375     -1.40786     -1.39232
     -1.37713     -1.36226     -1.34771     -1.33347     -1.31952
     -3.98998     -3.86768     -3.75265     -3.64427     -3.54197     -3.44525
     -3.35368     -3.26685     -3.18441     -3.10602     -3.03140     -2.96028
     -2.89242     -2.82760     -2.76562     -2.70638     -2.65000     -2.59583
     -2.54375     -2.49367     -2.44549     -2.39912     -2.35445     -2.31141
     -2.26992     -2.22988     -2.19122     -2.15388     -2.11777     -2.08285
     -2.04904     -2.01630     -1.98458     -1.95383     -1.92401     -1.89507
     -1.86698     -1.83969     -1.81315     -1.78730     -1.76207     -1.73742
     -1.71382     -1.69085     -1.66849     -1.64672     -1.62550     -1.60483
     -1.58467     -1.56502     -1.54585     -1.52714     -1.50887     -1.49104
     -1.47363     -1.45662     -1.43999     -1.42375     -1.40786     -1.39232
     -1.37713     -1.36226     -1.34771     -1.33347     -1.31952
     -3.98998     -3.86768     -3.75265     -3.64427     -3.54197     -3.44525
     -3.35368     -3.26685     -3.18441     -3.10602     -3.03140     -2.96028
     -2.89242     -2.82760     -2.76562     -2.70675     -2.65030     -2.59606
     -2.54394     -2.49383     -2.44562     -2.39924     -2.35458     -2.31156
     -2.27008     -2.23007     -2.19144     -2.15412     -2.11804     -2.08313
     -2.04934     -2.01659     -1.98486     -1.95409     -1.92424     -1.89528
     -1.86717     -1.83989     -1.81338     -1.78761     -1.76251     -1.73804
     -1.71410     -1.69085     -1.66849     -1.64672     -1.62550     -1.60483
     -1.58467     -1.56502     -1.54585     -1.52714     -1.50887     -1.49104
     -1.47363     -1.45662     -1.43999     -1.42375     -1.40786     -1.39232
     -1.37713     -1.36226     -1.34771     -1.33347     -1.31952
     -3.98998     -3.86768     -3.75265     -3.64427     -3.54197     -3.44525
     -3.35368     -3.26685     -3.18441     -3.10602     -3.03140     -2.96028
     -2.89242     -2.82760     -2.76595     -2.70707     -2.65054     -2.59625
     -2.54409     -2.49396     -2.44575     -2.39938     -2.35474     -2.31176
     -2.27033     -2.23037     -2.19179     -2.15453     -2.11849     -2.08362
     -2.04984     -2.01710     -1.98536     -1.95455     -1.92466     -1.89565
     -1.86748     -1.84014     -1.81360     -1.78781     -1.76275     -1.73837
     -1.71460     -1.69136     -1.66857     -1.64672     -1.62550     -1.60483
     -1.58467     -1.56502     -1.54585     -1.52714     -1.50887     -1.49104
     -1.47363     -1.45662     -1.43999     -1.42375     -1.40786     -1.39232
     -1.37713     -1.36226     -1.34771     -1.33347     -1.31952
     -3.98998     -3.86768     -3.75265     -3.64427     -3.54197     -3.44525
     -3.35368     -3.26685     -3.18441     -3.10602     -3.03140     -2.96028
     -2.89242     -2.82776     -2.76630     -2.70734     -2.65074     -2.59641
     -2.54422     -2.49408     -2.44589     -2.39956     -2.35498     -2.31206
     -2.27071     -2.23085     -2.19237     -2.15519     -2.11924     -2.08443
     -2.05071     -2.01799     -1.98624     -1.95540     -1.92545     -1.89635
     -1.86808     -1.84063     -1.81398     -1.78810     -1.76298     -1.73858
     -1.71485     -1.69174     -1.66916     -1.64702     -1.62550     -1.60483
     -1.58467     -1.56502     -1.54585     -1.52714     -1.50887     -1.49104
     -1.47363     -1.45662     -1.43999     -1.42375     -1.40786     -1.39232
     -1.37713     -1.36226     -1.34771     -1.33347     -1.31952
     -3.98998     -3.86768     -3.75265     -3.64427     -3.54197     -3.44525
     -3.35368     -3.26685     -3.18441     -3.10602     -3.03140     -2.96028
     -2.89242     -2.82814     -2.76658     -2.70754     -2.65090     -2.59653
     -2.54435     -2.49423     -2.44609     -2.39982     -2.35533     -2.31253
     -2.27131     -2.23159     -2.19326     -2.15623     -2.12041     -2.08572
     -2.05208     -2.01942     -1.98768     -1.95681     -1.92679     -1.89758
     -1.86917     -1.84156     -1.81473     -1.78868     -1.76340     -1.73888
     -1.71508     -1.69195     -1.66945     -1.64749     -1.62596     -1.60483
     -1.58467     -1.56502     -1.54585     -1.52714     -1.50887     -1.49104
     -1.47363     -1.45662     -1.43999     -1.42375     -1.40786     -1.39232
     -1.37713     -1.36226     -1.34771     -1.33347     -1.31952
     -3.98998     -3.86768     -3.75265     -3.64427     -3.54197     -3.44525
     -3.35368     -3.26685     -3.18441     -3.10602     -3.03140     -2.96028
     -2.89274     -2.82844     -2.76681     -2.70771     -2.65103     -2.59666
     -2.54449     -2.49442     -2.44636     -2.40020     -2.35585     -2.31322
     -2.27220     -2.23268     -2.19457     -2.15775     -2.12214     -2.08763
     -2.05412     -2.02156     -1.98986     -1.95899     -1.92889     -1.89956
     -1.87098     -1.84314     -1.81607     -1.78976     -1.76423     -1.73947
     -1.71548     -1.69222     -1.66966     -1.64772     -1.62634     -1.60539
     -1.58474     -1.56502     -1.54585     -1.52714     -1.50887     -1.49104
     -1.47363     -1.45662     -1.43999     -1.42375     -1.40786     -1.39232
     -1.37713     -1.36226     -1.34771     -1.33347     -1.31952
     -3.98998     -3.86768     -3.75265     -3.64427     -3.54197     -3.44525
     -3.35368     -3.26685     -3.18441     -3.10602     -3.03140     -2.96028
     -2.89306     -2.82868     -2.76698     -2.70784     -2.65114     -2.59679
     -2.54466     -2.49468     -2.44673     -2.40074     -2.35659     -2.31419
     -2.27343     -2.23419     -2.19638     -2.15986     -2.12453     -2.09028
     -2.05699     -2.02458     -1.99297     -1.96210     -1.93195     -1.90247
     -1.87368     -1.84557     -1.81819     -1.79154     -1.76565     -1.74055
     -1.71625     -1.69273     -1.66998     -1.64794     -1.62654     -1.60570
     -1.58528     -1.56514     -1.54585     -1.52714     -1.50887     -1.49104
     -1.47363     -1.45662     -1.43999     -1.42375     -1.40786     -1.39232
     -1.37713     -1.36226     -1.34771     -1.33347     -1.31952
     -3.98998     -3.86768     -3.75265     -3.64427     -3.54197     -3.44525
     -3.35368     -3.26685     -3.18441     -3.10602     -3.03140     -2.96062
     -2.89332     -2.82886     -2.76711     -2.70795     -2.65126     -2.59694
     -2.54489     -2.49503     -2.44725     -2.40146     -2.35757     -2.31547
     -2.27504     -2.23618     -2.19874     -2.16262     -2.12766     -2.09375
     -2.06075     -2.02857     -1.99710     -1.96629     -1.93608     -1.90647
     -1.87743     -1.84901     -1.82124     -1.79416     -1.76783     -1.74228
     -1.71755     -1.69365     -1.67058     -1.64830     -1.62676     -1.60588
     -1.58555     -1.56563     -1.54596     -1.52714     -1.50887     -1.49104
     -1.47363     -1.45662     -1.43999     -1.42375     -1.40786     -1.39232
     -1.37713     -1.36226     -1.34771     -1.33347     -1.31952
     -3.98998     -3.86768     -3.75265     -3.64427     -3.54197     -3.44525
     -3.35368     -3.26685     -3.18441     -3.10602     -3.03140     -2.96090
     -2.89352     -2.82900     -2.76722     -2.70805     -2.65138     -2.59713
     -2.54519     -2.49547     -2.44790     -2.40237     -2.35879     -2.31705
     -2.27704     -2.23862     -2.20166     -2.16601     -2.13152     -2.09803
     -2.06541     -2.03352     -2.00226     -1.97154     -1.94131     -1.91155
     -1.88226     -1.85348     -1.82528     -1.79770     -1.77083     -1.74474
     -1.71948     -1.69508     -1.67157     -1.64894     -1.62713     -1.60609
     -1.58571     -1.56588     -1.54642     -1.52716     -1.50887     -1.49104
     -1.47363     -1.45662     -1.43999     -1.42375     -1.40786     -1.39232
     -1.37713     -1.36226     -1.34771     -1.33347     -1.31952
     -3.98998     -3.86768     -3.75265     -3.64427     -3.54197     -3.44525
     -3.35368     -3.26685     -3.18441     -3.10602     -3.03159     -2.96112
     -2.89367     -2.82911     -2.76731     -2.70814     -2.65152     -2.59735
     -2.54554     -2.49601     -2.44867     -2.40344     -2.36022     -2.31890
     -2.27936     -2.24145     -2.20504     -2.16994     -2.13598     -2.10301
     -2.07083     -2.03930     -2.00829     -1.97771     -1.94748     -1.91758
     -1.88804     -1.85888     -1.83020     -1.80207     -1.77460     -1.74788
     -1.72201     -1.69703     -1.67300     -1.64991     -1.62774     -1.60644
     -1.58590     -1.56603     -1.54666     -1.52762     -1.50887     -1.49104
     -1.47363     -1.45662     -1.43999     -1.42375     -1.40786     -1.39232
     -1.37713     -1.36226     -1.34771     -1.33347     -1.31952
     -3.98998     -3.86768     -3.75265     -3.64427     -3.54197     -3.44525
     -3.35368     -3.26685     -3.18441     -3.10602     -3.03182     -2.96128
     -2.89379     -2.82920     -2.76738     -2.70824     -2.65168     -2.59760
     -2.54593     -2.49660     -2.44952     -2.40460     -2.36177     -2.32090
     -2.28186     -2.24451     -2.20867     -2.17417     -2.14081     -2.10839
     -2.07669     -2.04556     -2.01486     -1.98443     -1.95423     -1.92423
     -1.89443     -1.86490     -1.83573     -1.80703     -1.77893     -1.75155
     -1.72501     -1.69941     -1.67478     -1.65119     -1.62859     -1.60695
     -1.58618     -1.56618     -1.54680     -1.52787     -1.50920     -1.49104
     -1.47363     -1.45662     -1.43999     -1.42375     -1.40786     -1.39232
     -1.37713     -1.36226     -1.34771     -1.33347     -1.31952
     -3.98998     -3.86768     -3.75265     -3.64427     -3.54197     -3.44525
     -3.35368     -3.26685     -3.18441     -3.10602     -3.03200     -2.96141
     -2.89388     -2.82926     -2.76745     -2.70834     -2.65184     -2.59786
     -2.54634     -2.49720     -2.45038     -2.40579     -2.36334     -2.32291
     -2.28437     -2.24756     -2.21231     -2.17841     -2.14563     -2.11375
     -2.08256     -2.05185     -2.02145     -1.99121     -1.96107     -1.93097
     -1.90094     -1.87105     -1.84141     -1.81215     -1.78344     -1.75542
     -1.72823     -1.70199     -1.67678     -1.65265     -1.62960     -1.60760
     -1.58656     -1.56637     -1.54691     -1.52801     -1.50948     -1.49111
     -1.47363     -1.45662     -1.43999     -1.42375     -1.40786     -1.39232
     -1.37713     -1.36226     -1.34771     -1.33347     -1.31952
     -3.98998     -3.86768     -3.75265     -3.64427     -3.54197     -3.44525
     -3.35368     -3.26685     -3.18441     -3.10602     -3.03213     -2.96150
     -2.89394     -2.82931     -2.76751     -2.70843     -2.65199     -2.59811
     -2.54672     -2.49776     -2.45117     -2.40687     -2.36475     -2.32472
     -2.28663     -2.25033     -2.21560     -2.18223     -2.14999     -2.11862
     -2.08787     -2.05755     -2.02744     -1.99739     -1.96730     -1.93714
     -1.90691     -1.87672     -1.84667     -1.81693     -1.78766     -1.75905
     -1.73128     -1.70446     -1.67873     -1.65411     -1.63064     -1.60828
     -1.58697     -1.56660     -1.54703     -1.52809     -1.50962     -1.49140
     -1.47363     -1.45662     -1.43999     -1.42375     -1.40786     -1.39232
     -1.37713     -1.36226     -1.34771     -1.33347     -1.31952
     -3.98998     -3.86768     -3.75265     -3.64427     -3.54197     -3.44525
     -3.35368     -3.26685     -3.18441     -3.10613     -3.03224     -2.96157
     -2.89399     -2.82935     -2.76756     -2.70851     -2.65211     -2.59831
     -2.54703     -2.49822     -2.45181     -2.40773     -2.36589     -2.32617
     -2.28843     -2.25250     -2.21819     -2.18523     -2.15341     -2.12244
     -2.09207     -2.06204     -2.03216     -2.00226     -1.97223     -1.94202
     -1.91165     -1.88123     -1.85087     -1.82075     -1.79106     -1.76200
     -1.73376     -1.70650     -1.68034     -1.65534     -1.63153     -1.60889
     -1.58735     -1.56681     -1.54713     -1.52816     -1.50970     -1.49156
     -1.47363     -1.45662     -1.43999     -1.42375     -1.40786     -1.39232
     -1.37713     -1.36226     -1.34771     -1.33347     -1.31952
     -3.98998     -3.86768     -3.75265     -3.64427     -3.54197     -3.44525
     -3.35368     -3.26685     -3.18441     -3.10623     -3.03230     -2.96161
     -2.89401     -2.82938     -2.76759     -2.70856     -2.65220     -2.59844
     -2.54723     -2.49851     -2.45221     -2.40827     -2.36659     -2.32705
     -2.28953     -2.25384     -2.21977     -2.18707     -2.15550     -2.12477
     -2.09462     -2.06477     -2.03504     -2.00524     -1.97523     -1.94501
     -1.91456     -1.88399     -1.85345     -1.82310     -1.79316     -1.76383
     -1.73531     -1.70778     -1.68135     -1.65611     -1.63210     -1.60928
     -1.58760     -1.56696     -1.54721     -1.52820     -1.50974     -1.49163
     -1.47367     -1.45662     -1.43999     -1.42375     -1.40786     -1.39232
     -1.37713     -1.36226     -1.34771     -1.33347     -1.31952
     -3.98998     -3.86768     -3.75265     -3.64427     -3.54197     -3.44525
     -3.35368     -3.26685     -3.18441     -3.10627     -3.03233     -2.96163
     -2.89402     -2.82939     -2.76760     -2.70857     -2.65222     -2.59848
     -2.54729     -2.49859     -2.45232     -2.40841     -2.36677     -2.32728
     -2.28980     -2.25416     -2.22015     -2.18750     -2.15599     -2.12531
     -2.09521     -2.06541     -2.03571     -2.00592     -1.97592     -1.94570
     -1.91524     -1.88464     -1.85406     -1.82366     -1.79366     -1.76427
     -1.73569     -1.70808     -1.68160     -1.65630     -1.63223     -1.60937
     -1.58766     -1.56699     -1.54722     -1.52820     -1.50974     -1.49164
     -1.47369     -1.45662     -1.43999     -1.42375     -1.40786     -1.39232
     -1.37713     -1.36226     -1.34771     -1.33347     -1.31952
     -3.98998     -3.86768     -3.75265     -3.64427     -3.54197     -3.44525
     -3.35368     -3.26685     -3.18441     -3.10627     -3.03232     -2.96162
     -2.89402     -2.82938     -2.76759     -2.70856     -2.65219     -2.59843
     -2.54720     -2.49846     -2.45214     -2.40815     -2.36641     -2.32682
     -2.28922     -2.25344     -2.21926     -2.18648     -2.15481     -2.12399
     -2.09376     -2.06385     -2.03407     -2.00422     -1.97422     -1.94400
     -1.91360     -1.88309     -1.85260     -1.82234     -1.79248     -1.76325
     -1.73483     -1.70738     -1.68103     -1.65587     -1.63191     -1.60915
     -1.58751     -1.56690     -1.54718     -1.52818     -1.50972     -1.49159
     -1.47363     -1.45662     -1.43999     -1.42375     -1.40786     -1.39232
     -1.37713     -1.36226     -1.34771     -1.33347     -1.31952
     -3.98998     -3.86768     -3.75265     -3.64427     -3.54197     -3.44525
     -3.35368     -3.26685     -3.18441     -3.10623     -3.03229     -2.96160
     -2.89400     -2.82936     -2.76757     -2.70851     -2.65211     -2.59829
     -2.54699     -2.49814     -2.45166     -2.40750     -2.36555     -2.32571
     -2.28783     -2.25174     -2.21723     -2.18411     -2.15210     -2.12096
     -2.09043     -2.06029     -2.03032     -2.00036     -1.97031     -1.94014
     -1.90984     -1.87952     -1.84930     -1.81933     -1.78982     -1.76093
     -1.73287     -1.70577     -1.67976     -1.65489     -1.63120     -1.60866
     -1.58720     -1.56672     -1.54709     -1.52813     -1.50966     -1.49147
     -1.47363     -1.45662     -1.43999     -1.42375     -1.40786     -1.39232
     -1.37713     -1.36226     -1.34771     -1.33347     -1.31952
     -3.98998     -3.86768     -3.75265     -3.64427     -3.54197     -3.44525
     -3.35368     -3.26685     -3.18441     -3.10615     -3.03223     -2.96155
     -2.89396     -2.82933     -2.76752     -2.70844     -2.65199     -2.59809
     -2.54666     -2.49765     -2.45097     -2.40656     -2.36430     -2.32410
     -2.28581     -2.24927     -2.21430     -2.18069     -2.14819     -2.11660
     -2.08565     -2.05517     -2.02493     -1.99482     -1.96472     -1.93461
     -1.90449     -1.87445     -1.84459     -1.81507     -1.78604     -1.75766
     -1.73012     -1.70353     -1.67799     -1.65355     -1.63024     -1.60801
     -1.58680     -1.56650     -1.54697     -1.52806     -1.50956     -1.49125
     -1.47363     -1.45662     -1.43999     -1.42375     -1.40786     -1.39232
     -1.37713     -1.36226     -1.34771     -1.33347     -1.31952
     -3.98998     -3.86768     -3.75265     -3.64427     -3.54197     -3.44525
     -3.35368     -3.26685     -3.18441     -3.10602     -3.03213     -2.96148
     -2.89391     -2.82928     -2.76746     -2.70835     -2.65183     -2.59784
     -2.54627     -2.49707     -2.45015     -2.40542     -2.36279     -2.32216
     -2.28339     -2.24632     -2.21079     -2.17660     -2.14354     -2.11139
     -2.07998     -2.04909     -2.01855     -1.98825     -1.95811     -1.92809
     -1.89818     -1.86848     -1.83908     -1.81008     -1.78164     -1.75389
     -1.72698     -1.70099     -1.67601     -1.65209     -1.62921     -1.60734
     -1.58640     -1.56629     -1.54686     -1.52796     -1.50937     -1.49104
     -1.47363     -1.45662     -1.43999     -1.42375     -1.40786     -1.39232
     -1.37713     -1.36226     -1.34771     -1.33347     -1.31952
     -3.98998     -3.86768     -3.75265     -3.64427     -3.54197     -3.44525
     -3.35368     -3.26685     -3.18441     -3.10602     -3.03199     -2.96137
     -2.89383     -2.82922     -2.76740     -2.70825     -2.65167     -2.59757
     -2.54586     -2.49645     -2.44927     -2.40422     -2.36120     -2.32011
     -2.28082     -2.24319     -2.20706     -2.17225     -2.13860     -2.10589
     -2.07398     -2.04267     -2.01183     -1.98136     -1.95118     -1.92126
     -1.89162     -1.86230     -1.83337     -1.80496     -1.77715     -1.75008
     -1.72382     -1.69848     -1.67410     -1.65070     -1.62826     -1.60675
     -1.58607     -1.56612     -1.54675     -1.52779     -1.50903     -1.49104
     -1.47363     -1.45662     -1.43999     -1.42375     -1.40786     -1.39232
     -1.37713     -1.36226     -1.34771     -1.33347     -1.31952
     -3.98998     -3.86768     -3.75265     -3.64427     -3.54197     -3.44525
     -3.35368     -3.26685     -3.18441     -3.10602     -3.03180     -2.96124
     -2.89373     -2.82914     -2.76732     -2.70815     -2.65152     -2.59732
     -2.54547     -2.49586     -2.44842     -2.40305     -2.35965     -2.31811
     -2.27833     -2.24015     -2.20344     -2.16805     -2.13381     -2.10057
     -2.06817     -2.03648     -2.00537     -1.97475     -1.94457     -1.91478
     -1.88540     -1.85647     -1.82804     -1.80020     -1.77302     -1.74660
     -1.72100     -1.69627     -1.67245     -1.64954     -1.62751     -1.60630
     -1.58583     -1.56598     -1.54659     -1.52749     -1.50887     -1.49104
     -1.47363     -1.45662     -1.43999     -1.42375     -1.40786     -1.39232
     -1.37713     -1.36226     -1.34771     -1.33347     -1.31952
     -3.98998     -3.86768     -3.75265     -3.64427     -3.54197     -3.44525
     -3.35368     -3.26685     -3.18441     -3.10602     -3.03156     -2.96106
     -2.89360     -2.82904     -2.76723     -2.70805     -2.65138     -2.59710
     -2.54512     -2.49534     -2.44767     -2.40200     -2.35826     -2.31632
     -2.27608     -2.23741     -2.20018     -2.16426     -2.12951     -2.09580
     -2.06299     -2.03096     -1.99963     -1.96890     -1.93872     -1.90907
     -1.87996     -1.85141     -1.82345     -1.79614     -1.76955     -1.74372
     -1.71870     -1.69452     -1.67119     -1.64870     -1.62699     -1.60602
     -1.58567     -1.56582     -1.54631     -1.52714     -1.50887     -1.49104
     -1.47363     -1.45662     -1.43999     -1.42375     -1.40786     -1.39232
     -1.37713     -1.36226     -1.34771     -1.33347     -1.31952
     -3.98998     -3.86768     -3.75265     -3.64427     -3.54197     -3.44525
     -3.35368     -3.26685     -3.18441     -3.10602     -3.03140     -2.96082
     -2.89342     -2.82891     -2.76713     -2.70795     -2.65125     -2.59691
     -2.54483     -2.49491     -2.44705     -2.40114     -2.35710     -2.31482
     -2.27419     -2.23511     -2.19744     -2.16108     -2.12591     -2.09180
     -2.05865     -2.02637     -1.99486     -1.96406     -1.93392     -1.90443
     -1.87557     -1.84735     -1.81981     -1.79298     -1.76688     -1.74155
     -1.71702     -1.69329     -1.67035     -1.64817     -1.62669     -1.60583
     -1.58550     -1.56554     -1.54585     -1.52714     -1.50887     -1.49104
     -1.47363     -1.45662     -1.43999     -1.42375     -1.40786     -1.39232
     -1.37713     -1.36226     -1.34771     -1.33347     -1.31952
     -3.98998     -3.86768     -3.75265     -3.64427     -3.54197     -3.44525
     -3.35368     -3.26685     -3.18441     -3.10602     -3.03140     -2.96051
     -2.89319     -2.82874     -2.76700     -2.70784     -2.65113     -2.59676
     -2.54461     -2.49458     -2.44656     -2.40047     -2.35619     -2.31364
     -2.27271     -2.23329     -2.19528     -2.15858     -2.12307     -2.08867
     -2.05526     -2.02279     -1.99116     -1.96033     -1.93025     -1.90090
     -1.87226     -1.84434     -1.81715     -1.79070     -1.76501     -1.74009
     -1.71593     -1.69253     -1.66986     -1.64787     -1.62650     -1.60565
     -1.58520     -1.56503     -1.54585     -1.52714     -1.50887     -1.49104
     -1.47363     -1.45662     -1.43999     -1.42375     -1.40786     -1.39232
     -1.37713     -1.36226     -1.34771     -1.33347     -1.31952
     -3.98998     -3.86768     -3.75265     -3.64427     -3.54197     -3.44525
     -3.35368     -3.26685     -3.18441     -3.10602     -3.03140     -2.96028
     -2.89289     -2.82851     -2.76683     -2.70770     -2.65101     -2.59663
     -2.54444     -2.49433     -2.44622     -2.39998     -2.35554     -2.31278
     -2.27162     -2.23195     -2.19369     -2.15673     -2.12098     -2.08636
     -2.05278     -2.02018     -1.98848     -1.95765     -1.92763     -1.89841
     -1.86997     -1.84229     -1.81538     -1.78923     -1.76384     -1.73921
     -1.71531     -1.69212     -1.66960     -1.64768     -1.62628     -1.60530
     -1.58467     -1.56502     -1.54585     -1.52714     -1.50887     -1.49104
     -1.47363     -1.45662     -1.43999     -1.42375     -1.40786     -1.39232
     -1.37713     -1.36226     -1.34771     -1.33347     -1.31952
     -3.98998     -3.86768     -3.75265     -3.64427     -3.54197     -3.44525
     -3.35368     -3.26685     -3.18441     -3.10602     -3.03140     -2.96028
     -2.89252     -2.82822     -2.76660     -2.70753     -2.65087     -2.59650
     -2.54429     -2.49415     -2.44597     -2.39965     -2.35509     -2.31219
     -2.27087     -2.23103     -2.19258     -2.15545     -2.11954     -2.08477
     -2.05108     -2.01840     -1.98668     -1.95586     -1.92592     -1.89681
     -1.86852     -1.84103     -1.81432     -1.78838     -1.76320     -1.73875
     -1.71499     -1.69189     -1.66939     -1.64742     -1.62587     -1.60483
     -1.58467     -1.56502     -1.54585     -1.52714     -1.50887     -1.49104
     -1.47363     -1.45662     -1.43999     -1.42375     -1.40786     -1.39232
     -1.37713     -1.36226     -1.34771     -1.33347     -1.31952
     -3.98998     -3.86768     -3.75265     -3.64427     -3.54197     -3.44525
     -3.35368     -3.26685     -3.18441     -3.10602     -3.03140     -2.96028
     -2.89242     -2.82785     -2.76631     -2.70730     -2.65069     -2.59634
     -2.54415     -2.49401     -2.44579     -2.39942     -2.35479     -2.31181
     -2.27038     -2.23044     -2.19188     -2.15463     -2.11861     -2.08376
     -2.05001     -2.01729     -1.98556     -1.95477     -1.92489     -1.89587
     -1.86769     -1.84033     -1.81376     -1.78795     -1.76288     -1.73850
     -1.71478     -1.69166     -1.66906     -1.64689     -1.62550     -1.60483
     -1.58467     -1.56502     -1.54585     -1.52714     -1.50887     -1.49104
     -1.47363     -1.45662     -1.43999     -1.42375     -1.40786     -1.39232
     -1.37713     -1.36226     -1.34771     -1.33347     -1.31952
     -3.98998     -3.86768     -3.75265     -3.64427     -3.54197     -3.44525
     -3.35368     -3.26685     -3.18441     -3.10602     -3.03140     -2.96028
     -2.89242     -2.82760     -2.76593     -2.70700     -2.65045     -2.59615
     -2.54399     -2.49386     -2.44564     -2.39925     -2.35459     -2.31156
     -2.27008     -2.23007     -2.19145     -2.15414     -2.11806     -2.08317
     -2.04938     -2.01665     -1.98493     -1.95417     -1.92433     -1.89537
     -1.86727     -1.83998     -1.81347     -1.78772     -1.76266     -1.73827
     -1.71448     -1.69120     -1.66849     -1.64672     -1.62550     -1.60483
     -1.58467     -1.56502     -1.54585     -1.52714     -1.50887     -1.49104
     -1.47363     -1.45662     -1.43999     -1.42375     -1.40786     -1.39232
     -1.37713     -1.36226     -1.34771     -1.33347     -1.31952
     -3.98998     -3.86768     -3.75265     -3.64427     -3.54197     -3.44525
     -3.35368     -3.26685     -3.18441     -3.10602     -3.03140     -2.96028
     -2.89242     -2.82760     -2.76562     -2.70661     -2.65013     -2.59589
     -2.54378     -2.49367     -2.44548     -2.39910     -2.35443     -2.31139
     -2.26989     -2.22985     -2.19119     -2.15385     -2.11775     -2.08283
     -2.04904     -2.01631     -1.98460     -1.95385     -1.92404     -1.89511
     -1.86704     -1.83976     -1.81326     -1.78747     -1.76236     -1.73784
     -1.71386     -1.69085     -1.66849     -1.64672     -1.62550     -1.60483
     -1.58467     -1.56502     -1.54585     -1.52714     -1.50887     -1.49104
     -1.47363     -1.45662     -1.43999     -1.42375     -1.40786     -1.39232
     -1.37713     -1.36226     -1.34771     -1.33347     -1.31952
     -3.98998     -3.86768     -3.75265     -3.64427     -3.54197     -3.44525
     -3.35368     -3.26685     -3.18441     -3.10602     -3.03140     -2.96028
     -2.89242     -2.82760     -2.76562     -2.70630     -2.64971     -2.59554
     -2.54348     -2.49343     -2.44527     -2.39891     -2.35426     -2.31122
     -2.26972     -2.22968     -2.19101     -2.15366     -2.11755     -2.08263
     -2.04883     -2.01610     -1.98439     -1.95365     -1.92384     -1.89491
     -1.86681     -1.83950     -1.81293     -1.78703     -1.76175     -1.73742
     -1.71382     -1.69085     -1.66849     -1.64672     -1.62550     -1.60483
     -1.58467     -1.56502     -1.54585     -1.52714     -1.50887     -1.49104
     -1.47363     -1.45662     -1.43999     -1.42375     -1.40786     -1.39232
     -1.37713     -1.36226     -1.34771     -1.33347     -1.31952
     -3.98998     -3.86768     -3.75265     -3.64427     -3.54197     -3.44525
     -3.35368     -3.26685     -3.18441     -3.10602     -3.03140     -2.96028
     -2.89242     -2.82760     -2.76562     -2.70630     -2.64948     -2.59508
     -2.54309     -2.49308     -2.44497     -2.39865     -2.35402     -2.31100
     -2.26952     -2.22948     -2.19082     -2.15347     -2.11736     -2.08244
     -2.04863     -2.01589     -1.98417     -1.95342     -1.92357     -1.89460
     -1.86643     -1.83902     -1.81231     -1.78662     -1.76168     -1.73742
     -1.71382     -1.69085     -1.66849     -1.64672     -1.62550     -1.60483
     -1.58467     -1.56502     -1.54585     -1.52714     -1.50887     -1.49104
     -1.47363     -1.45662     -1.43999     -1.42375     -1.40786     -1.39232
     -1.37713     -1.36226     -1.34771     -1.33347     -1.31952
     -3.98998     -3.86768     -3.75265     -3.64427     -3.54197     -3.44525
     -3.35368     -3.26685     -3.18441     -3.10602     -3.03140     -2.96028
     -2.89242     -2.82760     -2.76562     -2.70630     -2.64948     -2.59499
     -2.54269     -2.49261     -2.44455     -2.39827     -2.35368     -2.31069
     -2.26922     -2.22920     -2.19055     -2.15320     -2.11709     -2.08216
     -2.04834     -2.01558     -1.98383     -1.95302     -1.92311     -1.89404
     -1.86588     -1.83869     -1.81228     -1.78662     -1.76168     -1.73742
     -1.71382     -1.69085     -1.66849     -1.64672     -1.62550     -1.60483
     -1.58467     -1.56502     -1.54585     -1.52714     -1.50887     -1.49104
     -1.47363     -1.45662     -1.43999     -1.42375     -1.40786     -1.39232
     -1.37713     -1.36226     -1.34771     -1.33347     -1.31952
     -3.98998     -3.86768     -3.75265     -3.64427     -3.54197     -3.44525
     -3.35368     -3.26685     -3.18441     -3.10602     -3.03140     -2.96028
     -2.89242     -2.82760     -2.76562     -2.70630     -2.64948     -2.59499
     -2.54269     -2.49247     -2.44418     -2.39774     -2.35319     -2.31023
     -2.26878     -2.22878     -2.19013     -2.15278     -2.11667     -2.08172
     -2.04787     -2.01507     -1.98325     -1.95250     -1.92275     -1.89389
     -1.86588     -1.83869     -1.81228     -1.78662     -1.76168     -1.73742
     -1.71382     -1.69085     -1.66849     -1.64672     -1.62550     -1.60483
     -1.58467     -1.56502     -1.54585     -1.52714     -1.50887     -1.49104
     -1.47363     -1.45662     -1.43999     -1.42375     -1.40786     -1.39232
     -1.37713     -1.36226     -1.34771     -1.33347     -1.31952
     -3.98998     -3.86768     -3.75265     -3.64427     -3.54197     -3.44525
     -3.35368     -3.26685     -3.18441     -3.10602     -3.03140     -2.96028
     -2.89242     -2.82760     -2.76562     -2.70630     -2.64948     -2.59499
     -2.54269     -2.49247     -2.44418     -2.39774     -2.35302     -2.30995
     -2.26842     -2.22836     -2.18969     -2.15233     -2.11623     -2.08133
     -2.04755     -2.01486     -1.98319     -1.95250     -1.92275     -1.89389
     -1.86588     -1.83869     -1.81228     -1.78662     -1.76168     -1.73742
     -1.71382     -1.69085     -1.66849     -1.64672     -1.62550     -1.60483
     -1.58467     -1.56502     -1.54585     -1.52714     -1.50887     -1.49104
     -1.47363     -1.45662     -1.43999     -1.42375     -1.40786     -1.39232
     -1.37713     -1.36226     -1.34771     -1.33347     -1.31952
     -3.98998     -3.86768     -3.75265     -3.64427     -3.54197     -3.44525
     -3.35368     -3.26685     -3.18441     -3.10602     -3.03140     -2.96028
     -2.89242     -2.82760     -2.76562     -2.70630     -2.64948     -2.59499
     -2.54269     -2.49247     -2.44418     -2.39774     -2.35302     -2.30995
     -2.26842     -2.22836     -2.18969     -2.15233     -2.11623     -2.08133
     -2.04755     -2.01486     -1.98319     -1.95250     -1.92275     -1.89389
     -1.86588     -1.83869     -1.81228     -1.78662     -1.76168     -1.73742
     -1.71382     -1.69085     -1.66849     -1.64672     -1.62550     -1.60483
     -1.58467     -1.56502     -1.54585     -1.52714     -1.50887     -1.49104
     -1.47363     -1.45662     -1.43999     -1.42375     -1.40786     -1.39232
     -1.37713     -1.36226     -1.34771     -1.33347     -1.31952
     -3.98998     -3.86768     -3.75265     -3.64427     -3.54197     -3.44525
     -3.35368     -3.26685     -3.18441     -3.10602     -3.03140     -2.96028
     -2.89242     -2.82760     -2.76562     -2.70630     -2.64948     -2.59499
     -2.54269     -2.49247     -2.44418     -2.39774     -2.35302     -2.30995
     -2.26842     -2.22836     -2.18969     -2.15233     -2.11623     -2.08133
     -2.04755     -2.01486     -1.98319     -1.95250     -1.92275     -1.89389
     -1.86588     -1.83869     -1.81228     -1.78662     -1.76168     -1.73742
     -1.71382     -1.69085     -1.66849     -1.64672     -1.62550     -1.60483
     -1.58467     -1.56502     -1.54585     -1.52714     -1.50887     -1.49104
     -1.47363     -1.45662     -1.43999     -1.42375     -1.40786     -1.39232
     -1.37713     -1.36226     -1.34771     -1.33347     -1.31952
     -3.98998     -3.86768     -3.75265     -3.64427     -3.54197     -3.44525
     -3.35368     -3.26685     -3.18441     -3.10602     -3.03140     -2.96028
     -2.89242     -2.82760     -2.76562     -2.70630     -2.64948     -2.59499
     -2.54269     -2.49247     -2.44418     -2.39774     -2.35302     -2.30995
     -2.26842     -2.22836     -2.18969     -2.15233     -2.11623     -2.08133
     -2.04755     -2.01486     -1.98319     -1.95250     -1.92275     -1.89389
     -1.86588     -1.83869     -1.81228     -1.78662     -1.76168     -1.73742
     -1.71382     -1.69085     -1.66849     -1.64672     -1.62550     -1.60483
     -1.58467     -1.56502     -1.54585     -1.52714     -1.50887     -1.49104
     -1.47363     -1.45662     -1.43999     -1.42375     -1.40786     -1.39232
     -1.37713     -1.36226     -1.34771     -1.33347     -1.31952
     -3.98998     -3.86768     -3.75265     -3.64427     -3.54197     -3.44525
     -3.35368     -3.26685     -3.18441     -3.10602     -3.03140     -2.96028
     -2.89242     -2.82760     -2.76562     -2.70630     -2.64948     -2.59499
     -2.54269     -2.49247     -2.44418     -2.39774     -2.35302     -2.30995
     -2.26842     -2.22836     -2.18969     -2.15233     -2.11623     -2.08133
     -2.04755     -2.01486     -1.98319     -1.95250     -1.92275     -1.89389
     -1.86588     -1.83869     -1.81228     -1.78662     -1.76168     -1.73742
     -1.71382     -1.69085     -1.66849     -1.64672     -1.62550     -1.60483
     -1.58467     -1.56502     -1.54585     -1.52714     -1.50887     -1.49104
     -1.47363     -1.45662     -1.43999     -1.42375     -1.40786     -1.39232
     -1.37713     -1.36226     -1.34771     -1.33347     -1.31952
     -3.98998     -3.86768     -3.75265     -3.64427     -3.54197     -3.44525
     -3.35368     -3.26685     -3.18441     -3.10602     -3.03140     -2.96028
     -2.89242     -2.82760     -2.76562     -2.70630     -2.64948     -2.59499
     -2.54269     -2.49247     -2.44418     -2.39774     -2.35302     -2.30995
     -2.26842     -2.22836     -2.18969     -2.15233     -2.11623     -2.08133
     -2.04755     -2.01486     -1.98319     -1.95250     -1.92275     -1.89389
     -1.86588     -1.83869     -1.81228     -1.78662     -1.76168     -1.73742
     -1.71382     -1.69085     -1.66849     -1.64672     -1.62550     -1.60483
     -1.58467     -1.56502     -1.54585     -1.52714     -1.50887     -1.49104
     -1.47363     -1.45662     -1.43999     -1.42375     -1.40786     -1.39232
     -1.37713     -1.36226     -1.34771     -1.33347     -1.31952
     -3.98998     -3.86768     -3.75265     -3.64427     -3.54197     -3.44525
     -3.35368     -3.26685     -3.18441     -3.10602     -3.03140     -2.96028
     -2.89242     -2.82760     -2.76562     -2.70630     -2.64948     -2.59499
     -2.54269     -2.49247     -2.44418     -2.39774     -2.35302     -2.30995
     -2.26842     -2.22836     -2.18969     -2.15233     -2.11623     -2.08133
     -2.04755     -2.01486     -1.98319     -1.95250     -1.92275     -1.89389
     -1.86588     -1.83869     -1.81228     -1.78662     -1.76168     -1.73742
     -1.71382     -1.69085     -1.66849     -1.64672     -1.62550     -1.60483
     -1.58467     -1.56502     -1.54585     -1.52714     -1.50887     -1.49104
     -1.47363     -1.45662     -1.43999     -1.42375     -1.40786     -1.39232
     -1.37713     -1.36226     -1.34771     -1.33347     -1.31952
     -3.98998     -3.86768     -3.75265     -3.64427     -3.54197     -3.44525
     -3.35368     -3.26685     -3.18441     -3.10602     -3.03140     -2.96028
     -2.89242     -2.82760     -2.76562     -2.70630     -2.64948     -2.59499
     -2.54269     -2.49247     -2.44418     -2.39774     -2.35302     -2.30995
     -2.26842     -2.22836     -2.18969     -2.15233     -2.11623     -2.08133
     -2.04755     -2.01486     -1.98319     -1.95250     -1.92275     -1.89389
     -1.86588     -1.83869     -1.81228     -1.78662     -1.76168     -1.73742
     -1.71382     -1.69085     -1.66849     -1.64672     -1.62550     -1.60483
     -1.58467     -1.56502     -1.54585     -1.52714     -1.50887     -1.49104
     -1.47363     -1.45662     -1.43999     -1.42375     -1.40786     -1.39232
     -1.37713     -1.36226     -1.34771     -1.33347     -1.31952
     -3.98998     -3.86768     -3.75265     -3.64427     -3.54197     -3.44525
     -3.35368     -3.26685     -3.18441     -3.10602     -3.03140     -2.96028
     -2.89242     -2.82760     -2.76562     -2.70630     -2.64948     -2.59499
     -2.54269     -2.49247     -2.44418     -2.39774     -2.35302     -2.30995
     -2.26842     -2.22836     -2.18969     -2.15233     -2.11623     -2.08133
     -2.04755     -2.01486     -1.98319     -1.95250     -1.92275     -1.89389
     -1.86588     -1.83869     -1.81228     -1.78662     -1.76168     -1.73742
     -1.71382     -1.69085     -1.66849     -1.64672     -1.62550     -1.60483
     -1.58467     -1.56502     -1.54585     -1.52714     -1.50887     -1.49104
     -1.47363     -1.45662     -1.43999     -1.42375     -1.40786     -1.39232
     -1.37713     -1.36226     -1.34771     -1.33347     -1.31952
     -3.98998     -3.86768     -3.75265     -3.64427     -3.54197     -3.44525
     -3.35368     -3.26685     -3.18441     -3.10602     -3.03140     -2.96028
     -2.89242     -2.82760     -2.76562     -2.70630     -2.64948     -2.59499
     -2.54269     -2.49247     -2.44418     -2.39774     -2.35302     -2.30995
     -2.26842     -2.22836     -2.18969     -2.15233     -2.11623     -2.08133
     -2.04755     -2.01486     -1.98319     -1.95250     -1.92275     -1.89389
     -1.86588     -1.83869     -1.81228     -1.78662     -1.76168     -1.73742
     -1.71382     -1.69085     -1.66849     -1.64672     -1.62550     -1.60483
     -1.58467     -1.56502     -1.54585     -1.52714     -1.50887     -1.49104
     -1.47363     -1.45662     -1.43999     -1.42375     -1.40786     -1.39232
     -1.37713     -1.36226     -1.34771     -1.33347     -1.31952
     -3.98998     -3.86768     -3.75265     -3.64427     -3.54197     -3.44525
     -3.35368     -3.26685     -3.18441     -3.10602     -3.03140     -2.96028
     -2.89242     -2.82760     -2.76562     -2.70630     -2.64948     -2.59499
     -2.54269     -2.49247     -2.44418     -2.39774     -2.35302     -2.30995
     -2.26842     -2.22836     -2.18969     -2.15233     -2.11623     -2.08133
     -2.04755     -2.01486     -1.98319     -1.95250     -1.92275     -1.89389
     -1.86588     -1.83869     -1.81228     -1.78662     -1.76168     -1.73742
     -1.71382     -1.69085     -1.66849     -1.64672     -1.62550     -1.60483
     -1.58467     -1.56502     -1.54585     -1.52714     -1.50887     -1.49104
     -1.47363     -1.45662     -1.43999     -1.42375     -1.40786     -1.39232
     -1.37713     -1.36226     -1.34771     -1.33347     -1.31952
     -3.98998     -3.86768     -3.75265     -3.64427     -3.54197     -3.44525
     -3.35368     -3.26685     -3.18441     -3.10602     -3.03140     -2.96028
     -2.89242     -2.82760     -2.76562     -2.70630     -2.64948     -2.59499
     -2.54269     -2.49247     -2.44418     -2.39774     -2.35302     -2.30995
     -2.26842     -2.22836     -2.18969     -2.15233     -2.11623     -2.08133
     -2.04755     -2.01486     -1.98319     -1.95250     -1.92275     -1.89389
     -1.86588     -1.83869     -1.81228     -1.78662     -1.76168     -1.73742
     -1.71382     -1.69085     -1.66849     -1.64672     -1.62550     -1.60483
     -1.58467     -1.56502     -1.54585     -1.52714     -1.50887     -1.49104
     -1.47363     -1.45662     -1.43999     -1.42375     -1.40786     -1.39232
     -1.37713     -1.36226     -1.34771     -1.33347     -1.31952
     -3.98998     -3.86768     -3.75265     -3.64427     -3.54197     -3.44525
     -3.35368     -3.26685     -3.18441     -3.10602     -3.03140     -2.96028
     -2.89242     -2.82760     -2.76562     -2.70630     -2.64948     -2.59499
     -2.54269     -2.49247     -2.44418     -2.39774     -2.35302     -2.30995
     -2.26842     -2.22836     -2.18969     -2.15233     -2.11623     -2.08133
     -2.04755     -2.01486     -1.98319     -1.95250     -1.92275     -1.89389
     -1.86588     -1.83869     -1.81228     -1.78662     -1.76168     -1.73742
     -1.71382     -1.69085     -1.66849     -1.64672     -1.62550     -1.60483
     -1.58467     -1.56502     -1.54585     -1.52714     -1.50887     -1.49104
     -1.47363     -1.45662     -1.43999     -1.42375     -1.40786     -1.39232
     -1.37713     -1.36226     -1.34771     -1.33347     -1.31952
