      1.01600      0.00000
      1.01600     0.964000
      1.01800     0.968000
      1.01800      1.00100
      1.01800      1.01900
      1.01800      1.07700
      1.01800      1.07000
      1.01800      1.09600
      1.01800      1.11300
      1.01800      1.13800
      1.01800      1.16240
      1.50000      1.15000
      1.60800      1.09500
      1.64700      1.07700
      1.78500      1.07700
      2.07000      1.04000
      2.12800     0.993000
      2.24500     0.709000
      2.32300     0.519000
      2.37700     0.389000
      2.35200     0.400000
      2.35100     0.337000
      2.35100     0.205000
      2.35400    0.0680000
      2.35400      0.00000
      2.35400   -0.0680000
      2.35300    -0.205000
      2.35100    -0.337000
      2.35300    -0.399900
      2.37700    -0.389000
      2.13400    -0.973000
      1.78600     -1.17400
      1.76800     -1.21100
      1.76800     -1.25400
      1.67400     -1.25400
      1.67400     -1.36600
      1.55500     -1.36600
      1.41200     -1.36600
      1.27300     -1.36600
      1.15300     -1.36600
      1.01600     -1.22900
      1.01600    -0.800000
      1.01600    -0.415000
      1.01600    -0.400000
      1.01600      0.00000
