ersplrhob
 501
        0.0000000	      12.021354
     0.0020000001	      11.485515
     0.0040000002	      11.009071
     0.0060000001	      10.597245
     0.0080000004	      10.254192
     0.0099999998	      9.9826967
      0.012000000	      9.7839393
      0.014000000	      9.6573485
      0.016000001	      9.6006039
      0.017999999	      9.6098034
      0.020000000	      9.6797772
      0.022000000	      9.8044920
      0.024000000	      9.9774779
      0.026000001	      10.192215
      0.028000001	      10.442442
      0.029999999	      10.722367
      0.032000002	      11.026793
      0.034000002	      11.351168
      0.035999998	      11.691589
      0.037999999	      12.044761
      0.039999999	      12.407950
      0.041999999	      12.778914
      0.044000000	      13.155848
      0.046000000	      13.537320
      0.048000000	      13.922217
      0.050000001	      14.309697
      0.052000001	      14.699149
      0.054000001	      15.090156
      0.056000002	      15.482469
      0.057999998	      15.875859
      0.059999999	      16.271124
      0.061999999	      16.669610
      0.064000003	      17.071778
      0.066000000	      17.478318
      0.068000004	      17.889086
      0.070000000	      18.304294
      0.071999997	      18.724361
      0.074000001	      19.149674
      0.075999998	      19.580666
      0.078000002	      20.017448
      0.079999998	      20.461617
      0.082000002	      20.915600
      0.083999999	      21.379733
      0.086000003	      21.854180
      0.088000000	      22.339099
      0.090000004	      22.834664
      0.092000000	      23.341061
      0.093999997	      23.858572
      0.096000001	      24.388783
      0.097999997	      24.932681
       0.10000000	      25.490270
       0.10200000	      26.061593
       0.10400000	      26.646587
       0.10600000	      27.239082
       0.10800000	      27.837319
       0.11000000	      28.441037
       0.11200000	      29.049980
       0.11400000	      29.663285
       0.11600000	      30.275468
       0.11800000	      30.872436
       0.12000000	      31.447533
       0.12200000	      31.994420
       0.12400000	      32.514136
       0.12600000	      33.014953
       0.12800001	      33.503784
       0.13000000	      33.980990
       0.13200000	      34.448448
       0.13400000	      34.908394
       0.13600001	      35.364116
       0.13800000	      35.815543
       0.14000000	      36.264650
       0.14200000	      36.713505
       0.14399999	      37.164031
       0.14600000	      37.616337
       0.14800000	      38.071870
       0.15000001	      38.531406
       0.15200000	      38.994948
       0.15400000	      39.463228
       0.15600000	      39.935471
       0.15800001	      40.407225
       0.16000000	      40.877465
       0.16200000	      41.343511
       0.16400000	      41.799483
       0.16599999	      42.251973
       0.16800000	      42.701667
       0.17000000	      43.145812
       0.17200001	      43.583821
       0.17399999	      44.015227
       0.17600000	      44.440362
       0.17800000	      44.861512
       0.18000001	      45.277090
       0.18200000	      45.688437
       0.18400000	      46.098379
       0.18600000	      46.505177
       0.18799999	      46.909782
       0.19000000	      47.312586
       0.19200000	      47.713062
       0.19400001	      48.112153
       0.19599999	      48.509130
       0.19800000	      48.904845
       0.20000000	      49.298230
       0.20200001	      49.690174
       0.20400000	      50.069670
       0.20600000	      50.444119
       0.20800000	      50.815019
       0.20999999	      51.182518
       0.21200000	      51.546906
       0.21400000	      51.906996
       0.21600001	      52.264043
       0.21799999	      52.616989
       0.22000000	      52.966684
       0.22200000	      53.313586
       0.22400001	      53.656826
       0.22600000	      53.997922
       0.22800000	      54.335658
       0.23000000	      54.670381
       0.23199999	      55.002417
       0.23400000	      55.331123
       0.23600000	      55.657102
       0.23800001	      55.971754
       0.23999999	      56.280351
       0.24200000	      56.587421
       0.24400000	      56.890700
       0.24600001	      57.191407
       0.24800000	      57.488360
       0.25000000	      57.781947
       0.25200000	      58.072564
       0.25400001	      58.359255
       0.25600001	      58.643495
       0.25799999	      58.924055
       0.25999999	      59.202198
       0.26199999	      59.478824
       0.26400000	      59.747980
       0.26600000	      60.007634
       0.26800001	      60.263429
       0.27000001	      60.515557
       0.27200001	      60.764462
       0.27399999	      61.010594
       0.27599999	      61.252849
       0.27800000	      61.491964
       0.28000000	      61.728489
       0.28200001	      61.961121
       0.28400001	      62.190415
       0.28600001	      62.416837
       0.28799999	      62.639584
       0.28999999	      62.858729
       0.29200000	      63.069611
       0.29400000	      63.272989
       0.29600000	      63.473251
       0.29800001	      63.672152
       0.30000001	      63.867046
       0.30199999	      64.058657
       0.30399999	      64.247584
       0.30599999	      64.432622
       0.30800000	      64.614982
       0.31000000	      64.795240
       0.31200001	      64.968522
       0.31400001	      65.134564
       0.31600001	      65.297447
       0.31799999	      65.456671
       0.31999999	      65.612648
       0.32200000	      65.766030
       0.32400000	      65.915557
       0.32600001	      66.061200
       0.32800001	      66.205777
       0.33000001	      66.346470
       0.33199999	      66.481169
       0.33399999	      66.609485
       0.33600000	      66.734409
       0.33800000	      66.855810
       0.34000000	      66.973439
       0.34200001	      67.088740
       0.34400001	      67.200500
       0.34599999	      67.308508
       0.34799999	      67.413685
       0.34999999	      67.516345
       0.35200000	      67.613379
       0.35400000	      67.704703
       0.35600001	      67.793269
       0.35800001	      67.878653
       0.36000001	      67.960405
       0.36199999	      68.039013
       0.36399999	      68.115113
       0.36600000	      68.187621
       0.36800000	      68.256779
       0.37000000	      68.322897
       0.37200001	      68.384075
       0.37400001	      68.440451
       0.37599999	      68.493676
       0.37799999	      68.545090
       0.38000000	      68.592982
       0.38200000	      68.637450
       0.38400000	      68.679069
       0.38600001	      68.717805
       0.38800001	      68.752597
       0.38999999	      68.783189
       0.39199999	      68.810481
       0.39399999	      68.835699
       0.39600000	      68.857542
       0.39800000	      68.876090
       0.40000001	      68.891830
       0.40200001	      68.904814
       0.40400001	      68.914542
       0.40599999	      68.920693
       0.40799999	      68.923714
       0.41000000	      68.924607
       0.41200000	      68.922258
       0.41400000	      68.916754
       0.41600001	      68.908478
       0.41800001	      68.897440
       0.41999999	      68.884136
       0.42199999	      68.867644
       0.42399999	      68.848223
       0.42600000	      68.826635
       0.42800000	      68.801957
       0.43000001	      68.774344
       0.43200001	      68.743952
       0.43399999	      68.711220
       0.43599999	      68.676565
       0.43799999	      68.639576
       0.44000000	      68.599855
       0.44200000	      68.557252
       0.44400001	      68.512003
       0.44600001	      68.464101
       0.44800001	      68.414869
       0.44999999	      68.363896
       0.45199999	      68.310585
       0.45400000	      68.254639
       0.45600000	      68.195947
       0.45800000	      68.134591
       0.46000001	      68.070748
       0.46200001	      68.005316
       0.46399999	      67.939352
       0.46599999	      67.871825
       0.46799999	      67.801865
       0.47000000	      67.728836
       0.47200000	      67.653155
       0.47400001	      67.575903
       0.47600001	      67.498940
       0.47799999	      67.420701
       0.47999999	      67.339368
       0.48199999	      67.255011
       0.48400000	      67.168756
       0.48600000	      67.081715
       0.48800001	      66.995070
       0.49000001	      66.907764
       0.49200001	      66.818196
       0.49399999	      66.726316
       0.49599999	      66.632104
       0.49800000	      66.535545
       0.50000000	      66.436813
       0.50199997	      66.338264
       0.50400001	      66.240494
       0.50599998	      66.142188
       0.50800002	      66.042213
       0.50999999	      65.939333
       0.51200002	      65.833537
       0.51400000	      65.728269
       0.51599997	      65.624588
       0.51800001	      65.520566
       0.51999998	      65.414795
       0.52200001	      65.305431
       0.52399999	      65.194038
       0.52600002	      65.083405
       0.52800000	      64.975322
       0.52999997	      64.867100
       0.53200001	      64.756607
       0.53399998	      64.642424
       0.53600001	      64.526988
       0.53799999	      64.412140
       0.54000002	      64.300673
       0.54200000	      64.189443
       0.54400003	      64.076145
       0.54600000	      63.959099
       0.54799998	      63.840967
       0.55000001	      63.723799
       0.55199999	      63.610552
       0.55400002	      63.497923
       0.55599999	      63.383412
       0.55800003	      63.265142
       0.56000000	      63.145922
       0.56199998	      63.027791
       0.56400001	      62.913981
       0.56599998	      62.801320
       0.56800002	      62.687803
       0.56999999	      62.570710
       0.57200003	      62.451591
       0.57400000	      62.333050
       0.57599998	      62.218794
       0.57800001	      62.106190
       0.57999998	      61.993626
       0.58200002	      61.879474
       0.58399999	      61.761801
       0.58600003	      61.643083
       0.58800000	      61.528153
       0.58999997	      61.415498
       0.59200001	      61.303776
       0.59399998	      61.191653
       0.59600002	      61.077785
       0.59799999	      60.960799
       0.60000002	      60.842919
       0.60200000	      60.727049
       0.60399997	      60.613010
       0.60600001	      60.500635
       0.60799998	      60.389770
       0.61000001	      60.280246
       0.61199999	      60.172057
       0.61400002	      60.064608
       0.61600000	      59.954755
       0.61799997	      59.842286
       0.62000000	      59.728612
       0.62199998	      59.614894
       0.62400001	      59.502282
       0.62599999	      59.394195
       0.62800002	      59.287258
       0.63000000	      59.180279
       0.63200003	      59.072056
       0.63400000	      58.961245
       0.63599998	      58.847579
       0.63800001	      58.734562
       0.63999999	      58.623148
       0.64200002	      58.512973
       0.64399999	      58.403936
       0.64600003	      58.295919
       0.64800000	      58.188820
       0.64999998	      58.082526
       0.65200001	      57.978294
       0.65399998	      57.875142
       0.65600002	      57.771054
       0.65799999	      57.664347
       0.66000003	      57.552960
       0.66200000	      57.437928
       0.66399997	      57.321316
       0.66600001	      57.206033
       0.66799998	      57.092766
       0.67000002	      56.979966
       0.67199999	      56.867244
       0.67400002	      56.754201
       0.67600000	      56.640450
       0.67799997	      56.525593
       0.68000001	      56.409233
       0.68199998	      56.288905
       0.68400002	      56.166923
       0.68599999	      56.043839
       0.68800002	      55.920192
       0.69000000	      55.796535
       0.69199997	      55.673409
       0.69400001	      55.551358
       0.69599998	      55.430934
       0.69800001	      55.314608
       0.69999999	      55.199842
       0.70200002	      55.086285
       0.70400000	      54.973599
       0.70599997	      54.861435
       0.70800000	      54.749446
       0.70999998	      54.637293
       0.71200001	      54.524626
       0.71399999	      54.412663
       0.71600002	      54.302273
       0.71799999	      54.191639
       0.72000003	      54.080016
       0.72200000	      53.966672
       0.72399998	      53.850867
       0.72600001	      53.731857
       0.72799999	      53.608911
       0.73000002	      53.481284
       0.73199999	      53.349406
       0.73400003	      53.213265
       0.73600000	      53.072953
       0.73799998	      52.929275
       0.74000001	      52.785283
       0.74199998	      52.637743
       0.74400002	      52.486164
       0.74599999	      52.330077
       0.74800003	      52.170641
       0.75000000	      52.012044
       0.75199997	      51.849393
       0.75400001	      51.681826
       0.75599998	      51.508499
       0.75800002	      51.328546
       0.75999999	      51.141121
       0.76200002	      50.945358
       0.76400000	      50.740849
       0.76599997	      50.533228
       0.76800001	      50.326957
       0.76999998	      50.118726
       0.77200001	      49.905900
       0.77399999	      49.685864
       0.77600002	      49.455982
       0.77800000	      49.213659
       0.77999997	      48.961719
       0.78200001	      48.704411
       0.78399998	      48.449768
       0.78600001	      48.194295
       0.78799999	      47.928459
       0.79000002	      47.645242
       0.79200000	      47.348705
       0.79400003	      47.044096
       0.79600000	      46.736696
       0.79799998	      46.431292
       0.80000001	      46.113945
       0.80199999	      45.778736
       0.80400002	      45.425810
       0.80599999	      45.055349
       0.80800003	      44.669673
       0.81000000	      44.284411
       0.81199998	      43.891433
       0.81400001	      43.478363
       0.81599998	      43.041478
       0.81800002	      42.605029
       0.81999999	      42.154707
       0.82200003	      41.676651
       0.82400000	      41.190369
       0.82599998	      40.696975
       0.82800001	      40.173492
       0.82999998	      39.641084
       0.83200002	      39.098111
       0.83399999	      38.523233
       0.83600003	      37.947391
       0.83800000	      37.344857
       0.83999997	      36.726656
       0.84200001	      36.094783
       0.84399998	      35.436716
       0.84600002	      34.770335
       0.84799999	      34.074716
       0.85000002	      33.371977
       0.85200000	      32.641262
       0.85399997	      31.898975
       0.85600001	      31.133150
       0.85799998	      30.355892
       0.86000001	      29.549336
       0.86199999	      28.730577
       0.86400002	      27.888915
       0.86600000	      27.034615
       0.86799997	      26.160018
       0.87000000	      25.266223
       0.87199998	      24.357274
       0.87400001	      23.431352
       0.87599999	      22.489099
       0.87800002	      21.539027
       0.88000000	      20.577596
       0.88200003	      19.611847
       0.88400000	      18.636171
       0.88599998	      17.657545
       0.88800001	      16.671051
       0.88999999	      15.683195
       0.89200002	      14.684676
       0.89399999	      13.694778
       0.89600003	      12.696499
       0.89800000	      11.692886
       0.89999998	      10.684616
       0.90200001	      9.6876959
       0.90399998	      8.6881519
       0.90600002	      7.6871832
       0.90799999	      6.6861156
       0.91000003	      5.6522495
       0.91200000	      4.5902647
       0.91399997	      3.4475083
       0.91600001	      2.2474699
       0.91799998	     0.98858807
       0.92000002	    -0.32367923
       0.92199999	     -1.6882042
       0.92400002	     -3.1030580
       0.92600000	     -4.5676222
       0.92799997	     -6.0812725
       0.93000001	     -7.6440637
       0.93199998	     -9.2601570
       0.93400002	     -10.934201
       0.93599999	     -12.671373
       0.93800002	     -14.480143
       0.94000000	     -16.370332
       0.94199997	     -18.354803
       0.94400001	     -20.450815
       0.94599998	     -22.674324
       0.94800001	     -25.054329
       0.94999999	     -27.505881
       0.95200002	     -29.774895
       0.95400000	     -31.813029
       0.95599997	     -33.493326
       0.95800000	     -34.873969
       0.95999998	     -35.938322
       0.96200001	     -36.614606
       0.96399999	     -36.832239
       0.96600002	     -36.359577
       0.96799999	     -35.166354
       0.97000003	     -33.128660
       0.97200000	     -30.649567
       0.97399998	     -28.099981
       0.97600001	     -25.695849
       0.97799999	     -23.584082
       0.98000002	     -21.818787
       0.98199999	     -20.418998
       0.98400003	     -19.266915
       0.98600000	     -18.350482
       0.98799998	     -17.557623
       0.99000001	     -16.922197
       0.99199998	     -16.350212
       0.99400002	     -15.779420
       0.99599999	     -14.973691
       0.99800003	     -14.060207
        1.0000000	     -12.825025
