 Col 1: psi  Col 2: y/(dy/dR) (m) where y = ersplpsi and R = maj rad at outboard midplane   Col 3: ersplpsi (kV/m)
 501
        0.0000000	      92.276108	      135.44041
     0.0020000001	      4.3092890	      135.10898
     0.0040000002	      3.0413506	      134.77652
     0.0060000001	      2.4679821	      134.44302
     0.0080000004	      2.1243110	      134.10849
     0.0099999998	      1.8891382	      133.77287
      0.012000000	      1.7144760	      133.43623
      0.014000000	      1.5782087	      133.09854
      0.016000001	      1.4678452	      132.75978
      0.017999999	      1.3764011	      132.41998
      0.020000000	      1.2984560	      132.07910
      0.022000000	      1.2312562	      131.73718
      0.024000000	      1.1722720	      131.39417
      0.026000001	      1.1200871	      131.05011
      0.028000001	      1.0734433	      130.70497
      0.029999999	      1.0315667	      130.35873
      0.032000002	     0.99326253	      130.01143
      0.034000002	     0.95857185	      129.66309
      0.035999998	     0.92636967	      129.31363
      0.037999999	     0.89682251	      128.96310
      0.039999999	     0.86955017	      128.61147
      0.041999999	     0.84374315	      128.25856
      0.044000000	      1.1102619	      127.90504
      0.046000000	      1.6406254	      127.73312
      0.048000000	      1.6021239	      127.56001
      0.050000001	      1.5556648	      127.38588
      0.052000001	      1.5153899	      127.21064
      0.054000001	      1.4765037	      127.03433
      0.056000002	      1.4395516	      126.85694
      0.057999998	      1.4050636	      126.67843
      0.059999999	      1.3716962	      126.49886
      0.061999999	      1.3400265	      126.31819
      0.064000003	      1.3097985	      126.13644
      0.066000000	      1.2813034	      125.95358
      0.068000004	      1.2537453	      125.76965
      0.070000000	      1.2267207	      125.58464
      0.071999997	      1.2024276	      125.39851
      0.074000001	      1.1762611	      125.21134
      0.075999998	      1.1591641	      125.02302
      0.078000002	      1.1137769	      124.83383
      0.079999998	      1.1738994	      124.64323
      0.082000002	      1.1857756	      124.46744
      0.083999999	      1.1644928	      124.29051
      0.086000003	      1.1426071	      124.11252
      0.088000000	      1.1221257	      123.93347
      0.090000004	      1.1016318	      123.75335
      0.092000000	      1.0826230	      123.57213
      0.093999997	      1.0638473	      123.38985
      0.096000001	      1.0456579	      123.20650
      0.097999997	      1.0278990	      123.02209
       0.10000000	      1.0110326	      122.83659
       0.10200000	     0.99451977	      122.65005
       0.10400000	     0.97815078	      122.46239
       0.10600000	     0.96394801	      122.27374
       0.10800000	     0.94720864	      122.08425
       0.11000000	     0.93008208	      121.89276
       0.11200000	     0.93264401	      121.70204
       0.11400000	     0.91686761	      121.51205
       0.11600000	     0.90381658	      121.32061
       0.11800000	     0.89109802	      121.12839
       0.12000000	     0.87752503	      120.93510
       0.12200000	     0.86516720	      120.74076
       0.12400000	     0.85290492	      120.54537
       0.12600000	     0.84087622	      120.34898
       0.12800001	     0.82881385	      120.15154
       0.13000000	     0.81763047	      119.95311
       0.13200000	     0.80665296	      119.75364
       0.13400000	     0.79557627	      119.55313
       0.13600001	     0.78534710	      119.35168
       0.13800000	     0.77450120	      119.14932
       0.14000000	     0.76366729	      118.94549
       0.14200000	     0.75562114	      118.74111
       0.14399999	     0.74486977	      118.53570
       0.14600000	     0.73519230	      118.32906
       0.14800000	     0.72617483	      118.12149
       0.15000001	     0.71733749	      117.91300
       0.15200000	     0.70851249	      117.70355
       0.15400000	     0.69984919	      117.49310
       0.15600000	     0.69116342	      117.28166
       0.15800001	     0.68363160	      117.06931
       0.16000000	     0.67516959	      116.85605
       0.16200000	     0.66681516	      116.64173
       0.16400000	     0.65909141	      116.42632
       0.16599999	     0.65283549	      116.21027
       0.16800000	     0.64313424	      115.99314
       0.17000000	     0.63543284	      115.77447
       0.17200001	     0.62915802	      115.55503
       0.17399999	     0.62235433	      115.33482
       0.17600000	     0.61516702	      115.11369
       0.17800000	     0.60836607	      114.89159
       0.18000001	     0.60186243	      114.66853
       0.18200000	     0.59584635	      114.44463
       0.18400000	     0.58974105	      114.22002
       0.18600000	     0.58314550	      113.99454
       0.18799999	     0.57563353	      113.76777
       0.19000000	     0.57023829	      113.53966
       0.19200000	     0.56654125	      113.31168
       0.19400001	     0.56037343	      113.08309
       0.19599999	     0.55357784	      112.85316
       0.19800000	     0.54783207	      112.62214
       0.20000000	     0.54281181	      112.39037
       0.20200001	     0.53766090	      112.15787
       0.20400000	     0.53274453	      111.92471
       0.20600000	     0.52734303	      111.69075
       0.20800000	     0.52128905	      111.45572
       0.20999999	     0.51520640	      111.21928
       0.21200000	     0.51193899	      110.98198
       0.21400000	     0.51030827	      110.74532
       0.21600001	     0.50516230	      110.50867
       0.21799999	     0.49925792	      110.27055
       0.22000000	     0.49407151	      110.03120
       0.22200000	     0.48977086	      109.79102
       0.22400001	     0.48556522	      109.55024
       0.22600000	     0.48172015	      109.30888
       0.22800000	     0.47783265	      109.06703
       0.23000000	     0.47344938	      108.82451
       0.23199999	     0.46825629	      108.58095
       0.23400000	     0.46267858	      108.33589
       0.23600000	     0.46133429	      108.09020
       0.23800001	     0.46010780	      107.84566
       0.23999999	     0.45727247	      107.60139
       0.24200000	     0.45273682	      107.35653
       0.24400000	     0.44793129	      107.11045
       0.24600001	     0.44290337	      106.86308
       0.24800000	     0.43804333	      106.61434
       0.25000000	     0.43393543	      106.36429
       0.25200000	     0.43182173	      106.11381
       0.25400001	     0.43163729	      105.86407
       0.25600001	     0.43131566	      105.61604
       0.25799999	     0.42646626	      105.36768
       0.25999999	     0.42193937	      105.11779
       0.26199999	     0.41833889	      104.86686
       0.26400000	     0.41550151	      104.61535
       0.26600000	     0.41282931	      104.36361
       0.26800001	     0.40964213	      104.11148
       0.27000001	     0.40587366	      103.85857
       0.27200001	     0.40165228	      103.60452
       0.27399999	     0.39757624	      103.34895
       0.27599999	     0.39807579	      103.09359
       0.27800000	     0.39857066	      102.84025
       0.28000000	     0.39718515	      102.58799
       0.28200001	     0.39460176	      102.33577
       0.28400001	     0.39033911	      102.08260
       0.28600001	     0.38683411	      101.82822
       0.28799999	     0.38270000	      101.57261
       0.28999999	     0.37889963	      101.31574
       0.29200000	     0.37502661	      101.05760
       0.29400000	     0.37412375	      100.79871
       0.29600000	     0.37600917	      100.54201
       0.29800001	     0.37595603	      100.28729
       0.30000001	     0.37423348	      100.03330
       0.30199999	     0.37035125	      99.778725
       0.30399999	     0.36538047	      99.522301
       0.30599999	     0.36113834	      99.263733
       0.30800000	     0.35909900	      99.004257
       0.31000000	     0.35875872	      98.745186
       0.31200001	     0.36019206	      98.487831
       0.31400001	     0.36164892	      98.233223
       0.31600001	     0.35944366	      97.979630
       0.31799999	     0.35611743	      97.725090
       0.31999999	     0.35267693	      97.469452
       0.32200000	     0.34964302	      97.212692
       0.32400000	     0.34639013	      96.954826
       0.32600001	     0.34302711	      96.695854
       0.32800001	     0.34004146	      96.435768
       0.33000001	     0.33899012	      96.174965
       0.33199999	     0.34105912	      95.916260
       0.33399999	     0.34211302	      95.660248
       0.33600000	     0.34215480	      95.405853
       0.33800000	     0.34016648	      95.151939
       0.34000000	     0.33720893	      94.897430
       0.34200001	     0.33256295	      94.641190
       0.34400001	     0.32815823	      94.382462
       0.34599999	     0.32687065	      94.122704
       0.34799999	     0.32833090	      93.864265
       0.34999999	     0.33064759	      93.608940
       0.35200000	     0.33131468	      93.355988
       0.35400000	     0.33026162	      93.104111
       0.35600001	     0.32750845	      92.851967
       0.35800001	     0.32315654	      92.598221
       0.36000001	     0.31849405	      92.341888
       0.36199999	     0.31614473	      92.083939
       0.36399999	     0.31616515	      91.826241
       0.36600000	     0.31828791	      91.570694
       0.36800000	     0.32009715	      91.318169
       0.37000000	     0.32069999	      91.067848
       0.37200001	     0.31985784	      90.818596
       0.37400001	     0.31775314	      90.569321
       0.37599999	     0.31418803	      90.318970
       0.37799999	     0.30949342	      90.066399
       0.38000000	     0.30635995	      89.811600
       0.38200000	     0.30500481	      89.556137
       0.38400000	     0.30543911	      89.301643
       0.38600001	     0.30589607	      89.048714
       0.38800001	     0.30652839	      88.797417
       0.38999999	     0.30716565	      88.547798
       0.39199999	     0.30792600	      88.299904
       0.39399999	     0.30890787	      88.053787
       0.39600000	     0.30966488	      87.809509
       0.39800000	     0.31094450	      87.567131
       0.40000001	     0.30885002	      87.326210
       0.40200001	     0.30379722	      87.082832
       0.40400001	     0.29990792	      86.836884
       0.40599999	     0.29729575	      86.589417
       0.40799999	     0.29583770	      86.341431
       0.41000000	     0.29590732	      86.093948
       0.41200000	     0.29694057	      85.847992
       0.41400000	     0.29935810	      85.604584
       0.41600001	     0.30298370	      85.364761
       0.41800001	     0.30538103	      85.128632
       0.41999999	     0.30567953	      84.894623
       0.42199999	     0.30364051	      84.660950
       0.42399999	     0.29937506	      84.425819
       0.42600000	     0.29284179	      84.187477
       0.42800000	     0.28469566	      83.944138
       0.43000001	     0.27797651	      83.694695
       0.43200001	     0.27770737	      83.443275
       0.43399999	     0.27942830	      83.194321
       0.43599999	     0.28122097	      82.947990
       0.43799999	     0.28234157	      82.704010
       0.44000000	     0.28336826	      82.462074
       0.44200000	     0.28398719	      82.221870
       0.44400001	     0.28430122	      81.983124
       0.44600001	     0.28413734	      81.745522
       0.44800001	     0.28388402	      81.508781
       0.44999999	     0.28344604	      81.272705
       0.45199999	     0.28329629	      81.037392
       0.45400000	     0.28281170	      80.802917
       0.45600000	     0.28314334	      80.569366
       0.45800000	     0.28293416	      80.336838
       0.46000001	     0.28328887	      80.105438
       0.46200001	     0.28349566	      79.875237
       0.46399999	     0.28406039	      79.646347
       0.46599999	     0.28460616	      79.418800
       0.46799999	     0.28492904	      79.192619
       0.47000000	     0.28564975	      78.967781
       0.47200000	     0.28593415	      78.744247
       0.47400001	     0.28643504	      78.522034
       0.47600001	     0.28700721	      78.301102
       0.47799999	     0.28727996	      78.081459
       0.47999999	     0.28796375	      77.863075
       0.48199999	     0.28826159	      77.645935
       0.48400000	     0.28888801	      77.430084
       0.48600000	     0.28959185	      77.215523
       0.48800001	     0.29010138	      77.002274
       0.49000001	     0.29076466	      76.790382
       0.49200001	     0.29156831	      76.579834
       0.49399999	     0.29213238	      76.370682
       0.49599999	     0.29318076	      76.162918
       0.49800000	     0.29388997	      75.956589
       0.50000000	     0.29482636	      75.751633
       0.50199997	     0.29548192	      75.548073
       0.50400001	     0.29651275	      75.345848
       0.50599998	     0.29718482	      75.144981
       0.50800002	     0.29811266	      74.945419
       0.50999999	     0.29868454	      74.747177
       0.51200002	     0.29965192	      74.550217
       0.51400000	     0.30041301	      74.354523
       0.51599997	     0.30127564	      74.160118
       0.51800001	     0.30210194	      73.966988
       0.51999998	     0.30292359	      73.775154
       0.52200001	     0.30395862	      73.584625
       0.52399999	     0.30494288	      73.395401
       0.52600002	     0.30600813	      73.207504
       0.52800000	     0.30688968	      73.020935
       0.52999997	     0.30795401	      72.835648
       0.53200001	     0.30876681	      72.651588
       0.53399998	     0.30954936	      72.468674
       0.53600001	     0.31003565	      72.286766
       0.53799999	     0.31039163	      72.105812
       0.54000002	     0.31080547	      71.925728
       0.54200000	     0.31071261	      71.746391
       0.54400003	     0.31091842	      71.567734
       0.54600000	     0.31102538	      71.389717
       0.54799998	     0.31153458	      71.212547
       0.55000001	     0.31276157	      71.036499
       0.55199999	     0.31423864	      70.861847
       0.55400002	     0.31672597	      70.688858
       0.55599999	     0.31927088	      70.517815
       0.55800003	     0.32259277	      70.348976
       0.56000000	     0.32662097	      70.182617
       0.56199998	     0.33024144	      70.018921
       0.56400001	     0.33183083	      69.857079
       0.56599998	     0.33067665	      69.695847
       0.56800002	     0.32692894	      69.533989
       0.56999999	     0.32087317	      69.370224
       0.57200003	     0.31259251	      69.203300
       0.57400000	     0.30240571	      69.031967
       0.57599998	     0.29439309	      68.855362
       0.57800001	     0.29396558	      68.676880
       0.57999998	     0.29684222	      68.500351
       0.58200002	     0.29920226	      68.325943
       0.58399999	     0.30110088	      68.153381
       0.58600003	     0.30268356	      67.982414
       0.58800000	     0.30356464	      67.812744
       0.58999997	     0.30411783	      67.644119
       0.59200001	     0.30441678	      67.476265
       0.59399998	     0.30384180	      67.308914
       0.59600002	     0.30328721	      67.141815
       0.59799999	     0.30276534	      66.974892
       0.60000002	     0.30202490	      66.808266
       0.60200000	     0.30219999	      66.642113
       0.60399997	     0.30243453	      66.476532
       0.60600001	     0.30262312	      66.311684
       0.60799998	     0.30357307	      66.147705
       0.61000001	     0.30441684	      65.984734
       0.61199999	     0.30571297	      65.822914
       0.61400002	     0.30702728	      65.662369
       0.61600000	     0.30756706	      65.502899
       0.61799997	     0.30722833	      65.343948
       0.62000000	     0.30549413	      65.184990
       0.62199998	     0.30281302	      65.025459
       0.62400001	     0.29918131	      64.864815
       0.62599999	     0.29480192	      64.702507
       0.62800002	     0.29019254	      64.538078
       0.63000000	     0.28802231	      64.372307
       0.63200003	     0.28876883	      64.206665
       0.63400000	     0.29025874	      64.042358
       0.63599998	     0.29114690	      63.879360
       0.63800001	     0.29174316	      63.717331
       0.63999999	     0.29162285	      63.555958
       0.64200002	     0.29090306	      63.394894
       0.64399999	     0.28957930	      63.233833
       0.64600003	     0.28771323	      63.072433
       0.64800000	     0.28533164	      62.910374
       0.64999998	     0.28217036	      62.747322
       0.65200001	     0.27876556	      62.582935
       0.65399998	     0.27522090	      62.416985
       0.65600002	     0.27183998	      62.249474
       0.65799999	     0.26850954	      62.080502
       0.66000003	     0.26548976	      61.910168
       0.66200000	     0.26276997	      61.738560
       0.66399997	     0.26003733	      61.565777
       0.66600001	     0.25818312	      61.392090
       0.66799998	     0.25753638	      61.218182
       0.67000002	     0.25797015	      61.044777
       0.67199999	     0.25942191	      60.872646
       0.67400002	     0.26152211	      60.702438
       0.67600000	     0.26339075	      60.534122
       0.67799997	     0.26427040	      60.367287
       0.68000001	     0.26489261	      60.201530
       0.68199998	     0.26460657	      60.036461
       0.68400002	     0.26393825	      59.871662
       0.68599999	     0.26236081	      59.706726
       0.68800002	     0.26030555	      59.541248
       0.69000000	     0.25756255	      59.374844
       0.69199997	     0.25430122	      59.207085
       0.69400001	     0.25195742	      59.037811
       0.69599998	     0.25087628	      58.868279
       0.69800001	     0.24894422	      58.698315
       0.69999999	     0.24633679	      58.527428
       0.70200002	     0.24290460	      58.355114
       0.70400000	     0.23914070	      58.180859
       0.70599997	     0.23459393	      58.004162
       0.70800000	     0.22952722	      57.824509
       0.70999998	     0.22401412	      57.641396
       0.71200001	     0.21823637	      57.454330
       0.71399999	     0.21204430	      57.262775
       0.71600002	     0.20742738	      57.066650
       0.71799999	     0.20755360	      56.869205
       0.72000003	     0.20902179	      56.673889
       0.72200000	     0.20893894	      56.480095
       0.72399998	     0.20765592	      56.286510
       0.72600001	     0.20508036	      56.091831
       0.72799999	     0.20094104	      55.894764
       0.73000002	     0.19585603	      55.694004
       0.73199999	     0.18970107	      55.488266
       0.73400003	     0.18276122	      55.276226
       0.73600000	     0.17653848	      55.056965
       0.73799998	     0.17333627	      54.832726
       0.74000001	     0.17320706	      54.607376
       0.74199998	     0.17476112	      54.384548
       0.74400002	     0.17498966	      54.164261
       0.74599999	     0.17326820	      53.944019
       0.74800003	     0.16945653	      53.721230
       0.75000000	     0.16398813	      53.493340
       0.75199997	     0.15702750	      53.257755
       0.75400001	     0.15024495	      53.012329
       0.75599998	     0.14560291	      52.758636
       0.75800002	     0.14302987	      52.500141
       0.75999999	     0.14258324	      52.240341
       0.76200002	     0.14365731	      51.982719
       0.76400000	     0.14374442	      51.728573
       0.76599997	     0.14053673	      51.473000
       0.76800001	     0.13434085	      51.210011
       0.76999998	     0.12803009	      50.935162
       0.77200001	     0.12332718	      50.649952
       0.77399999	     0.12010502	      50.357437
       0.77600002	     0.11821006	      50.060619
       0.77800000	     0.11757943	      49.762547
       0.77999997	     0.11803306	      49.466240
       0.78200001	     0.11560791	      49.171803
       0.78399998	     0.11021075	      48.866871
       0.78600001	     0.10518958	      48.549618
       0.78799999	     0.10065521	      48.220028
       0.79000002	    0.096268199	      47.878044
       0.79200000	    0.092247143	      47.523636
       0.79400003	    0.089202546	      47.157509
       0.79600000	    0.088703766	      46.787022
       0.79799998	    0.090824559	      46.422901
       0.80000001	    0.094124272	      46.074688
       0.80199999	    0.092364386	      45.733822
       0.80400002	    0.087012008	      45.379719
       0.80599999	    0.082838513	      45.008171
       0.80800003	    0.079795070	      44.623569
       0.81000000	    0.077775083	      44.230427
       0.81199998	    0.076299973	      43.832985
       0.81400001	    0.074036062	      43.430233
       0.81599998	    0.070745640	      43.015991
       0.81800002	    0.066598043	      42.583767
       0.81999999	    0.064196520	      42.130589
       0.82200003	    0.066972941	      41.683296
       0.82400000	    0.069792591	      41.267090
       0.82599998	    0.067092024	      40.854916
       0.82800001	    0.062973186	      40.421886
       0.82999998	    0.059382483	      39.966888
       0.83200002	    0.056573790	      39.491539
       0.83399999	    0.057214376	      39.010830
       0.83600003	    0.057849258	      38.549095
       0.83800000	    0.055156261	      38.083096
       0.83999997	    0.051934667	      37.595570
       0.84200001	    0.049221791	      37.085224
       0.84399998	    0.049632505	      36.569225
       0.84600002	    0.048050456	      36.062550
       0.84799999	    0.045149136	      35.531109
       0.85000002	    0.045143962	      34.991043
       0.85200000	    0.043439031	      34.457623
       0.85399997	    0.040908441	      33.900394
       0.85600001	    0.039197400	      33.321320
       0.85799998	    0.038965438	      32.742046
       0.86000001	    0.037221730	      32.160400
       0.86199999	    0.035053581	      31.555841
       0.86400002	    0.034228053	      30.934727
       0.86600000	    0.032809235	      30.313219
       0.86799997	    0.031476945	      29.670961
       0.87000000	    0.030203426	      29.023798
       0.87199998	    0.029087329	      28.358458
       0.87400001	    0.027415784	      27.687677
       0.87599999	    0.025007531	      26.970453
       0.87800002	    0.023794103	      26.224638
       0.88000000	    0.022809550	      25.467993
       0.88200003	    0.021720318	      24.699888
       0.88400000	    0.020710053	      23.917320
       0.88599998	    0.018158618	      23.122044
       0.88800001	    0.015472786	      22.157694
       0.88999999	    0.014066240	      21.183161
       0.89200002	    0.012845851	      20.124928
       0.89399999	    0.011479005	      19.027855
       0.89600003	    0.010336583	      17.875875
       0.89800000	   0.0092639439	      16.675726
       0.89999998	   0.0082569206	      15.429087
       0.90200001	   0.0073080491	      14.137404
       0.90399998	   0.0064119315	      12.801961
       0.90600002	   0.0055454974	      11.428324
       0.90799999	   0.0047110394	      10.007537
       0.91000003	   0.0039066062	      8.5450935
       0.91200000	   0.0031301433	      7.0413561
       0.91399997	   0.0023750577	      5.4935985
       0.91600001	   0.0016830340	      3.9142299
       0.91799998	   0.0010233335	      2.3484628
       0.92000002	  0.00035438038	     0.80329525
       0.92199999	 -0.00032279530	    -0.72313726
       0.92400002	  -0.0010070979	     -2.2311661
       0.92600000	  -0.0016993749	     -3.7216260
       0.92799997	  -0.0023990490	     -5.1951590
       0.93000001	  -0.0031063741	     -6.6516504
       0.93199998	  -0.0038210582	     -8.0908413
       0.93400002	  -0.0045467126	     -9.5129452
       0.93599999	  -0.0052820165	     -10.917555
       0.93800002	  -0.0060245274	     -12.304122
       0.94000000	  -0.0067893034	     -13.672351
       0.94199997	  -0.0075526303	     -15.021978
       0.94400001	  -0.0083405003	     -16.352562
       0.94599998	  -0.0091327727	     -17.664143
       0.94800001	  -0.0099297902	     -18.957449
       0.94999999	   -0.010736052	     -20.233583
       0.95200002	   -0.011547028	     -21.493315
       0.95400000	   -0.012406624	     -22.734514
       0.95599997	   -0.013523508	     -23.948736
       0.95800000	   -0.014937434	     -25.109116
       0.95999998	   -0.016509036	     -26.197481
       0.96200001	   -0.018835340	     -27.232071
       0.96399999	   -0.021354960	     -28.135675
       0.96600002	   -0.021984737	     -29.017500
       0.96799999	   -0.022585630	     -29.902021
       0.97000003	   -0.025474770	     -30.785511
       0.97200000	   -0.032260064	     -31.491552
       0.97399998	   -0.045565482	     -32.048191
       0.97600001	   -0.098317601	     -32.407833
       0.97799999	     0.13731632	     -32.476807
       0.98000002	    0.040082399	     -32.109276
       0.98199999	    0.023029117	     -31.396544
       0.98400003	    0.015390695	     -30.293064
       0.98600000	    0.010033905	     -28.688137
       0.98799998	   0.0078094224	     -26.615242
       0.99000001	   0.0061822627	     -24.171318
       0.99199998	   0.0050552837	     -21.463015
       0.99400002	   0.0041993060	     -18.585743
       0.99599999	   0.0036663539	     -15.680784
       0.99800003	   0.0033388601	     -12.986730
        1.0000000	   0.0030240249	     -10.560887
