   -0.0640480   -0.0716983   -0.0800241   -0.0890348   -0.0987049    -0.108891
    -0.119318    -0.130160    -0.142621    -0.144819    -0.151682    -0.161989
    -0.177335    -0.187581    -0.188250    -0.197392    -0.200463    -0.195475
    -0.199196    -0.193567    -0.179298    -0.169967    -0.163573    -0.159221
    -0.156498    -0.155254    -0.155525    -0.157532    -0.161728    -0.168708
    -0.174683    -0.173233    -0.171179    -0.161453    -0.151035    -0.131837
    -0.111762   -0.0940501   -0.0780476   -0.0632348   -0.0492769   -0.0359536
   -0.0231177   -0.0106707   0.00145142    0.0132878    0.0248583    0.0361675
    0.0472078    0.0579614    0.0684026    0.0784991    0.0882144    0.0975095
     0.106345     0.114684     0.122491     0.129741     0.136411     0.142491
     0.147976     0.152875     0.157201     0.160978     0.164233
   -0.0652754   -0.0736628   -0.0830311   -0.0934864    -0.104914    -0.116984
    -0.131065    -0.137949    -0.145188    -0.147411    -0.151749    -0.158662
    -0.167478    -0.174369    -0.178385    -0.183265    -0.185546    -0.184813
    -0.184682    -0.181006    -0.173881    -0.167636    -0.162797    -0.159295
    -0.157054    -0.156070    -0.156446    -0.158429    -0.162484    -0.169299
    -0.175381    -0.173284    -0.171433    -0.161028    -0.150858    -0.131005
    -0.110649   -0.0926255   -0.0762113   -0.0608994   -0.0463687   -0.0324084
   -0.0188776  -0.00568228   0.00723802    0.0199183    0.0323734    0.0446015
    0.0565864    0.0682997    0.0797024    0.0907467     0.101379     0.111540
     0.121173     0.130220     0.138630     0.146364     0.153389     0.159690
     0.165264     0.170123     0.174292     0.177806     0.180709
   -0.0644003   -0.0731041   -0.0830786   -0.0947417    -0.108743    -0.119488
    -0.128689    -0.133513    -0.137318    -0.139897    -0.143278    -0.147657
    -0.152467    -0.157032    -0.160930    -0.163991    -0.165980    -0.166792
    -0.166462    -0.164957    -0.162519    -0.159719    -0.157059    -0.154830
    -0.153185    -0.152218    -0.151998    -0.152588    -0.154001    -0.155951
    -0.156663    -0.154306    -0.149611    -0.141409    -0.130685    -0.116392
    -0.100610   -0.0850304   -0.0699010   -0.0551917   -0.0408274   -0.0267342
   -0.0128512  0.000866623    0.0144480    0.0279058    0.0412379    0.0544271
    0.0674419    0.0802365    0.0927519     0.104917     0.116650     0.127865
     0.138470     0.148379     0.157513     0.165808     0.173217     0.179716
     0.185304     0.190004     0.193858     0.196923     0.199269
   -0.0609615   -0.0692156   -0.0786194   -0.0894782    -0.101787    -0.110322
    -0.115947    -0.120118    -0.123725    -0.127439    -0.131287    -0.135247
    -0.139190    -0.142919    -0.146233    -0.148971    -0.151017    -0.152309
    -0.152839    -0.152664    -0.151916    -0.150778    -0.149449    -0.148090
    -0.146813    -0.145671    -0.144664    -0.143714    -0.142634    -0.141068
    -0.138514    -0.134506    -0.128744    -0.121092    -0.111578    -0.100414
   -0.0880195   -0.0748733   -0.0613181   -0.0475444   -0.0336443   -0.0196574
  -0.00559888   0.00852508    0.0227082    0.0369386    0.0511949    0.0654433
    0.0796350    0.0937043     0.107567     0.121121     0.134247     0.146811
     0.158673     0.169695     0.179750     0.188734     0.196574     0.203233
     0.208718     0.213069     0.216361     0.218694     0.220181
   -0.0551248   -0.0623040   -0.0702474   -0.0788574   -0.0876020   -0.0947984
    -0.100466    -0.105564    -0.110288    -0.114755    -0.119034    -0.123139
    -0.127032    -0.130641    -0.133881    -0.136671    -0.138948    -0.140674
    -0.141842    -0.142474    -0.142624    -0.142363    -0.141767    -0.140901
    -0.139807    -0.138492    -0.136923    -0.135019    -0.132643    -0.129608
    -0.125700    -0.120716    -0.114505    -0.106990   -0.0981829   -0.0881784
   -0.0771376   -0.0652478   -0.0526842   -0.0395852   -0.0260488   -0.0121399
   0.00209879    0.0166381    0.0314542    0.0465224    0.0618119    0.0772801
    0.0928680     0.108495     0.124052     0.139401     0.154371     0.168760
     0.182347     0.194903     0.206214     0.216105     0.224454     0.231205
     0.236379     0.240059     0.242387     0.243539     0.243705
   -0.0474275   -0.0533800   -0.0601053   -0.0672583   -0.0743432   -0.0810174
   -0.0871601   -0.0928217   -0.0980897    -0.103032    -0.107688    -0.112071
    -0.116169    -0.119953    -0.123383    -0.126417    -0.129020    -0.131165
    -0.132839    -0.134042    -0.134784    -0.135083    -0.134955    -0.134410
    -0.133449    -0.132054    -0.130189    -0.127795    -0.124788    -0.121070
    -0.116532    -0.111077    -0.104627   -0.0971410   -0.0886172   -0.0790915
   -0.0686296   -0.0573146   -0.0452322   -0.0324601   -0.0190620  -0.00508631
   0.00943173    0.0244668    0.0399993    0.0560103    0.0724768    0.0893654
     0.106625     0.124177     0.141905     0.159640     0.177150     0.194136
     0.210237     0.225057     0.238219     0.249400     0.258386     0.265091
     0.269567     0.271998     0.272662     0.271890     0.270017
   -0.0379979   -0.0421316   -0.0495528   -0.0568559   -0.0635785   -0.0699939
   -0.0761136   -0.0819327   -0.0874576   -0.0926984   -0.0976608    -0.102342
    -0.106731    -0.110808    -0.114548    -0.117924    -0.120910    -0.123483
    -0.125624    -0.127318    -0.128551    -0.129309    -0.129574    -0.129320
    -0.128517    -0.127143    -0.125168    -0.122553    -0.119250    -0.115206
    -0.110363    -0.104670   -0.0980848   -0.0905815   -0.0821525   -0.0728079
   -0.0625723   -0.0514798   -0.0395679   -0.0268727   -0.0134242  0.000755328
    0.0156523    0.0312613    0.0475830    0.0646227    0.0823856     0.100873
     0.120072     0.139948     0.160421     0.181339     0.202440     0.223305
     0.243332     0.261780     0.277892     0.291072     0.300917     0.307278
     0.310282     0.310318     0.308011     0.304036     0.298996
   -0.0322999   -0.0367069   -0.0421249   -0.0481897   -0.0544373   -0.0606407
   -0.0667119   -0.0726089   -0.0783058   -0.0837838   -0.0890266   -0.0940175
   -0.0987377    -0.103167    -0.107282    -0.111060    -0.114477    -0.117510
    -0.120136    -0.122331    -0.124068    -0.125313    -0.126020    -0.126122
    -0.125526    -0.124242    -0.122258    -0.119559    -0.116122    -0.111920
    -0.106923    -0.101101   -0.0944294   -0.0868900   -0.0784719   -0.0691724
   -0.0589954   -0.0479492   -0.0360433   -0.0232858  -0.00968037   0.00477584
    0.0200938    0.0362938    0.0534061    0.0714715    0.0905409     0.110675
     0.131939     0.154402     0.178116     0.203087     0.229207     0.256093
     0.282820     0.307649     0.328833     0.345309     0.356426     0.361898
     0.361813     0.356951     0.349001     0.339568     0.329691
   -0.0238579   -0.0270297   -0.0333959   -0.0399744   -0.0462175   -0.0523944
   -0.0585109   -0.0645355   -0.0704327   -0.0761702   -0.0817191   -0.0870530
   -0.0921469   -0.0969769    -0.101520    -0.105751    -0.109649    -0.113190
    -0.116350    -0.119105    -0.121427    -0.123283    -0.124626    -0.125385
    -0.124902    -0.123707    -0.121730    -0.118990    -0.115479    -0.111187
    -0.106100    -0.100199   -0.0934659   -0.0858857   -0.0774448   -0.0681333
   -0.0579436   -0.0468690   -0.0349021   -0.0220327  -0.00824563   0.00648175
    0.0221815    0.0388977    0.0566891    0.0756329    0.0958282     0.117402
     0.140519     0.165387     0.192279     0.221555     0.253699     0.289363
     0.329125     0.368821     0.395864     0.419230     0.431827     0.435503
     0.432052     0.413700     0.393892     0.375693     0.359235
   -0.0184448   -0.0220671   -0.0269192   -0.0326232   -0.0387044   -0.0449346
   -0.0512108   -0.0574674   -0.0636524   -0.0697225   -0.0756405   -0.0813745
   -0.0868962   -0.0921797   -0.0972010    -0.101937    -0.106365    -0.110464
    -0.114212    -0.117590    -0.120580    -0.123174    -0.125384    -0.126601
    -0.126760    -0.125851    -0.123752    -0.120958    -0.117371    -0.113003
    -0.107848    -0.101890   -0.0951122   -0.0874962   -0.0790267   -0.0696889
   -0.0594688   -0.0483514   -0.0363199   -0.0233532  -0.00942494   0.00549968
    0.0214659    0.0385327    0.0567769    0.0762980    0.0972254     0.119729
     0.144033     0.170439     0.199364     0.231400     0.267427     0.308801
     0.357406     0.409954     0.445882     0.474402     0.491202     0.493902
     0.489419     0.463342     0.432056     0.404846     0.382041
   -0.0102357   -0.0130985   -0.0186142   -0.0249825   -0.0314010   -0.0379539
   -0.0445891   -0.0512374   -0.0578388   -0.0643448   -0.0707165   -0.0769214
   -0.0829320   -0.0887238   -0.0942744   -0.0995624    -0.104567    -0.109268
    -0.113643    -0.117671    -0.121327    -0.124581    -0.127393    -0.129158
    -0.129876    -0.129532    -0.128096    -0.125559    -0.121790    -0.117329
    -0.112123    -0.106131   -0.0993278   -0.0916915   -0.0832044   -0.0738499
   -0.0636113   -0.0524707   -0.0404073   -0.0273965   -0.0134077   0.00159735
    0.0176668    0.0348620    0.0532608    0.0729626    0.0940951     0.116823
     0.141360     0.167988     0.197081     0.229136     0.264819     0.305000
     0.350850     0.404036     0.452867     0.478057     0.504217     0.505480
     0.503605     0.485438     0.449513     0.417535     0.391545
  -0.00307824  -0.00611414   -0.0110357   -0.0172866   -0.0241703   -0.0313246
   -0.0385680   -0.0458014   -0.0529644   -0.0600162   -0.0669263   -0.0736700
   -0.0802262   -0.0865759   -0.0927010   -0.0985843    -0.104208    -0.109555
    -0.114605    -0.119338    -0.123732    -0.127764    -0.130897    -0.133083
    -0.134286    -0.134468    -0.133590    -0.131602    -0.128433    -0.124004
    -0.118859    -0.112887    -0.106093   -0.0984587   -0.0899726   -0.0806202
   -0.0703865   -0.0592551   -0.0472067   -0.0342182   -0.0202616  -0.00530292
    0.0106997    0.0277975    0.0460537    0.0655466    0.0863725     0.108651
     0.132527     0.158182     0.185830     0.215730     0.248176     0.283496
     0.322064     0.364646     0.414872     0.442748     0.459167     0.479159
     0.466294     0.469665     0.436403     0.405915     0.383195
   0.00795335   0.00566181 -0.000433965  -0.00851735   -0.0168986   -0.0251793
   -0.0333147   -0.0413009   -0.0491340   -0.0568072   -0.0643122   -0.0716394
   -0.0787789   -0.0857202   -0.0924520   -0.0989630    -0.105241    -0.111271
    -0.117040    -0.122526    -0.127715    -0.132088    -0.135606    -0.138229
    -0.139920    -0.140638    -0.140342    -0.138989    -0.136539    -0.132953
    -0.128220    -0.122192    -0.115427    -0.107803   -0.0993282   -0.0899897
   -0.0797794   -0.0686859   -0.0566943   -0.0437867   -0.0299419   -0.0151350
  0.000662880    0.0174852    0.0353712    0.0543661    0.0745210    0.0958930
     0.118542     0.142528     0.167898     0.194671     0.222807     0.252144
     0.282278     0.312279     0.340198     0.363143     0.379946     0.390421
     0.394028     0.391717     0.383634     0.372186     0.360061
    0.0212723    0.0211675    0.0106139 -0.000998512   -0.0109970   -0.0203534
   -0.0293432   -0.0380646   -0.0465613   -0.0548555   -0.0629585   -0.0708749
   -0.0786057   -0.0861485   -0.0934996    -0.100654    -0.107605    -0.114347
    -0.120870    -0.127154    -0.132696    -0.137458    -0.141404    -0.144497
    -0.146699    -0.147968    -0.148264    -0.147547    -0.145778    -0.142918
    -0.138928    -0.133766    -0.127414    -0.119715    -0.111259    -0.101928
   -0.0917411   -0.0806992   -0.0687904   -0.0560008   -0.0423170   -0.0277253
   -0.0122123   0.00423556    0.0216313    0.0399864    0.0593087    0.0795993
     0.100847     0.123019     0.146050     0.169820     0.194127     0.218645
     0.242871     0.266081     0.287349     0.305769     0.320613     0.331437
     0.338220     0.341107     0.340720     0.337824     0.333322
    0.0200215    0.0179987    0.0114416   0.00217282  -0.00774313   -0.0175500
   -0.0270981   -0.0363871   -0.0454423   -0.0542877   -0.0629412   -0.0714147
   -0.0797150   -0.0878453   -0.0958063    -0.103598    -0.111220    -0.118682
    -0.126009    -0.132668    -0.138616    -0.143815    -0.148232    -0.151828
    -0.154565    -0.156404    -0.157302    -0.157219    -0.156116    -0.153951
    -0.150685    -0.146278    -0.140691    -0.133878    -0.125824    -0.116372
    -0.106178   -0.0951919   -0.0833767   -0.0707179   -0.0572081   -0.0428451
   -0.0276309   -0.0115708   0.00532538    0.0230420    0.0415544    0.0608252
    0.0807989     0.101395     0.122497     0.143943     0.165511     0.186904
     0.207746     0.227588     0.245947     0.262344     0.276400     0.287877
     0.296677     0.302907     0.306787     0.308682     0.308996
    0.0303339    0.0307049    0.0174057   0.00448978  -0.00641420   -0.0167114
   -0.0266692   -0.0363701   -0.0458555   -0.0551533   -0.0642833   -0.0732591
   -0.0820892   -0.0907773   -0.0993231    -0.107722    -0.115964    -0.124032
    -0.131898    -0.139034    -0.145451    -0.151134    -0.156058    -0.160189
    -0.163489    -0.165917    -0.167432    -0.167990    -0.167550    -0.166070
    -0.163508    -0.159824    -0.154975    -0.148917    -0.141597    -0.132939
    -0.122862    -0.112029    -0.100331   -0.0877966   -0.0744345   -0.0602624
   -0.0452986   -0.0295647   -0.0130872   0.00410017    0.0219530    0.0404135
    0.0594062    0.0788341    0.0985728     0.118466     0.138321     0.157906
     0.176957     0.195182     0.212286     0.227992     0.242069     0.254350
     0.264759     0.273295     0.280044     0.285148     0.288788
    0.0212598    0.0189815    0.0122223   0.00269233  -0.00761543   -0.0179149
   -0.0280384   -0.0379797   -0.0477618   -0.0574075   -0.0669342   -0.0763537
   -0.0856728   -0.0948941    -0.104016    -0.113031    -0.121927    -0.130689
    -0.138850    -0.146376    -0.153241    -0.159417    -0.164871    -0.169562
    -0.173451    -0.176493    -0.178643    -0.179856    -0.180088    -0.179295
    -0.177434    -0.174465    -0.170349    -0.165048    -0.158526    -0.150749
    -0.141694    -0.131371    -0.119627    -0.107156   -0.0938552   -0.0797785
   -0.0649630   -0.0494383   -0.0332384   -0.0164058   0.00100636    0.0189327
    0.0372936    0.0559932    0.0749168    0.0939300     0.112877     0.131584
     0.149859     0.167504     0.184318     0.200116     0.214733     0.228040
     0.239945     0.250403     0.259404     0.266975     0.273172
    0.0276090    0.0274957    0.0134984  0.000455102   -0.0104725   -0.0208530
   -0.0310118   -0.0410504   -0.0510100   -0.0609110   -0.0707646   -0.0805771
   -0.0903516    -0.100089    -0.109786    -0.119439    -0.129029    -0.138101
    -0.146626    -0.154576    -0.161919    -0.168617    -0.174631    -0.179915
    -0.184424    -0.188109    -0.190920    -0.192810    -0.193729    -0.193631
    -0.192473    -0.190213    -0.186814    -0.182242    -0.176468    -0.169466
    -0.161217    -0.151703    -0.140904    -0.128834    -0.115346    -0.101214
   -0.0864187   -0.0709599   -0.0548683   -0.0381873   -0.0209724  -0.00329000
    0.0147833    0.0331602    0.0517420    0.0704181    0.0890668     0.107556
     0.125745     0.143491     0.160648     0.177077     0.192648     0.207240
     0.220750     0.233086     0.244175     0.253956     0.262386
    0.0124814   0.00943078   0.00281522  -0.00598891   -0.0155609   -0.0253778
   -0.0353018   -0.0452947   -0.0553423   -0.0654368   -0.0755729   -0.0857461
   -0.0959528    -0.106192    -0.116469    -0.126804    -0.136712    -0.146157
    -0.155110    -0.163538    -0.171405    -0.178669    -0.185284    -0.191201
    -0.196369    -0.200732    -0.204238    -0.206830    -0.208458    -0.209069
    -0.208618    -0.207062    -0.204362    -0.200485    -0.195403    -0.189094
    -0.181539    -0.172721    -0.162623    -0.151219    -0.138463    -0.124296
    -0.109497   -0.0939834   -0.0778293   -0.0610873   -0.0438232   -0.0261053
  -0.00800586    0.0103989    0.0290274    0.0477922    0.0666003    0.0853536
     0.103950     0.122285     0.140251     0.157741     0.174645     0.190849
     0.206231     0.220662     0.233998     0.246088     0.256783
   0.00645099   0.00297298  -0.00364263   -0.0120348   -0.0210987   -0.0305605
   -0.0403071   -0.0502713   -0.0604111   -0.0706988   -0.0811148   -0.0916431
    -0.102269    -0.112977    -0.123742    -0.134534    -0.144873    -0.154770
    -0.164214    -0.173175    -0.181618    -0.189497    -0.196762    -0.203359
    -0.209229    -0.214312    -0.218547    -0.221875    -0.224236    -0.225576
    -0.225841    -0.224986    -0.222971    -0.219760    -0.215327    -0.209650
    -0.202714    -0.194509    -0.185028    -0.174268    -0.162231    -0.148927
    -0.134404    -0.118525    -0.102103   -0.0850594   -0.0674908   -0.0494740
   -0.0310729   -0.0123493   0.00663408    0.0258125    0.0451192    0.0644864
    0.0838452     0.103126     0.122258     0.141167     0.159771     0.177971
     0.195646     0.212634     0.228718     0.243620     0.257017
   0.00255164  -0.00101144  -0.00831664   -0.0171234   -0.0262586   -0.0357243
   -0.0455053   -0.0555682   -0.0658808   -0.0764167   -0.0871544   -0.0980761
    -0.109166    -0.120406    -0.131771    -0.142827    -0.153546    -0.163902
    -0.173867    -0.183404    -0.192470    -0.201013    -0.208977    -0.216301
    -0.222921    -0.228768    -0.233774    -0.237873    -0.240998    -0.243086
    -0.244081    -0.243931    -0.242591    -0.240024    -0.236202    -0.231104
    -0.224717    -0.217038    -0.208066    -0.197811    -0.186283    -0.173502
    -0.159485    -0.144244    -0.127824    -0.110089   -0.0919399   -0.0733872
   -0.0544601   -0.0351925   -0.0156244   0.00420133    0.0242424    0.0444587
    0.0648139    0.0852759     0.105816     0.126407     0.147018     0.167607
     0.188098     0.208358     0.228139     0.247009     0.264302
  -0.00242627  -0.00662321   -0.0134544   -0.0219235   -0.0310942   -0.0406934
   -0.0506483   -0.0609255   -0.0715009   -0.0823544   -0.0934691    -0.104832
    -0.116440    -0.128303    -0.139962    -0.151385    -0.162545    -0.173410
    -0.183944    -0.194105    -0.203843    -0.213100    -0.221813    -0.229914
    -0.237330    -0.243986    -0.249806    -0.254712    -0.258632    -0.261494
    -0.263234    -0.263795    -0.263125    -0.261184    -0.257941    -0.253374
    -0.247474    -0.240236    -0.231669    -0.221785    -0.210603    -0.198143
    -0.184426    -0.169465    -0.153260    -0.135778    -0.116977   -0.0977851
   -0.0782051   -0.0582461   -0.0379391   -0.0173149   0.00360108    0.0247922
    0.0462525    0.0679884    0.0900201     0.112382     0.135125     0.158314
     0.182019     0.206307     0.231179     0.256377     0.280578
  -0.00404404  -0.00791762   -0.0163257   -0.0258916   -0.0354906   -0.0453796
   -0.0556120   -0.0661890   -0.0770995   -0.0883296   -0.0998635    -0.111683
    -0.123763    -0.136070    -0.148159    -0.160044    -0.171714    -0.183145
    -0.194300    -0.205134    -0.215592    -0.225610    -0.235120    -0.244044
    -0.252302    -0.259810    -0.266482    -0.272233    -0.276978    -0.280639
    -0.283141    -0.284419    -0.284417    -0.283088    -0.280397    -0.276322
    -0.270851    -0.263985    -0.255732    -0.246113    -0.235153    -0.222878
    -0.209319    -0.194499    -0.178435    -0.161126    -0.142552    -0.122676
    -0.102404   -0.0816448   -0.0604830   -0.0389662   -0.0171131   0.00507678
    0.0276226    0.0505645    0.0739671    0.0979254     0.122573     0.148097
     0.174753     0.202908     0.233130     0.266555     0.308352
  -0.00910271   -0.0139018   -0.0211246   -0.0299885   -0.0396434   -0.0497818
   -0.0603269   -0.0712562   -0.0825582   -0.0942238    -0.106244    -0.118604
    -0.131282    -0.143872    -0.156355    -0.168714    -0.180927    -0.192962
    -0.204779    -0.216327    -0.227546    -0.238366    -0.248712    -0.258498
    -0.267637    -0.276033    -0.283592    -0.290217    -0.295815    -0.300295
    -0.303574    -0.305577    -0.306240    -0.305511    -0.303350    -0.299731
    -0.294643    -0.288087    -0.280077    -0.270638    -0.259801    -0.247607
    -0.234095    -0.219307    -0.203281    -0.186050    -0.167641    -0.148083
    -0.127435    -0.105534   -0.0833507   -0.0608663   -0.0380713   -0.0149431
   0.00855693    0.0324903    0.0569473    0.0820562     0.107995     0.135011
     0.163443     0.193763     0.226614     0.262882     0.304079
  -0.00868738   -0.0128618   -0.0226795   -0.0330681   -0.0432705   -0.0537865
   -0.0647010   -0.0760254   -0.0877580   -0.0998992    -0.112456    -0.125451
    -0.138446    -0.151418    -0.164352    -0.177228    -0.190020    -0.202692
    -0.215202    -0.227493    -0.239502    -0.251153    -0.262363    -0.273040
    -0.283085    -0.292396    -0.300865    -0.308386    -0.314853    -0.320165
    -0.324229    -0.326960    -0.328284    -0.328142    -0.326490    -0.323297
    -0.318552    -0.312257    -0.304429    -0.295099    -0.284307    -0.272103
    -0.258541    -0.243676    -0.227561    -0.210245    -0.191766    -0.172152
    -0.151403    -0.129474    -0.106297   -0.0828839   -0.0592181   -0.0352802
   -0.0110305    0.0135931    0.0386786    0.0643470    0.0907620     0.118145
     0.146798     0.177132     0.209709     0.245184     0.282941
   -0.0141811   -0.0195413   -0.0271074   -0.0363390   -0.0465430   -0.0573605
   -0.0686624   -0.0804069   -0.0925806    -0.105181    -0.118209    -0.131672
    -0.145114    -0.158554    -0.171994    -0.185424    -0.198821    -0.212152
    -0.225370    -0.238420    -0.251232    -0.263725    -0.275811    -0.287388
    -0.298350    -0.308583    -0.317970    -0.326393    -0.333734    -0.339880
    -0.344727    -0.348179    -0.350154    -0.350583    -0.349417    -0.346622
    -0.342184    -0.336108    -0.328412    -0.319135    -0.308324    -0.296040
    -0.282349    -0.267319    -0.251018    -0.233509    -0.214845    -0.195065
    -0.174188    -0.152206    -0.129084    -0.104767   -0.0803032   -0.0556920
   -0.0309027  -0.00588655    0.0194209    0.0451011    0.0712560    0.0980123
     0.125527     0.153995     0.183672     0.214928     0.247944
   -0.0126568   -0.0174057   -0.0268438   -0.0378479   -0.0489656   -0.0603776
   -0.0721709   -0.0843758   -0.0970054    -0.110065    -0.123551    -0.137437
    -0.151318    -0.165228    -0.179178    -0.193164    -0.207167    -0.221153
    -0.235076    -0.248876    -0.262482    -0.275807    -0.288757    -0.301223
    -0.313089    -0.324231    -0.334523    -0.343833    -0.352033    -0.358998
    -0.364610    -0.368765    -0.371369    -0.372346    -0.371641    -0.369215
    -0.365052    -0.359158    -0.351556    -0.342288    -0.331411    -0.318996
    -0.305120    -0.289865    -0.273315    -0.255548    -0.236633    -0.216626
    -0.195566    -0.173470    -0.150336    -0.126139    -0.100861   -0.0756864
   -0.0505319   -0.0253488 -0.000102118    0.0252388    0.0507000    0.0762971
     0.102022     0.127811     0.153487     0.178625     0.202359
   -0.0147587   -0.0200365   -0.0289714   -0.0398282   -0.0512752   -0.0631106
   -0.0753362   -0.0879755    -0.101054    -0.114599    -0.128646    -0.142792
    -0.157029    -0.171362    -0.185791    -0.200307    -0.214888    -0.229501
    -0.244097    -0.258615    -0.272980    -0.287101    -0.300877    -0.314192
    -0.326923    -0.338936    -0.350092    -0.360251    -0.369271    -0.377017
    -0.383359    -0.388180    -0.391379    -0.392871    -0.392593    -0.390504
    -0.386585    -0.380843    -0.373303    -0.364014    -0.353041    -0.340463
    -0.326371    -0.310860    -0.294028    -0.275969    -0.256769    -0.236500
    -0.215217    -0.192950    -0.169699    -0.145414    -0.119973   -0.0945534
   -0.0692172   -0.0440043   -0.0189394   0.00595379    0.0306425    0.0550721
    0.0791512     0.102730     0.125573     0.147335     0.167567
   -0.0156390   -0.0209518   -0.0303416   -0.0416555   -0.0534565   -0.0656310
   -0.0782014   -0.0911945    -0.104637    -0.118554    -0.132973    -0.147470
    -0.162079    -0.176818    -0.191692    -0.206695    -0.221807    -0.236995
    -0.252209    -0.267386    -0.282447    -0.297298    -0.311833    -0.325929
    -0.339454    -0.352267    -0.364220    -0.375159    -0.384935    -0.393398
    -0.400410    -0.405843    -0.409585    -0.411545    -0.411654    -0.409864
    -0.406158    -0.400539    -0.393039    -0.383710    -0.372625    -0.359873
    -0.345555    -0.329781    -0.312661    -0.294306    -0.274819    -0.254291
    -0.232797    -0.210393    -0.187115    -0.162971    -0.137954    -0.112060
   -0.0864262   -0.0611176   -0.0361770   -0.0116450    0.0124264    0.0359644
    0.0588673    0.0809971     0.102175     0.122185     0.140785
   -0.0167154   -0.0220782   -0.0318313   -0.0434776   -0.0555254   -0.0679421
   -0.0807680   -0.0940318    -0.107757    -0.121963    -0.136672    -0.151473
    -0.166406    -0.181497    -0.196757    -0.212183    -0.227755    -0.243440
    -0.259190    -0.274939    -0.290605    -0.306092    -0.321288    -0.336065
    -0.350284    -0.363796    -0.376444    -0.388067    -0.398503    -0.407594
    -0.415191    -0.421158    -0.425375    -0.427741    -0.428183    -0.426651
    -0.423122    -0.417603    -0.410126    -0.400749    -0.389552    -0.376631
    -0.362098    -0.346075    -0.328685    -0.310052    -0.290295    -0.269522
    -0.247826    -0.225285    -0.201958    -0.177886    -0.153093    -0.127599
    -0.101439   -0.0759138   -0.0509869   -0.0266675  -0.00299434    0.0199701
    0.0421417    0.0634156    0.0836681     0.102763     0.120559
   -0.0189859   -0.0247582   -0.0340666   -0.0453959   -0.0574646   -0.0700088
   -0.0830060   -0.0964698    -0.110416    -0.124852    -0.139762    -0.154779
    -0.169954    -0.185315    -0.200876    -0.216635    -0.232573    -0.248656
    -0.264836    -0.281044    -0.297198    -0.313198    -0.328928    -0.344255
    -0.359037    -0.373117    -0.386330    -0.398508    -0.409481    -0.419083
    -0.427158    -0.433559    -0.438161    -0.440858    -0.441570    -0.440244
    -0.436857    -0.431414    -0.423950    -0.414527    -0.403229    -0.390161
    -0.375442    -0.359203    -0.341580    -0.322706    -0.302713    -0.281721
    -0.259836    -0.237148    -0.213726    -0.189615    -0.164832    -0.139363
    -0.113145   -0.0875717   -0.0626645   -0.0384594   -0.0150035   0.00764511
    0.0294173    0.0502338    0.0700077    0.0886487     0.106069
   -0.0187458   -0.0240529   -0.0346414   -0.0468166   -0.0590872   -0.0717277
   -0.0848376   -0.0984548    -0.112608    -0.127335    -0.142244    -0.157343
    -0.172651    -0.188183    -0.203945    -0.219932    -0.236124    -0.252487
    -0.268968    -0.285502    -0.302003    -0.318369    -0.334480    -0.350203
    -0.365389    -0.379877    -0.393498    -0.406077    -0.417439    -0.427412
    -0.435832    -0.442549    -0.447431    -0.450368    -0.451276    -0.450100
    -0.446815    -0.441427    -0.433971    -0.424511    -0.413136    -0.399956
    -0.385096    -0.368694    -0.350891    -0.331832    -0.311654    -0.290487
    -0.268447    -0.245630    -0.222114    -0.197948    -0.173152    -0.147700
    -0.121501   -0.0958466   -0.0708726   -0.0466557   -0.0232523 -0.000715907
    0.0208963    0.0415223    0.0610965    0.0795529    0.0968295
   -0.0227997   -0.0290775   -0.0378541   -0.0485603   -0.0604059   -0.0729730
   -0.0861202   -0.0998145    -0.114061    -0.128880    -0.143849    -0.159009
    -0.174388    -0.190006    -0.205870    -0.221974    -0.238298    -0.254807
    -0.271451    -0.288160    -0.304850    -0.321416    -0.337738    -0.353679
    -0.369090    -0.383806    -0.397656    -0.410462    -0.422045    -0.432229
    -0.440847    -0.447746    -0.452790    -0.455867    -0.456889    -0.455802
    -0.452578    -0.447222    -0.439773    -0.430293    -0.418874    -0.405629
    -0.390685    -0.374184    -0.356272    -0.337097    -0.316802    -0.295521
    -0.273375    -0.250468    -0.226886    -0.202695    -0.177942    -0.152660
    -0.126882    -0.100685   -0.0754118   -0.0510253   -0.0275274  -0.00494337
    0.0166862    0.0373109    0.0568752    0.0753224    0.0925992
   -0.0189262   -0.0239631   -0.0355064   -0.0482310   -0.0607203   -0.0735174
   -0.0867650    -0.100513    -0.114790    -0.129624    -0.144596    -0.159751
    -0.175123    -0.190735    -0.206594    -0.222697    -0.239025    -0.255542
    -0.272197    -0.288922    -0.305630    -0.322220    -0.338569    -0.354542
    -0.369986    -0.384739    -0.398627    -0.411473    -0.423096    -0.433321
    -0.441979    -0.448916    -0.453996    -0.457106    -0.458158    -0.457094
    -0.453889    -0.448548    -0.441106    -0.431628    -0.420204    -0.406947
    -0.391986    -0.375462    -0.357521    -0.338311    -0.317975    -0.296648
    -0.274450    -0.251486    -0.227841    -0.203579    -0.178749    -0.153382
    -0.127515    -0.101206   -0.0758119   -0.0512954   -0.0276581  -0.00492700
    0.0168542    0.0376308    0.0573414    0.0759228    0.0933146
   -0.0218385   -0.0278199   -0.0371656   -0.0485895   -0.0608643   -0.0736467
   -0.0868917    -0.100616    -0.114849    -0.129621    -0.144515    -0.159581
    -0.174854    -0.190358    -0.206102    -0.222083    -0.238281    -0.254662
    -0.271176    -0.287754    -0.304311    -0.320744    -0.336935    -0.352747
    -0.368031    -0.382624    -0.396358    -0.409054    -0.420535    -0.430628
    -0.439167    -0.445998    -0.450987    -0.454022    -0.455017    -0.453914
    -0.450688    -0.445342    -0.437911    -0.428458    -0.417073    -0.403863
    -0.388955    -0.372488    -0.354603    -0.335445    -0.315152    -0.293854
    -0.271666    -0.248685    -0.224985    -0.200615    -0.175591    -0.149887
    -0.123410   -0.0974338   -0.0721035   -0.0474954   -0.0236677 -0.000678966
    0.0214044    0.0425064    0.0625433    0.0814273    0.0990725
   -0.0200821   -0.0253924   -0.0359474   -0.0482482   -0.0606868   -0.0734386
   -0.0865935    -0.100200    -0.114295    -0.128914    -0.143640    -0.158524
    -0.173600    -0.188893    -0.204411    -0.220149    -0.236089    -0.252196
    -0.268419    -0.284692    -0.300931    -0.317035    -0.332887    -0.348354
    -0.363290    -0.377537    -0.390929    -0.403293    -0.414458    -0.424253
    -0.432518    -0.439104    -0.443881    -0.446740    -0.447596    -0.446394
    -0.443108    -0.437741    -0.430326    -0.420924    -0.409617    -0.396512
    -0.381729    -0.365398    -0.347655    -0.328636    -0.308473    -0.287286
    -0.265180    -0.242244    -0.218543    -0.194117    -0.168977    -0.143101
    -0.116427   -0.0903339   -0.0648381   -0.0399743   -0.0157908   0.00764829
    0.0302602    0.0519425    0.0725745    0.0920221     0.110148
   -0.0217718   -0.0274836   -0.0369296   -0.0483901   -0.0604975   -0.0730168
   -0.0859456   -0.0993156    -0.113165    -0.127531    -0.141997    -0.156609
    -0.171397    -0.186381    -0.201567    -0.216951    -0.232512    -0.248215
    -0.264011    -0.279833    -0.295601    -0.311216    -0.326564    -0.341517
    -0.355934    -0.369663    -0.382543    -0.394411    -0.405099    -0.414447
    -0.422300    -0.428516    -0.432970    -0.435559    -0.436203    -0.434847
    -0.431467    -0.426064    -0.418670    -0.409340    -0.398152    -0.385205
    -0.370610    -0.354488    -0.336967    -0.318170    -0.298218    -0.277219
    -0.255267    -0.232437    -0.208783    -0.184334    -0.159102    -0.133087
    -0.106312   -0.0800750   -0.0543317   -0.0290818  -0.00435630    0.0197841
    0.0432457    0.0658960    0.0875603     0.108024     0.127045
   -0.0217676   -0.0272071   -0.0368376   -0.0483268   -0.0601977   -0.0723941
   -0.0849717   -0.0979789    -0.111459    -0.125462    -0.139592    -0.153860
    -0.168284    -0.182877    -0.197643    -0.212573    -0.227649    -0.242836
    -0.258083    -0.273329    -0.288492    -0.303479    -0.318181    -0.332474
    -0.346224    -0.359287    -0.371510    -0.382738    -0.392814    -0.401586
    -0.408908    -0.414647    -0.418686    -0.420927    -0.421294    -0.419738
    -0.416233    -0.410781    -0.403410    -0.394170    -0.383132    -0.370386
    -0.356034    -0.340185    -0.322953    -0.304449    -0.284779    -0.264037
    -0.242299    -0.219625    -0.196045    -0.171558    -0.146115    -0.119599
   -0.0932043   -0.0670188   -0.0410666   -0.0153600    0.0100804    0.0352102
    0.0599454    0.0841415     0.107567     0.129879     0.150634
   -0.0228047   -0.0281496   -0.0375276   -0.0485778   -0.0599241   -0.0715968
   -0.0836674   -0.0961716    -0.109128    -0.122543    -0.136397    -0.150307
    -0.164320    -0.178458    -0.192730    -0.207127    -0.221631    -0.236207
    -0.250808    -0.265371    -0.279821    -0.294067    -0.308006    -0.321521
    -0.334486    -0.346764    -0.358214    -0.368689    -0.378045    -0.386138
    -0.392835    -0.398012    -0.401560    -0.403390    -0.403430    -0.401634
    -0.397979    -0.392465    -0.385116    -0.375976    -0.365111    -0.352598
    -0.338528    -0.322997    -0.306106    -0.287950    -0.268618    -0.248188
    -0.226721    -0.204258    -0.180822    -0.156408    -0.130995    -0.104548
   -0.0782752   -0.0520813   -0.0259064  0.000297172    0.0265686    0.0529340
    0.0793919     0.105884     0.132231     0.158000     0.182301
   -0.0261134   -0.0319533   -0.0397956   -0.0491959   -0.0595339   -0.0704952
   -0.0819697   -0.0939236    -0.106350    -0.119252    -0.132640    -0.146083
    -0.159608    -0.173227    -0.186941    -0.200741    -0.214605    -0.228500
    -0.242379    -0.256182    -0.269836    -0.283257    -0.296346    -0.308995
    -0.321086    -0.332493    -0.343084    -0.352725    -0.361281    -0.368622
    -0.374626    -0.379179    -0.382181    -0.383551    -0.383225    -0.381159
    -0.377331    -0.371741    -0.364408    -0.355372    -0.344688    -0.332424
    -0.318658    -0.303474    -0.286954    -0.269179    -0.250220    -0.230136
    -0.208967    -0.186732    -0.163428    -0.139028    -0.113464   -0.0877810
   -0.0619771   -0.0360048  -0.00979291    0.0167494    0.0437341    0.0712974
    0.0996047     0.128858     0.159318     0.191356     0.225159
   -0.0232227   -0.0280274   -0.0379356   -0.0481173   -0.0582332   -0.0687410
   -0.0797048   -0.0911317    -0.103024    -0.115390    -0.128253    -0.141193
    -0.154199    -0.167265    -0.180387    -0.193549    -0.206731    -0.219897
    -0.233003    -0.245993    -0.258797    -0.271337    -0.283520    -0.295247
    -0.306408    -0.316888    -0.326566    -0.335319    -0.343026    -0.349569
    -0.354835    -0.358724    -0.361145    -0.362023    -0.361302    -0.358941
    -0.354920    -0.349238    -0.341909    -0.332968    -0.322460    -0.310444
    -0.296984    -0.282151    -0.266013    -0.248632    -0.230062    -0.210342
    -0.189486    -0.167486    -0.144304    -0.119883   -0.0952337   -0.0703483
   -0.0451884   -0.0196903   0.00624030    0.0327329    0.0599614    0.0881586
     0.117637     0.148821     0.182289     0.218710     0.257466
   -0.0253648   -0.0307794   -0.0381150   -0.0468440   -0.0563474   -0.0663724
   -0.0768513   -0.0877657   -0.0991083    -0.110874    -0.123051    -0.135607
    -0.148135    -0.160657    -0.173178    -0.185688    -0.198166    -0.210580
    -0.222888    -0.235037    -0.246964    -0.258593    -0.269842    -0.280619
    -0.290822    -0.300348    -0.309087    -0.316929    -0.323764    -0.329485
    -0.333993    -0.337197    -0.339016    -0.339383    -0.338248    -0.335573
    -0.331339    -0.325544    -0.318199    -0.309332    -0.298979    -0.287190
    -0.274017    -0.259516    -0.243743    -0.226745    -0.208561    -0.189214
    -0.168697    -0.146960    -0.123857    -0.100454   -0.0767818   -0.0528194
   -0.0285220  -0.00381865    0.0213922    0.0472506    0.0739474     0.101742
     0.130991     0.162178     0.195967     0.233256     0.275511
   -0.0219819   -0.0264058   -0.0350377   -0.0444159   -0.0537638   -0.0634287
   -0.0734733   -0.0839078   -0.0947319    -0.105945    -0.117552    -0.129569
    -0.141568    -0.153531    -0.165446    -0.177299    -0.189069    -0.200726
    -0.212231    -0.223535    -0.234578    -0.245293    -0.255604    -0.265426
    -0.274670    -0.283240    -0.291040    -0.297969    -0.303930    -0.308828
    -0.312575    -0.315089    -0.316300    -0.316146    -0.314583    -0.311577
    -0.307110    -0.301177    -0.293786    -0.284958    -0.274722    -0.263118
    -0.250185    -0.235969    -0.220512    -0.203849    -0.186012    -0.167027
    -0.146926    -0.125763    -0.103407   -0.0809630   -0.0583290   -0.0354425
   -0.0122480    0.0113187    0.0353409    0.0599296    0.0852333     0.111452
     0.138859     0.167837     0.198975     0.233449     0.276573
   -0.0221993   -0.0270589   -0.0338659   -0.0420033   -0.0508102   -0.0600531
   -0.0696712   -0.0796447   -0.0899638    -0.100621    -0.111609    -0.122917
    -0.134510    -0.145963    -0.157297    -0.168509    -0.179585    -0.190497
    -0.201211    -0.211682    -0.221856    -0.231671    -0.241060    -0.249945
    -0.258247    -0.265881    -0.272759    -0.278793    -0.283897    -0.287987
    -0.290984    -0.292816    -0.293419    -0.292742    -0.290742    -0.287388
    -0.282663    -0.276560    -0.269083    -0.260246    -0.250071    -0.238587
    -0.225824    -0.211812    -0.196579    -0.180143    -0.162507    -0.143658
    -0.123552    -0.103122   -0.0822890   -0.0611660   -0.0397912   -0.0181721
   0.00370059    0.0258494    0.0483101    0.0711323    0.0943797     0.118129
     0.142465     0.167462     0.193134     0.219235     0.244483
   -0.0187168   -0.0228063   -0.0302171   -0.0387144   -0.0473599   -0.0562942
   -0.0655411   -0.0750930   -0.0849388   -0.0950712    -0.105488    -0.116197
    -0.127218    -0.138111    -0.148858    -0.159442    -0.169842    -0.180034
    -0.189982    -0.199647    -0.208979    -0.217925    -0.226422    -0.234404
    -0.241797    -0.248527    -0.254517    -0.259688    -0.263964    -0.267270
    -0.269538    -0.270703    -0.270709    -0.269508    -0.267062    -0.263343
    -0.258331    -0.252019    -0.244405    -0.235498    -0.225310    -0.213861
    -0.201172    -0.187262    -0.172148    -0.155838    -0.138307    -0.119507
    -0.100389   -0.0809750   -0.0612803   -0.0413425   -0.0211982 -0.000877804
    0.0195952    0.0402026    0.0609301    0.0817639     0.102686     0.123662
     0.144626     0.165447     0.185876     0.205468     0.223515
   -0.0171985   -0.0213688   -0.0276856   -0.0353580   -0.0436359   -0.0522845
   -0.0612178   -0.0703954   -0.0797968   -0.0894127   -0.0992388    -0.109274
    -0.119516    -0.129951    -0.140173    -0.150175    -0.159940    -0.169447
    -0.178666    -0.187561    -0.196092    -0.204208    -0.211856    -0.218976
    -0.225504    -0.231374    -0.236518    -0.240866    -0.244350    -0.246906
    -0.248471    -0.248988    -0.248407    -0.246685    -0.243785    -0.239679
    -0.234348    -0.227780    -0.219969    -0.210916    -0.200624    -0.189103
    -0.176361    -0.162409    -0.147274    -0.131006    -0.113476   -0.0956066
   -0.0774258   -0.0589667   -0.0402711   -0.0213879  -0.00236887    0.0167332
    0.0358656    0.0549750    0.0740065    0.0929002     0.111586     0.129977
     0.147956     0.165361     0.181972     0.197503     0.211619
   -0.0134783   -0.0171295   -0.0233305   -0.0311669   -0.0395645   -0.0481687
   -0.0569081   -0.0657698   -0.0747532   -0.0838611   -0.0930965    -0.102462
    -0.111958    -0.121584    -0.131334    -0.140796    -0.149967    -0.158827
    -0.167357    -0.175525    -0.183296    -0.190628    -0.197474    -0.203781
    -0.209493    -0.214552    -0.218897    -0.222467    -0.225202    -0.227043
    -0.227935    -0.227826    -0.226669    -0.224426    -0.221060    -0.216543
    -0.210855    -0.203978    -0.195901    -0.186617    -0.176117    -0.164395
    -0.151438    -0.137207    -0.121645    -0.105608   -0.0890227   -0.0720054
   -0.0546342   -0.0369802   -0.0191125  -0.00110319    0.0169725    0.0350357
    0.0530052    0.0707970    0.0883251     0.105500     0.122229     0.138408
     0.153924     0.168648     0.182432     0.195114     0.206527
  -0.00623437  -0.00752582   -0.0167979   -0.0268935   -0.0358209   -0.0444560
   -0.0530041   -0.0615340   -0.0700785   -0.0786575   -0.0872847   -0.0959701
    -0.104720    -0.113539    -0.122428    -0.131386    -0.139993    -0.148243
    -0.156118    -0.163598    -0.170654    -0.177249    -0.183341    -0.188886
    -0.193833    -0.198132    -0.201727    -0.204566    -0.206594    -0.207757
    -0.208005    -0.207290    -0.205569    -0.202802    -0.198956    -0.194000
    -0.187911    -0.180668    -0.172250    -0.162642    -0.151832    -0.139806
    -0.126581    -0.112011   -0.0969419   -0.0813809   -0.0653459   -0.0488874
   -0.0320724   -0.0149763   0.00231696    0.0197155    0.0371194    0.0544220
    0.0715112    0.0882721     0.104590     0.120352     0.135452     0.149787
     0.163263     0.175792     0.187292     0.197687     0.206916
  -0.00890437   -0.0118314   -0.0176263   -0.0252938   -0.0335173   -0.0417666
   -0.0499319   -0.0580152   -0.0660395   -0.0740279   -0.0819999   -0.0899701
   -0.0979493    -0.105945    -0.113961    -0.122003    -0.130069    -0.137727
    -0.144975    -0.151802    -0.158183    -0.164086    -0.169473    -0.174305
    -0.178538    -0.182126    -0.185021    -0.187175    -0.188538    -0.189061
    -0.188694    -0.187393    -0.185114    -0.181818    -0.177472    -0.172042
    -0.165502    -0.157828    -0.148987    -0.138941    -0.127685    -0.115057
    -0.101817   -0.0878621   -0.0732772   -0.0581174   -0.0424359   -0.0262937
  -0.00976252   0.00707342    0.0241160    0.0412523    0.0583546    0.0752816
    0.0918818     0.107999     0.123479     0.138179     0.151974     0.164762
     0.176471     0.187053     0.196491     0.204786     0.211957
  -0.00382305  -0.00356044   -0.0141259   -0.0240143   -0.0323529   -0.0402551
   -0.0479266   -0.0554395   -0.0628356   -0.0701458   -0.0773934   -0.0845959
   -0.0917650   -0.0989081    -0.106029    -0.113130    -0.120213    -0.127282
    -0.133899    -0.140104    -0.145852    -0.151110    -0.155840    -0.160006
    -0.163571    -0.166495    -0.168736    -0.170251    -0.170992    -0.170911
    -0.169960    -0.168090    -0.165257    -0.161420    -0.156546    -0.150597
    -0.143542    -0.135397    -0.126073    -0.115374    -0.104001   -0.0918307
   -0.0789163   -0.0652809   -0.0509608   -0.0359993   -0.0204455  -0.00435777
    0.0121923    0.0291166    0.0463060    0.0636273    0.0809200    0.0979966
     0.114647     0.130646     0.145772     0.159819     0.172627     0.184082
     0.194132     0.202785     0.210099     0.216171     0.221120
   -0.0111272   -0.0136598   -0.0188863   -0.0257760   -0.0330532   -0.0402131
   -0.0471701   -0.0539472   -0.0605829   -0.0671104   -0.0735542   -0.0799304
   -0.0862484   -0.0925113   -0.0987170    -0.104858    -0.110920    -0.116881
    -0.122695    -0.128413    -0.133585    -0.138255    -0.142374    -0.145913
    -0.148847    -0.151146    -0.152775    -0.153694    -0.153857    -0.153216
    -0.151717    -0.149302    -0.145915    -0.141510    -0.136089    -0.129561
    -0.121732    -0.113222    -0.103874   -0.0936246   -0.0825406   -0.0706400
   -0.0579428   -0.0444690   -0.0302417   -0.0152881  0.000358163    0.0166534
    0.0335398    0.0509387    0.0687439    0.0868114     0.104950     0.122914
     0.140399     0.157056     0.172517     0.186465     0.198630     0.208875
     0.217171     0.223603     0.228379     0.231745     0.233981
   -0.0109407   -0.0112778   -0.0197835   -0.0283623   -0.0353000   -0.0416524
   -0.0476992   -0.0535573   -0.0592878   -0.0649256   -0.0704903   -0.0759916
   -0.0814319   -0.0868075   -0.0921100   -0.0973253    -0.102435    -0.107413
    -0.112233    -0.116866    -0.121261    -0.125468    -0.129001    -0.131921
    -0.134235    -0.135931    -0.136981    -0.137347    -0.136986    -0.135846
    -0.133864    -0.130961    -0.127020    -0.121853    -0.116031    -0.109399
    -0.101888   -0.0935404   -0.0843491   -0.0743054   -0.0634124   -0.0516741
   -0.0390943   -0.0256760   -0.0114221   0.00366301    0.0195721    0.0362918
    0.0537979    0.0720480    0.0909705     0.110448     0.130292     0.150212
     0.169777     0.188399     0.205403     0.220093     0.232082     0.241121
     0.247225     0.250656     0.251817     0.251375     0.249929
   -0.0228825   -0.0255782   -0.0298013   -0.0347773   -0.0397592   -0.0446184
   -0.0493927   -0.0541174   -0.0588097   -0.0634755   -0.0681134   -0.0727176
   -0.0772786   -0.0817836   -0.0862167   -0.0905582   -0.0947843   -0.0988671
    -0.102773    -0.106463    -0.109888    -0.112989    -0.115659    -0.117842
    -0.119499    -0.120593    -0.121088    -0.120943    -0.120117    -0.118564
    -0.116239    -0.113093    -0.109085    -0.104198   -0.0984892   -0.0919591
   -0.0845973   -0.0763997   -0.0673597   -0.0574687   -0.0467179   -0.0350970
   -0.0225928  -0.00918904   0.00513454    0.0204026    0.0366441    0.0538915
    0.0721782    0.0915344     0.111978     0.133497     0.156024     0.179373
     0.203126     0.226346     0.247207     0.264168     0.276598     0.284264
     0.287253     0.285855     0.280932     0.274266     0.267466
   -0.0341950   -0.0378426   -0.0402579   -0.0424859   -0.0452007   -0.0483153
   -0.0516828   -0.0552092   -0.0588364   -0.0625253   -0.0662465   -0.0699754
   -0.0736898   -0.0773679   -0.0809872   -0.0845235   -0.0879498   -0.0912362
   -0.0943484   -0.0972473   -0.0998882    -0.102220    -0.104188    -0.105740
    -0.106830    -0.107416    -0.107456    -0.106910    -0.105736    -0.103894
    -0.101347   -0.0980605   -0.0940055   -0.0891649   -0.0835324   -0.0771001
   -0.0698581   -0.0617958   -0.0529006   -0.0431580   -0.0325505   -0.0210569
  -0.00865070   0.00470155    0.0190422    0.0344248    0.0509171    0.0686038
    0.0875906     0.108008     0.130012     0.153790     0.179550     0.207523
     0.238002     0.271920     0.311104     0.321945     0.340404     0.344033
     0.340870     0.339655     0.313709     0.295940     0.282489
   -0.0424528   -0.0467696   -0.0477122   -0.0482487   -0.0496176   -0.0515217
   -0.0537849   -0.0562985   -0.0589863   -0.0617926   -0.0646745   -0.0675974
   -0.0705318   -0.0734512   -0.0763300   -0.0791421   -0.0818603   -0.0844547
   -0.0868927   -0.0891381   -0.0911513   -0.0928896   -0.0943079   -0.0953611
   -0.0960049   -0.0961959   -0.0958917   -0.0950509   -0.0936331   -0.0915999
   -0.0889152   -0.0855465   -0.0814657   -0.0766501   -0.0710816   -0.0647443
   -0.0576230   -0.0497025   -0.0409664   -0.0313961   -0.0209694  -0.00965899
   0.00256969    0.0157606    0.0299704    0.0452724    0.0617621    0.0795645
    0.0988443     0.119821     0.142787     0.168136     0.196389     0.228231
     0.264629     0.306282     0.334894     0.354625     0.370193     0.369126
     0.368747     0.348692     0.324548     0.304383     0.288358
   -0.0449516   -0.0487159   -0.0505892   -0.0515278   -0.0524907   -0.0537387
   -0.0552725   -0.0570392   -0.0589828   -0.0610545   -0.0632141   -0.0654282
   -0.0676689   -0.0699109   -0.0721306   -0.0743041   -0.0764062   -0.0784099
   -0.0802852   -0.0819992   -0.0835160   -0.0847970   -0.0858012   -0.0864862
   -0.0868089   -0.0867255   -0.0861927   -0.0851677   -0.0836087   -0.0814761
   -0.0787326   -0.0753445   -0.0712819   -0.0665190   -0.0610339   -0.0548077
   -0.0478237   -0.0400657   -0.0315173   -0.0221604   -0.0119732 -0.000928676
    0.0110075    0.0238798    0.0377461    0.0526817    0.0687860    0.0861904
     0.105071     0.125671     0.148326     0.173529     0.202024     0.234959
     0.273449     0.309597     0.333265     0.353919     0.361869     0.364098
     0.356059     0.335271     0.314568     0.297213     0.282842
   -0.0499241   -0.0545963   -0.0543760   -0.0538697   -0.0542556   -0.0550469
   -0.0560989   -0.0573402   -0.0587209   -0.0602026   -0.0617558   -0.0633570
   -0.0649871   -0.0666290   -0.0682661   -0.0698806   -0.0714527   -0.0729595
   -0.0743751   -0.0756698   -0.0768103   -0.0777601   -0.0784797   -0.0789271
   -0.0790584   -0.0788282   -0.0781905   -0.0770992   -0.0755090   -0.0733763
   -0.0706605   -0.0673245   -0.0633360   -0.0586676   -0.0532966   -0.0472052
   -0.0403788   -0.0328052   -0.0244728   -0.0153694  -0.00547982   0.00521527
    0.0167417    0.0291335    0.0424355    0.0567063    0.0720213    0.0884784
     0.106204     0.125363     0.146172     0.168923     0.194017     0.221979
     0.252791     0.279635     0.298435     0.314894     0.321155     0.324054
     0.317618     0.303960     0.290847     0.279020     0.268482
   -0.0479374   -0.0516571   -0.0535238   -0.0543110   -0.0548990   -0.0555831
   -0.0563892   -0.0572860   -0.0582431   -0.0592410   -0.0602690   -0.0613222
   -0.0623983   -0.0634946   -0.0646066   -0.0657264   -0.0668418   -0.0679359
   -0.0689871   -0.0699686   -0.0708490   -0.0715923   -0.0721588   -0.0725049
   -0.0725841   -0.0723471   -0.0717428   -0.0707188   -0.0692230   -0.0672046
   -0.0646159   -0.0614142   -0.0575633   -0.0530342   -0.0478060   -0.0418651
   -0.0352041   -0.0278201   -0.0197125   -0.0108809  -0.00132304   0.00896658
    0.0199984    0.0317885    0.0443595    0.0577411    0.0719695    0.0870873
     0.103141     0.120173     0.138212     0.157238     0.177118     0.197459
     0.217368     0.235361     0.250334     0.261704     0.269013     0.272207
     0.271432     0.267579     0.262016     0.255744     0.249359
   -0.0513784   -0.0562514   -0.0551056   -0.0545445   -0.0550223   -0.0557296
   -0.0564529   -0.0571217   -0.0577228   -0.0582693   -0.0587849   -0.0592952
   -0.0598237   -0.0603885   -0.0610015   -0.0616673   -0.0623828   -0.0631375
   -0.0639135   -0.0646861   -0.0654244   -0.0660915   -0.0666455   -0.0670396
   -0.0672228   -0.0671399   -0.0667318   -0.0659361   -0.0646884   -0.0629249
   -0.0605848   -0.0576142   -0.0539692   -0.0496190   -0.0445458   -0.0387456
   -0.0322249   -0.0249979   -0.0170829  -0.00849847  0.000738881    0.0106165
    0.0211261    0.0322638    0.0440285    0.0564211    0.0694409    0.0830821
    0.0973267     0.112135     0.127427     0.143063     0.158807     0.174295
     0.189027     0.202438     0.214000     0.223309     0.230141     0.234450
     0.236408     0.236377     0.234837     0.232272     0.229088
   -0.0445622   -0.0483494   -0.0511039   -0.0531553   -0.0547988   -0.0560376
   -0.0568457   -0.0572859   -0.0574571   -0.0574537   -0.0573578   -0.0572391
   -0.0571548   -0.0571481   -0.0572491   -0.0574748   -0.0578307   -0.0583109
   -0.0588996   -0.0595719   -0.0602947   -0.0610277   -0.0617251   -0.0623358
   -0.0628036   -0.0630664   -0.0630553   -0.0626936   -0.0618972   -0.0605779
   -0.0586492   -0.0560330   -0.0526703   -0.0485231   -0.0435820   -0.0378596
   -0.0313906   -0.0242209   -0.0164001  -0.00797550   0.00101250    0.0105312
    0.0205551    0.0310635    0.0420382    0.0534600    0.0653052    0.0775402
    0.0901166     0.102963     0.115976     0.129011     0.141875     0.154324
     0.166075     0.176831     0.186318     0.194325     0.200720     0.205477
     0.208668     0.210454     0.211060     0.210729     0.209695
   -0.0413049   -0.0452805   -0.0491417   -0.0528739   -0.0562460   -0.0581626
   -0.0586042   -0.0584065   -0.0577989   -0.0569412   -0.0559799   -0.0550318
   -0.0541873   -0.0535123   -0.0530510   -0.0528293   -0.0528563   -0.0531275
   -0.0536253   -0.0543203   -0.0551724   -0.0561335   -0.0571505   -0.0581675
   -0.0591261   -0.0599623   -0.0606015   -0.0609519   -0.0608997   -0.0603105
   -0.0590409   -0.0569626   -0.0539734   -0.0500266   -0.0451192   -0.0393088
   -0.0326838   -0.0253555   -0.0174309  -0.00899841 -0.000124929   0.00914140
    0.0187658    0.0287211    0.0389831    0.0495261    0.0603188    0.0713203
    0.0824768    0.0937169     0.104948     0.116056     0.126899     0.137321
     0.147147     0.156210     0.164356     0.171464     0.177459     0.182316
     0.186066     0.188785     0.190584     0.191595     0.191955
   -0.0388957   -0.0432250   -0.0479314   -0.0532385   -0.0592246   -0.0621991
   -0.0622990   -0.0609918   -0.0588964   -0.0566668   -0.0544329   -0.0523455
   -0.0505239   -0.0490456   -0.0479557   -0.0472752   -0.0470106   -0.0471535
   -0.0476809   -0.0485557   -0.0497216   -0.0511077   -0.0526427   -0.0542657
   -0.0559273   -0.0575817   -0.0591737   -0.0606185   -0.0617740   -0.0624178
   -0.0622645   -0.0610350   -0.0585634   -0.0547501   -0.0496339   -0.0433290
   -0.0360871   -0.0281764   -0.0198097   -0.0111210  -0.00218559   0.00695569
    0.0162798    0.0257710    0.0354140    0.0451899    0.0550734    0.0650298
    0.0750135    0.0849663    0.0948168     0.104480     0.113860     0.122852
     0.131347     0.139243     0.146447     0.152887     0.158515     0.163313
     0.167290     0.170485     0.172956     0.174779     0.176034
   -0.0361113   -0.0404324   -0.0452874   -0.0509618   -0.0579396   -0.0623047
   -0.0646382   -0.0633115   -0.0605025   -0.0562456   -0.0520949   -0.0484959
   -0.0454690   -0.0430728   -0.0413241   -0.0401980   -0.0397030   -0.0398273
   -0.0405356   -0.0418153   -0.0435835   -0.0456731   -0.0479472   -0.0503428
   -0.0528502   -0.0554889   -0.0582899   -0.0612752   -0.0644077   -0.0674146
   -0.0693894   -0.0695463   -0.0678377   -0.0639981   -0.0581876   -0.0503533
   -0.0413411   -0.0320680   -0.0228138   -0.0136295  -0.00450556   0.00458191
    0.0136559    0.0227328    0.0318203    0.0409164    0.0500091    0.0590766
    0.0680869    0.0769979    0.0857585    0.0943092     0.102584     0.110514
     0.118029     0.125063     0.131558     0.137468     0.142760     0.147421
     0.151453     0.154875     0.157718     0.160028     0.161853
   -0.0325502   -0.0363833   -0.0405574   -0.0451201   -0.0499660   -0.0547146
   -0.0602892   -0.0600568   -0.0590663   -0.0531687   -0.0475216   -0.0424807
   -0.0378283   -0.0344992   -0.0325456   -0.0307236   -0.0300819   -0.0306285
   -0.0312481   -0.0332589   -0.0365548   -0.0398507   -0.0430440   -0.0462178
   -0.0494860   -0.0529830   -0.0568767   -0.0613965   -0.0668926   -0.0740489
   -0.0820700   -0.0808449   -0.0837032   -0.0760589   -0.0729933   -0.0588282
   -0.0462706   -0.0352141   -0.0250442   -0.0154529  -0.00625008   0.00268884
    0.0114464    0.0200759    0.0286095    0.0370623    0.0454363    0.0537218
    0.0618995    0.0699415    0.0778127    0.0854726    0.0928762    0.0999771
     0.106729     0.113088     0.119015     0.124481     0.129463     0.133950
     0.137940     0.141444     0.144479     0.147072     0.149254
   -0.0284308   -0.0315555   -0.0348090   -0.0381497   -0.0414837   -0.0447082
   -0.0475607   -0.0497036   -0.0528532   -0.0457252   -0.0406272   -0.0354206
   -0.0293261   -0.0254622   -0.0246414   -0.0216331   -0.0209769   -0.0227739
   -0.0222338   -0.0250199   -0.0304323   -0.0346975   -0.0384369   -0.0419828
   -0.0455610   -0.0493702   -0.0536312   -0.0586362   -0.0648109   -0.0727558
   -0.0803629   -0.0809366   -0.0825174   -0.0766714   -0.0719545   -0.0590494
   -0.0461746   -0.0349630   -0.0248683   -0.0155165  -0.00666856   0.00182977
    0.0100790    0.0181438    0.0260642    0.0338617    0.0415443    0.0491093
    0.0565450    0.0638330    0.0709491    0.0778652    0.0845504    0.0909724
    0.0970995     0.102902     0.108353     0.113432     0.118123     0.122416
     0.126310     0.129808     0.132921     0.135665     0.138061
