   -0.0537565   -0.0599983   -0.0669033   -0.0745015   -0.0827975   -0.0917692
    -0.101378    -0.111594    -0.121231    -0.129163    -0.138888    -0.152562
    -0.167498    -0.178462    -0.186411    -0.191721    -0.194447    -0.194457
    -0.191363    -0.184344    -0.171811    -0.158960    -0.149776    -0.143004
    -0.138020    -0.134540    -0.132490    -0.131974    -0.133300    -0.136946
    -0.138783    -0.137420    -0.133235    -0.125952    -0.115409    -0.101138
   -0.0846833   -0.0702047   -0.0570604   -0.0448465   -0.0333066   -0.0222737
   -0.0116371  -0.00132312   0.00871572    0.0185079    0.0280673    0.0373957
    0.0464853    0.0553206    0.0638791    0.0721337    0.0800534    0.0876058
    0.0947580     0.101479     0.107741     0.113522     0.118804     0.123580
     0.127848     0.131615     0.134894     0.137705     0.140075
   -0.0521193   -0.0587269   -0.0662265   -0.0747104   -0.0842055   -0.0946319
    -0.105027    -0.114002    -0.121357    -0.127147    -0.134361    -0.143836
    -0.153873    -0.162337    -0.168870    -0.173400    -0.175843    -0.176052
    -0.173812    -0.168866    -0.161216    -0.152948    -0.145979    -0.140397
    -0.136095    -0.133009    -0.131167    -0.130715    -0.131976    -0.135406
    -0.137061    -0.135524    -0.131118    -0.123701    -0.113042   -0.0986187
   -0.0820948   -0.0674133   -0.0539790   -0.0414023   -0.0294383   -0.0179269
  -0.00676187   0.00412740    0.0147855    0.0252374    0.0354925    0.0455470
    0.0553855    0.0649831    0.0743059    0.0833134    0.0919598     0.100196
     0.107974     0.115245     0.121967     0.128108     0.133642     0.138556
     0.142850     0.146534     0.149632     0.152175     0.154201
   -0.0483947   -0.0550480   -0.0628318   -0.0720287   -0.0827427   -0.0924712
    -0.100625    -0.107101    -0.111816    -0.116591    -0.122175    -0.128371
    -0.134650    -0.140421    -0.145235    -0.148809    -0.150970    -0.151618
    -0.150729    -0.148406    -0.144961    -0.140917    -0.136817    -0.133028
    -0.129744    -0.127068    -0.125059    -0.123756    -0.123153    -0.122955
    -0.121815    -0.118822    -0.113772    -0.106560   -0.0971080   -0.0854694
   -0.0725913   -0.0598145   -0.0473848   -0.0352843   -0.0234576   -0.0118495
 -0.000414132    0.0108818    0.0220590    0.0331255    0.0440775    0.0548989
    0.0655616    0.0760262    0.0862421    0.0961486     0.105677     0.114754
     0.123302     0.131250     0.138531     0.145093     0.150897     0.155925
     0.160178     0.163675     0.166454     0.168565     0.170069
   -0.0420803   -0.0482197   -0.0555419   -0.0642377   -0.0740369   -0.0820289
   -0.0878096   -0.0927467   -0.0977130    -0.102773    -0.107928    -0.113078
    -0.118038    -0.122574    -0.126464    -0.129531    -0.131653    -0.132770
    -0.132890    -0.132095    -0.130544    -0.128451    -0.126043    -0.123514
    -0.121006    -0.118599    -0.116315    -0.114110    -0.111843    -0.109252
    -0.105976    -0.101673   -0.0961132   -0.0891897   -0.0809186   -0.0714571
   -0.0611021   -0.0501909   -0.0389768   -0.0276033   -0.0161399  -0.00461622
   0.00695642    0.0185733    0.0302289    0.0419131    0.0536071    0.0652821
    0.0768962    0.0883933    0.0997019     0.110735     0.121390     0.131555
     0.141113     0.149946     0.157949     0.165035     0.171144     0.176249
     0.180354     0.183497     0.185744     0.187179     0.187901
   -0.0328414   -0.0379040   -0.0442875   -0.0518087   -0.0597260   -0.0663203
   -0.0724056   -0.0781459   -0.0836359   -0.0889216   -0.0940037   -0.0988389
    -0.103347    -0.107425    -0.110969    -0.113885    -0.116107    -0.117600
    -0.118368    -0.118452    -0.117927    -0.116889    -0.115442    -0.113680
    -0.111673    -0.109461    -0.107042    -0.104372    -0.101360   -0.0978744
   -0.0937605   -0.0888699   -0.0830899   -0.0763625   -0.0686925   -0.0601463
   -0.0508375   -0.0409003   -0.0304605   -0.0196181  -0.00844426   0.00301426
    0.0147270    0.0266728    0.0388343    0.0511924    0.0637220    0.0763879
    0.0891405     0.101911     0.114607     0.127110     0.139275     0.150930
     0.161888     0.171957     0.180959     0.188746     0.195220     0.200336
     0.204113     0.206625     0.207993     0.208366     0.207909
   -0.0197814   -0.0227993   -0.0296843   -0.0375561   -0.0450441   -0.0520954
   -0.0586938   -0.0648812   -0.0707019   -0.0761826   -0.0813283   -0.0861220
   -0.0905283   -0.0945004   -0.0979875    -0.100943    -0.103331    -0.105131
    -0.106342    -0.106979    -0.107075    -0.106671    -0.105812    -0.104539
    -0.102881    -0.100851   -0.0984398   -0.0956175   -0.0923324   -0.0885165
   -0.0840946   -0.0789953   -0.0731626   -0.0665645   -0.0591974   -0.0510851
   -0.0422730   -0.0328191   -0.0227834   -0.0122203  -0.00117388    0.0103226
    0.0222458    0.0345794    0.0473106    0.0604267    0.0739108    0.0877363
     0.101861     0.116218     0.130708     0.145185     0.159451     0.173248
     0.186271     0.198187     0.208678     0.217481     0.224417     0.229418
     0.232533     0.233918     0.233810     0.232489     0.230238
  -0.00814597  -0.00978811   -0.0166488   -0.0250591   -0.0328799   -0.0401850
   -0.0470258   -0.0534371   -0.0594444   -0.0650636   -0.0702994   -0.0751455
   -0.0795860   -0.0835984   -0.0871570   -0.0902369   -0.0928174   -0.0948846
   -0.0964323   -0.0974630   -0.0979855   -0.0980133   -0.0975610   -0.0966411
   -0.0952607   -0.0934188   -0.0911046   -0.0882971   -0.0849656   -0.0810728
   -0.0765785   -0.0714448   -0.0656406   -0.0591458   -0.0519528   -0.0440669
   -0.0355033   -0.0262842   -0.0164338  -0.00597497   0.00507403    0.0167010
    0.0289004    0.0416727    0.0550235    0.0689610    0.0834937    0.0986253
     0.114348     0.130633     0.147411     0.164551     0.181819     0.198847
     0.215115     0.230005     0.242901     0.253297     0.260867     0.265489
     0.267278     0.266575     0.263890     0.259789     0.254784
  0.000432786 -0.000458216  -0.00713497   -0.0154332   -0.0232393   -0.0305840
   -0.0374902   -0.0439786   -0.0500653   -0.0557602   -0.0610671   -0.0659834
   -0.0705009   -0.0746072   -0.0782873   -0.0815256   -0.0843076   -0.0866207
   -0.0884557   -0.0898060   -0.0906673   -0.0910367   -0.0909112   -0.0902867
   -0.0891570   -0.0875140   -0.0853462   -0.0826379   -0.0793696   -0.0755188
   -0.0710617   -0.0659756   -0.0602408   -0.0538420   -0.0467698   -0.0390197
   -0.0305921   -0.0214896   -0.0117156  -0.00127148   0.00984493    0.0216415
    0.0341327    0.0473409    0.0612968    0.0760398    0.0916180     0.108087
     0.125509     0.143946     0.163447     0.184018     0.205555     0.227688
     0.249518     0.269641     0.286707     0.299782     0.308311     0.312046
     0.311116     0.306240     0.298740     0.289948     0.280753
   0.00640004   0.00592118 -0.000313969  -0.00835198   -0.0159863   -0.0232185
   -0.0300565   -0.0365109   -0.0425909   -0.0483021   -0.0536462   -0.0586210
   -0.0632203   -0.0674349   -0.0712537   -0.0746640   -0.0776528   -0.0802070
   -0.0823138   -0.0839604   -0.0851335   -0.0858187   -0.0859995   -0.0856577
   -0.0847753   -0.0833413   -0.0813457   -0.0787775   -0.0756241   -0.0718712
   -0.0675034   -0.0625055   -0.0568629   -0.0505626   -0.0435936   -0.0359463
   -0.0276125   -0.0185840  -0.00885119   0.00159848    0.0127821    0.0247232
    0.0374537    0.0510157    0.0654643    0.0808700    0.0973228     0.114937
     0.133860     0.154278     0.176437     0.200662     0.227411     0.257399
     0.291287     0.321775     0.345825     0.363237     0.373588     0.375984
     0.370201     0.354576     0.337040     0.320676     0.305735
    0.0103327    0.0100974   0.00423437  -0.00351791   -0.0109066   -0.0179302
   -0.0246037   -0.0309390   -0.0369436   -0.0426203   -0.0479682   -0.0529831
   -0.0576579   -0.0619834   -0.0659483   -0.0695402   -0.0727456   -0.0755500
   -0.0779376   -0.0798914   -0.0813916   -0.0824146   -0.0829308   -0.0829008
   -0.0822697   -0.0810470   -0.0792299   -0.0768151   -0.0737963   -0.0701647
   -0.0659100   -0.0610209   -0.0554854   -0.0492915   -0.0424271   -0.0348802
   -0.0266378   -0.0176857  -0.00800694   0.00241891    0.0136179    0.0256230
    0.0384767    0.0522335    0.0669632    0.0827555    0.0997262     0.118026
     0.137853     0.159474     0.183256     0.209717     0.239619     0.274107
     0.314791     0.356685     0.388854     0.411227     0.424052     0.427169
     0.419088     0.398885     0.370003     0.345518     0.324911
    0.0125251    0.0124818   0.00661606 -0.000812038  -0.00783567   -0.0145377
   -0.0209537   -0.0270981   -0.0329743   -0.0385795   -0.0439076   -0.0489503
   -0.0536973   -0.0581373   -0.0622575   -0.0660445   -0.0694835   -0.0725590
   -0.0752541   -0.0775501   -0.0794260   -0.0808568   -0.0818117   -0.0822499
   -0.0817987   -0.0807613   -0.0790992   -0.0768270   -0.0739406   -0.0704349
   -0.0663018   -0.0615319   -0.0561143   -0.0500376   -0.0432895   -0.0358566
   -0.0277242   -0.0188758  -0.00929163   0.00105161    0.0121826    0.0241369
    0.0369589    0.0507042    0.0654432    0.0812648    0.0982823     0.116641
     0.136530     0.158194     0.181959     0.208256     0.237658     0.270910
     0.308951     0.352634     0.389541     0.415498     0.430918     0.435932
     0.430803     0.414035     0.385309     0.356063     0.332490
    0.0118470    0.0114912   0.00640789 -0.000163548  -0.00653461   -0.0127648
   -0.0188428   -0.0247515   -0.0304739   -0.0359945   -0.0412982   -0.0463706
   -0.0511971   -0.0557634   -0.0600547   -0.0640561   -0.0677520   -0.0711264
   -0.0741627   -0.0768433   -0.0791503   -0.0810647   -0.0825680   -0.0833410
   -0.0833556   -0.0826027   -0.0810083   -0.0788577   -0.0760883   -0.0727039
   -0.0686937   -0.0640485   -0.0587577   -0.0528101   -0.0461934   -0.0388947
   -0.0308995   -0.0221916   -0.0127523  -0.00255975   0.00841212    0.0201947
    0.0328261    0.0463529    0.0608322    0.0763340    0.0929440     0.110768
     0.129933     0.150598     0.172949     0.197207     0.223623     0.252471
     0.284047     0.318746     0.354375     0.379309     0.394992     0.402183
     0.400556     0.390823     0.371768     0.345631     0.324446
    0.0101771   0.00918931   0.00491223 -0.000606018  -0.00633245   -0.0121256
   -0.0178991   -0.0236003   -0.0291934   -0.0346512   -0.0399513   -0.0450738
   -0.0500010   -0.0547158   -0.0592018   -0.0634429   -0.0674229   -0.0711257
   -0.0745352   -0.0776352   -0.0804098   -0.0828439   -0.0846323   -0.0857462
   -0.0861584   -0.0858430   -0.0847725   -0.0829309   -0.0802313   -0.0769732
   -0.0730859   -0.0685706   -0.0634145   -0.0576069   -0.0511366   -0.0439916
   -0.0361593   -0.0276262   -0.0183770  -0.00839471   0.00234028    0.0138506
    0.0261626    0.0393071    0.0533198    0.0682417    0.0841194     0.101004
     0.118951     0.138011     0.158229     0.179620     0.202149     0.225671
     0.249833     0.273845     0.296085     0.314410     0.327544     0.335091
     0.337045     0.333681     0.325721     0.314736     0.302939
   0.00989380   0.00889795   0.00444182  -0.00101528  -0.00655986   -0.0121599
   -0.0177734   -0.0233622   -0.0288939   -0.0343410   -0.0396798   -0.0448894
   -0.0499506   -0.0548454   -0.0595567   -0.0640678   -0.0683622   -0.0724239
   -0.0762369   -0.0797855   -0.0830549   -0.0857508   -0.0878454   -0.0893100
   -0.0901158   -0.0902340   -0.0896361   -0.0882936   -0.0861754   -0.0832625
   -0.0794606   -0.0750892   -0.0700730   -0.0644144   -0.0581009   -0.0511232
   -0.0434714   -0.0351359   -0.0261065   -0.0163728  -0.00592370   0.00525250
    0.0171682    0.0298364    0.0432698    0.0574803    0.0724769    0.0882628
     0.104831     0.122156     0.140186     0.158819     0.177888     0.197119
     0.216092     0.234208     0.250713     0.264824     0.275916     0.283631
     0.287893     0.288895     0.287096     0.283180     0.277919
   0.00921387   0.00814373   0.00380973  -0.00163395  -0.00714474   -0.0126989
   -0.0182738   -0.0238457   -0.0293915   -0.0348894   -0.0403188   -0.0456604
   -0.0508960   -0.0560083   -0.0609803   -0.0657957   -0.0704380   -0.0748909
   -0.0791383   -0.0831645   -0.0866850   -0.0896726   -0.0920980   -0.0939312
   -0.0951417   -0.0956987   -0.0955716   -0.0947302   -0.0931443   -0.0907841
   -0.0876176   -0.0836259   -0.0787101   -0.0732135   -0.0670591   -0.0602530
   -0.0527863   -0.0446544   -0.0358526   -0.0263779   -0.0162278  -0.00540171
   0.00609956    0.0182726    0.0311106    0.0446018    0.0587271    0.0734566
    0.0887458     0.104529     0.120710     0.137155     0.153680     0.170038
     0.185918     0.200947     0.214720     0.226847     0.237007     0.244995
     0.250747     0.254342     0.255993     0.256008     0.254742
   0.00848267   0.00734783   0.00290306  -0.00258481  -0.00812369   -0.0137036
   -0.0193120   -0.0249348   -0.0305563   -0.0361601   -0.0417297   -0.0472486
   -0.0527006   -0.0580698   -0.0633406   -0.0684973   -0.0735240   -0.0784038
   -0.0831198   -0.0873965   -0.0912067   -0.0945208   -0.0973079   -0.0995358
    -0.101172    -0.102183    -0.102536    -0.102201    -0.101144   -0.0993367
   -0.0967487   -0.0933517   -0.0891152   -0.0840236   -0.0779762   -0.0713435
   -0.0640499   -0.0561088   -0.0475188   -0.0382839   -0.0284100   -0.0179058
  -0.00678358   0.00494053    0.0172451    0.0301024    0.0434758    0.0573179
    0.0715669    0.0861428     0.100943     0.115839     0.130672     0.145250
     0.159356     0.172752     0.185193     0.196455     0.206350     0.214750
     0.221597     0.226910     0.230771     0.233319     0.234725
   0.00744417   0.00621378   0.00163492  -0.00391618  -0.00950842   -0.0151465
   -0.0208276   -0.0265444   -0.0322863   -0.0380406   -0.0437937   -0.0495313
   -0.0552393   -0.0609037   -0.0665109   -0.0720477   -0.0774998   -0.0828477
   -0.0878230   -0.0923978   -0.0965422    -0.100224    -0.103411    -0.106066
    -0.108156    -0.109645    -0.110498    -0.110680    -0.110159    -0.108903
    -0.106883    -0.104071    -0.100440   -0.0959669   -0.0906253   -0.0844060
   -0.0772093   -0.0694370   -0.0610180   -0.0519771   -0.0423242   -0.0320766
   -0.0212551  -0.00988566   0.00200078    0.0143668    0.0271675    0.0403483
    0.0538435    0.0675741    0.0814456    0.0953472     0.109151     0.122715
     0.135882     0.148492     0.160385     0.171413     0.181451     0.190404
     0.198214     0.204862     0.210362     0.214762     0.218131
   0.00584741   0.00445166 -8.43380e-05  -0.00565705   -0.0112822   -0.0169788
   -0.0227499   -0.0285891   -0.0344858   -0.0404278   -0.0464022   -0.0523958
   -0.0583954   -0.0643886   -0.0703646   -0.0763165   -0.0822472   -0.0878759
   -0.0931695   -0.0980968    -0.102626    -0.106723    -0.110351    -0.113475
    -0.116054    -0.118052    -0.119429    -0.120148    -0.120176    -0.119477
    -0.118021    -0.115780    -0.112729    -0.108846    -0.104112   -0.0985080
   -0.0920174   -0.0846397   -0.0762792   -0.0673727   -0.0578570   -0.0477712
   -0.0371406   -0.0259989   -0.0143841  -0.00233826    0.0100911    0.0228494
    0.0358738    0.0490924    0.0624237    0.0757764    0.0890501     0.102137
     0.114923     0.127294     0.139137     0.150344     0.160822     0.170489
     0.179280     0.187150     0.194066     0.200017     0.205002
   0.00375900   0.00206709  -0.00237171  -0.00774965   -0.0133390   -0.0190913
   -0.0249744   -0.0309674   -0.0370542   -0.0432206   -0.0494530   -0.0557381
   -0.0620622   -0.0684107   -0.0747674   -0.0811132   -0.0874218   -0.0934194
   -0.0990975    -0.104434    -0.109401    -0.113962    -0.118080    -0.121715
    -0.124824    -0.127367    -0.129300    -0.130583    -0.131178    -0.131047
    -0.130158    -0.128481    -0.125991    -0.122666    -0.118489    -0.113447
    -0.107529    -0.100729   -0.0930378   -0.0844677   -0.0749282   -0.0648957
   -0.0543181   -0.0432546   -0.0317498   -0.0198450  -0.00758559   0.00497780
    0.0177884    0.0307834    0.0438944    0.0570475    0.0701646    0.0831640
    0.0959622     0.108475     0.120620     0.132316     0.143487     0.154059
     0.163959     0.173116     0.181458     0.188916     0.195422
   0.00228663  0.000437950  -0.00416932  -0.00969705   -0.0154170   -0.0213174
   -0.0273750   -0.0335711   -0.0398910   -0.0463217   -0.0528513   -0.0594677
   -0.0661582   -0.0729088   -0.0797034   -0.0865235   -0.0931274   -0.0994872
    -0.105576    -0.111362    -0.116811    -0.121885    -0.126540    -0.130734
    -0.134418    -0.137547    -0.140074    -0.141952    -0.143138    -0.143593
    -0.143278    -0.142162    -0.140219    -0.137425    -0.133765    -0.129226
    -0.123803    -0.117494    -0.110299    -0.102222   -0.0932655   -0.0834522
   -0.0727007   -0.0615435   -0.0499893   -0.0380557   -0.0257792   -0.0132047
 -0.000382971    0.0126312    0.0257805    0.0390058    0.0522472    0.0654445
    0.0785380    0.0914689     0.104180     0.116613     0.128711     0.140410
     0.151638     0.162303     0.172292     0.181462     0.189652
   0.00113841 -0.000830694  -0.00565309   -0.0114696   -0.0174423   -0.0235754
   -0.0298679   -0.0363143   -0.0429074   -0.0496396   -0.0565028   -0.0634887
   -0.0705881   -0.0777901   -0.0850779   -0.0922190   -0.0991907    -0.105966
    -0.112513    -0.118798    -0.124780    -0.130417    -0.135661    -0.140462
    -0.144770    -0.148530    -0.151690    -0.154199    -0.156007    -0.157068
    -0.157342    -0.156791    -0.155386    -0.153103    -0.149924    -0.145840
    -0.140846    -0.134942    -0.128136    -0.120434    -0.111843    -0.102369
   -0.0919964   -0.0807032   -0.0690267   -0.0569251   -0.0444655   -0.0316946
   -0.0186646  -0.00542732   0.00796774    0.0214737    0.0350463    0.0486443
    0.0622298    0.0757684    0.0892293     0.102584     0.115805     0.128858
     0.141698     0.154245     0.166363     0.177813     0.188247
  3.24475e-06  -0.00210307  -0.00724648   -0.0132857   -0.0194898   -0.0258655
   -0.0324142   -0.0391357   -0.0460277   -0.0530871   -0.0603101   -0.0676934
   -0.0752359   -0.0829433   -0.0905723   -0.0980998    -0.105501    -0.112749
    -0.119809    -0.126645    -0.133212    -0.139464    -0.145347    -0.150807
    -0.155786    -0.160223    -0.164060    -0.167238    -0.169701    -0.171395
    -0.172274    -0.172296    -0.171427    -0.169639    -0.166915    -0.163243
    -0.158622    -0.153055    -0.146554    -0.139133    -0.130813    -0.121614
    -0.111559    -0.100678   -0.0890154   -0.0764971   -0.0636809   -0.0505218
   -0.0370968   -0.0234597  -0.00965305   0.00428793    0.0183339    0.0324612
    0.0466526    0.0608984    0.0751970    0.0895559     0.103993     0.118533
     0.133210     0.148052     0.163062     0.178105     0.192377
  -0.00139515  -0.00367748  -0.00889785   -0.0151314   -0.0215523   -0.0281644
   -0.0349716   -0.0419761   -0.0491784   -0.0565776   -0.0641712   -0.0719547
   -0.0799195   -0.0880453   -0.0960971    -0.104074    -0.111960    -0.119731
    -0.127354    -0.134789    -0.141990    -0.148905    -0.155477    -0.161644
    -0.167341    -0.172501    -0.177057    -0.180942    -0.184092    -0.186446
    -0.187950    -0.188556    -0.188223    -0.186921    -0.184629    -0.181335
    -0.177038    -0.171746    -0.165474    -0.158244    -0.150086    -0.141031
    -0.131114    -0.120372    -0.108838   -0.0965392   -0.0835182   -0.0696921
   -0.0556767   -0.0414875   -0.0271441   -0.0126649   0.00193618    0.0166511
    0.0314805    0.0464355    0.0615410    0.0768387    0.0923924     0.108295
     0.124679     0.141735     0.159756     0.179226     0.199375
  -0.00272254  -0.00517751   -0.0105511   -0.0169641   -0.0235836   -0.0304191
   -0.0374784   -0.0447659   -0.0522836   -0.0600326   -0.0680137   -0.0762290
   -0.0846860   -0.0931577    -0.101624    -0.110069    -0.118471    -0.126801
    -0.135024    -0.143099    -0.150974    -0.158594    -0.165896    -0.172811
    -0.179267    -0.185190    -0.190502    -0.195129    -0.198997    -0.202036
    -0.204183    -0.205383    -0.205589    -0.204765    -0.202887    -0.199942
    -0.195928    -0.190855    -0.184744    -0.177622    -0.169527    -0.160498
    -0.150579    -0.139812    -0.128238    -0.115887    -0.102778   -0.0889038
   -0.0742418   -0.0594308   -0.0444859   -0.0294184   -0.0142348   0.00106598
    0.0164946    0.0320742    0.0478440    0.0638647    0.0802246    0.0970505
     0.114521     0.132887     0.152496     0.173805     0.196397
  -0.00388015  -0.00648847   -0.0121918   -0.0187355   -0.0255120   -0.0325482
   -0.0398497   -0.0474174   -0.0552513   -0.0633513   -0.0717158   -0.0803399
   -0.0892075   -0.0981003    -0.107022    -0.115965    -0.124908    -0.133823
    -0.142675    -0.151417    -0.159996    -0.168351    -0.176412    -0.184106
    -0.191353    -0.198067    -0.204165    -0.209560    -0.214168    -0.217911
    -0.220716    -0.222518    -0.223264    -0.222911    -0.221430    -0.218807
    -0.215040    -0.210140    -0.204132    -0.197049    -0.188935    -0.179840
    -0.169815    -0.158914    -0.147187    -0.134674    -0.121410    -0.107410
   -0.0926754   -0.0771905   -0.0616039   -0.0459268   -0.0301645   -0.0143148
   0.00163357    0.0177039    0.0339339    0.0503804    0.0671244    0.0842794
     0.102003     0.120514     0.140121     0.161259     0.183638
  -0.00559123  -0.00855128   -0.0138343   -0.0202910   -0.0271892   -0.0344270
   -0.0419778   -0.0498329   -0.0579899   -0.0664511   -0.0752222   -0.0843158
   -0.0935167    -0.102812    -0.112191    -0.121639    -0.131134    -0.140647
    -0.150139    -0.159562    -0.168858    -0.177962    -0.186799    -0.195287
    -0.203338    -0.210860    -0.217757    -0.223933    -0.229293    -0.233749
    -0.237216    -0.239620    -0.240901    -0.241009    -0.239910    -0.237586
    -0.234034    -0.229269    -0.223317    -0.216218    -0.208025    -0.198794
    -0.188589    -0.177476    -0.165515    -0.152765    -0.139272    -0.125073
    -0.110189   -0.0946231   -0.0783582   -0.0620556   -0.0457244   -0.0293675
   -0.0129808   0.00344911    0.0199455    0.0365432    0.0532902    0.0702492
    0.0875003     0.105144     0.123312     0.142204     0.161823
  -0.00557673  -0.00849038   -0.0143256   -0.0212267   -0.0284197   -0.0359297
   -0.0437614   -0.0519162   -0.0603965   -0.0692055   -0.0783475   -0.0878287
   -0.0974273    -0.107150    -0.116995    -0.126951    -0.136998    -0.147105
    -0.157233    -0.167331    -0.177339    -0.187186    -0.196793    -0.206070
    -0.214921    -0.223245    -0.230936    -0.237887    -0.243994    -0.249154
    -0.253275    -0.256272    -0.258075    -0.258628    -0.257891    -0.255843
    -0.252480    -0.247818    -0.241886    -0.234732    -0.226414    -0.217000
    -0.206565    -0.195185    -0.182938    -0.169894    -0.156118    -0.141664
    -0.126570    -0.110859   -0.0945349   -0.0775810   -0.0606761   -0.0438329
   -0.0270593   -0.0103562   0.00628089    0.0228602    0.0393904    0.0558764
    0.0723113    0.0886610     0.104831     0.120596     0.135481
  -0.00541194  -0.00838648   -0.0145754   -0.0217650   -0.0292432   -0.0370346
   -0.0451539   -0.0536109   -0.0624127   -0.0715639   -0.0810648   -0.0909049
    -0.100886    -0.111023    -0.121320    -0.131767    -0.142344    -0.153023
    -0.163762    -0.174509    -0.185200    -0.195762    -0.206108    -0.216144
    -0.225765    -0.234861    -0.243316    -0.251014    -0.257839    -0.263677
    -0.268425    -0.271990    -0.274290    -0.275263    -0.274864    -0.273067
    -0.269868    -0.265283    -0.259347    -0.252111    -0.243641    -0.234016
    -0.223320    -0.211645    -0.199080    -0.185710    -0.171617    -0.156868
    -0.141520    -0.125613    -0.109173   -0.0922041   -0.0746915   -0.0573453
   -0.0401930   -0.0232450  -0.00650835    0.0100074    0.0262853    0.0422962
    0.0579906    0.0732879    0.0880619     0.102128     0.115244
  -0.00538845  -0.00846585   -0.0146394   -0.0220072   -0.0297047   -0.0377410
   -0.0461276   -0.0548748   -0.0639936   -0.0734971   -0.0834042   -0.0935139
    -0.103825    -0.114338    -0.125050    -0.135950    -0.147019    -0.158226
    -0.169529    -0.180874    -0.192197    -0.203417    -0.214446    -0.225182
    -0.235514    -0.245324    -0.254486    -0.262875    -0.270363    -0.276829
    -0.282157    -0.286244    -0.289001    -0.290358    -0.290265    -0.288692
    -0.285634    -0.281107    -0.275149    -0.267817    -0.259185    -0.249340
    -0.238378    -0.226400    -0.213509    -0.199805    -0.185380    -0.170318
    -0.154690    -0.138550    -0.121939    -0.104879   -0.0873798   -0.0694497
   -0.0519003   -0.0347017   -0.0178516  -0.00136282    0.0147400    0.0304186
    0.0456188    0.0602663    0.0742649    0.0874977    0.0998343
  -0.00488968  -0.00802661   -0.0143420   -0.0218614   -0.0297447   -0.0379984
   -0.0466284   -0.0556411   -0.0650441   -0.0748480   -0.0850657   -0.0954840
    -0.106120    -0.116981    -0.128069    -0.139373    -0.150876    -0.162548
    -0.174346    -0.186216    -0.198090    -0.209887    -0.221513    -0.232861
    -0.243816    -0.254250    -0.264033    -0.273027    -0.281098    -0.288114
    -0.293950    -0.298495    -0.301653    -0.303345    -0.303516    -0.302135
    -0.299193    -0.294709    -0.288722    -0.281294    -0.272506    -0.262451
    -0.251237    -0.238973    -0.225774    -0.211751    -0.197008    -0.181640
    -0.165727    -0.149335    -0.132508    -0.115269   -0.0976082   -0.0794658
   -0.0616510   -0.0442345   -0.0272514   -0.0107279   0.00530687    0.0208167
    0.0357552    0.0500654    0.0636805    0.0765267    0.0885282
  -0.00391622  -0.00707994   -0.0135552   -0.0212115   -0.0292725   -0.0377387
   -0.0466054   -0.0558703   -0.0655354   -0.0756078   -0.0860981   -0.0967951
    -0.107719    -0.118882    -0.130288    -0.141931    -0.153793    -0.165847
    -0.178049    -0.190345    -0.202667    -0.214932    -0.227041    -0.238886
    -0.250345    -0.261287    -0.271572    -0.281058    -0.289603    -0.297066
    -0.303316    -0.308234    -0.311717    -0.313681    -0.314067    -0.312840
    -0.309991    -0.305538    -0.299522    -0.292010    -0.283086    -0.272852
    -0.261420    -0.248911    -0.235446    -0.221145    -0.206123    -0.190482
    -0.174313    -0.157692    -0.140674    -0.123301    -0.105595   -0.0875731
   -0.0692670   -0.0515351   -0.0343531   -0.0177209  -0.00165359    0.0138227
    0.0286730    0.0428552    0.0563220    0.0690240    0.0809131
  -0.00251834  -0.00570078   -0.0121195   -0.0199093   -0.0281847   -0.0369028
   -0.0460312   -0.0555549   -0.0654713   -0.0757867   -0.0865135   -0.0974437
    -0.108601    -0.120002    -0.131653    -0.143550    -0.155678    -0.168011
    -0.180506    -0.193111    -0.205755    -0.218354    -0.230810    -0.243010
    -0.254830    -0.266134    -0.276780    -0.286619    -0.295504    -0.303289
    -0.309838    -0.315025    -0.318743    -0.320905    -0.321447    -0.320332
    -0.317551    -0.313119    -0.307083    -0.299508    -0.290484    -0.280115
    -0.268521    -0.255826    -0.242158    -0.227644    -0.212403    -0.196545
    -0.180167    -0.163348    -0.146152    -0.128620    -0.110774   -0.0926126
   -0.0741073   -0.0561793   -0.0388292   -0.0220649  -0.00590247   0.00963473
    0.0245168    0.0387090    0.0521737    0.0648726    0.0767698
  5.05425e-05  -0.00307278  -0.00953456   -0.0176899   -0.0264025   -0.0355015
   -0.0449520   -0.0547502   -0.0649044   -0.0754300   -0.0863463   -0.0974507
    -0.108772    -0.120331    -0.132138    -0.144190    -0.156476    -0.168970
    -0.181633    -0.194410    -0.207232    -0.220016    -0.232663    -0.245058
    -0.257076    -0.268579    -0.279423    -0.289457    -0.298530    -0.306494
    -0.313210    -0.318549    -0.322401    -0.324676    -0.325309    -0.324261
    -0.321522    -0.317107    -0.311062    -0.303455    -0.294376    -0.283932
    -0.272244    -0.259440    -0.245650    -0.231003    -0.215623    -0.199622
    -0.183099    -0.166135    -0.148795    -0.131120    -0.113130   -0.0948189
   -0.0761532   -0.0580590   -0.0405445   -0.0236228  -0.00731282   0.00836065
    0.0233673    0.0376728    0.0512402    0.0640325    0.0760152
   0.00481177   0.00237987  -0.00545719   -0.0148297   -0.0242278   -0.0337823
   -0.0435606   -0.0536052   -0.0639500   -0.0746259   -0.0856631   -0.0968648
    -0.108266    -0.119890    -0.131750    -0.143849    -0.156174    -0.168701
    -0.181394    -0.194197    -0.207045    -0.219853    -0.232522    -0.244941
    -0.256982    -0.268510    -0.279378    -0.289438    -0.298538    -0.306529
    -0.313271    -0.318637    -0.322515    -0.324815    -0.325471    -0.324443
    -0.321721    -0.317319    -0.311283    -0.303679    -0.294597    -0.284144
    -0.272440    -0.259613    -0.245792    -0.231107    -0.215679    -0.199621
    -0.183030    -0.165988    -0.148558    -0.130781    -0.112674   -0.0942323
   -0.0754189   -0.0571611   -0.0394677   -0.0223532  -0.00583877    0.0100474
    0.0252700    0.0397885    0.0535586    0.0665349    0.0786746
   0.00724593   0.00496799  -0.00295764   -0.0126439   -0.0223623   -0.0321760
   -0.0421463   -0.0523255   -0.0627585   -0.0734866   -0.0845486   -0.0957521
    -0.107135    -0.118722    -0.130528    -0.142556    -0.154796    -0.167225
    -0.179806    -0.192488    -0.205204    -0.217872    -0.230396    -0.242664
    -0.254554    -0.265929    -0.276649    -0.286564    -0.295527    -0.303392
    -0.310021    -0.315289    -0.319085    -0.321321    -0.321932    -0.320878
    -0.318148    -0.313758    -0.307748    -0.300185    -0.291155    -0.280763
    -0.269124    -0.256364    -0.242607    -0.227979    -0.212599    -0.196573
    -0.179997    -0.162948    -0.145486    -0.127649    -0.109457   -0.0909036
   -0.0719547   -0.0535338   -0.0356423   -0.0182912  -0.00150272    0.0146898
    0.0302419    0.0450998    0.0592020    0.0724833    0.0848794
   0.00874811   0.00659955  -0.00163074   -0.0113526   -0.0211099   -0.0309524
   -0.0409273   -0.0510816   -0.0614607   -0.0721092   -0.0830735   -0.0941765
    -0.105441    -0.116887    -0.128530    -0.140371    -0.152403    -0.164604
    -0.176937    -0.189353    -0.201786    -0.214158    -0.226375    -0.238328
    -0.249897    -0.260953    -0.271358    -0.280968    -0.289641    -0.297235
    -0.303618    -0.308669    -0.312282    -0.314371    -0.314873    -0.313751
    -0.310991    -0.306610    -0.300645    -0.293159    -0.284234    -0.273969
    -0.262474    -0.249866    -0.236264    -0.221787    -0.206544    -0.190637
    -0.174152    -0.157159    -0.139712    -0.121842    -0.103569   -0.0848976
   -0.0658536   -0.0472958   -0.0291982   -0.0115629   0.00558777    0.0222135
    0.0382565    0.0536415    0.0682774    0.0820615    0.0948873
   0.00860325   0.00649718  -0.00132924   -0.0109170   -0.0205308   -0.0302129
   -0.0400120   -0.0499744   -0.0601417   -0.0705495   -0.0812253   -0.0921830
    -0.103249    -0.114459    -0.125834    -0.137379    -0.149088    -0.160938
    -0.172897    -0.184914    -0.196928    -0.208861    -0.220623    -0.232112
    -0.243212    -0.253798    -0.263740    -0.272902    -0.281147    -0.288343
    -0.294363    -0.299092    -0.302432    -0.304301    -0.304638    -0.303409
    -0.300601    -0.296226    -0.290322    -0.282945    -0.274171    -0.264092
    -0.252809    -0.240429    -0.227064    -0.212820    -0.197796    -0.182083
    -0.165756    -0.148873    -0.131471    -0.113564   -0.0951295   -0.0760945
   -0.0572600   -0.0386880   -0.0204062  -0.00243704    0.0151885    0.0324225
    0.0491936    0.0654001    0.0809070    0.0955468     0.109131
   0.00761045   0.00554827  -0.00209491   -0.0113951   -0.0206673   -0.0299930
   -0.0394388   -0.0490556   -0.0588828   -0.0689531   -0.0792947   -0.0899336
    -0.100670    -0.111532    -0.122535    -0.133681    -0.144961    -0.156355
    -0.167827    -0.179332    -0.190807    -0.202180    -0.213365    -0.224263
    -0.234767    -0.244759    -0.254115    -0.262709    -0.270414    -0.277105
    -0.282665    -0.286988    -0.289980    -0.291568    -0.291694    -0.290326
    -0.287452    -0.283082    -0.277250    -0.270006    -0.261420    -0.251573
    -0.240558    -0.228469    -0.215406    -0.201462    -0.186724    -0.171269
    -0.155159    -0.138440    -0.121141    -0.103272   -0.0848275   -0.0657939
   -0.0469709   -0.0283098  -0.00978937   0.00859587    0.0268361    0.0449006
    0.0627267    0.0802041    0.0971532     0.113306     0.128308
   0.00532038   0.00320448  -0.00430193   -0.0129111   -0.0215036   -0.0302283
   -0.0391407   -0.0482716   -0.0576446   -0.0672805   -0.0771998   -0.0874236
   -0.0977397    -0.108167    -0.118712    -0.129375    -0.140143    -0.150993
    -0.161891    -0.172791    -0.183634    -0.194351    -0.204861    -0.215071
    -0.224881    -0.234181    -0.242858    -0.250794    -0.257872    -0.263978
    -0.269005    -0.272856    -0.275445    -0.276705    -0.276584    -0.275052
    -0.272097    -0.267727    -0.261973    -0.254879    -0.246505    -0.236923
    -0.226213    -0.214460    -0.201746    -0.188152    -0.173749    -0.158597
    -0.142742    -0.126211    -0.109015   -0.0911428   -0.0725603   -0.0539574
   -0.0353374   -0.0166816   0.00203768    0.0208507    0.0397865    0.0588660
    0.0780911    0.0974207     0.116723     0.135670     0.153559
  0.000368953  -0.00234521  -0.00796025   -0.0150401   -0.0226525   -0.0306269
   -0.0389074   -0.0474741   -0.0563222   -0.0654548   -0.0748819   -0.0846209
   -0.0944630    -0.104403    -0.114438    -0.124560    -0.134755    -0.145000
    -0.155259    -0.165488    -0.175632    -0.185625    -0.195391    -0.204844
    -0.213893    -0.222435    -0.230368    -0.237584    -0.243978    -0.249445
    -0.253890    -0.257225    -0.259372    -0.260272    -0.259878    -0.258161
    -0.255112    -0.250736    -0.245059    -0.238119    -0.229968    -0.220667
    -0.210284    -0.198890    -0.186555    -0.173343    -0.159308    -0.144493
    -0.128921    -0.112595   -0.0954990   -0.0776043   -0.0595740   -0.0413991
   -0.0230577  -0.00451293    0.0142883    0.0334154    0.0529554    0.0730158
    0.0937279     0.115252     0.137789     0.161643     0.186825
  -0.00184915  -0.00448823  -0.00985807   -0.0164140   -0.0233995   -0.0307650
   -0.0384702   -0.0464874   -0.0548000   -0.0633984   -0.0722763   -0.0814266
   -0.0908329    -0.100281    -0.109782    -0.119333    -0.128920    -0.138521
    -0.148101    -0.157619    -0.167023    -0.176251    -0.185232    -0.193890
    -0.202138    -0.209885    -0.217038    -0.223501    -0.229178    -0.233978
    -0.237813    -0.240607    -0.242291    -0.242811    -0.242126    -0.240210
    -0.237053    -0.232660    -0.227052    -0.220259    -0.212327    -0.203305
    -0.193250    -0.182221    -0.170273    -0.157456    -0.143812    -0.129363
    -0.114110   -0.0980203   -0.0810042   -0.0637689   -0.0463248   -0.0286550
   -0.0107230   0.00752654    0.0261705    0.0453123    0.0650899    0.0856867
     0.107350     0.130415     0.155347     0.182800     0.212344
  -0.00297880  -0.00549754   -0.0107190   -0.0169527   -0.0235348   -0.0304515
   -0.0376837   -0.0452141   -0.0530291   -0.0611186   -0.0694764   -0.0780993
   -0.0869876   -0.0959010    -0.104841    -0.113799    -0.122759    -0.131698
    -0.140582    -0.149372    -0.158018    -0.166464    -0.174646    -0.182493
    -0.189928    -0.196868    -0.203231    -0.208931    -0.213883    -0.218007
    -0.221225    -0.223469    -0.224681    -0.224811    -0.223824    -0.221696
    -0.218418    -0.213993    -0.208436    -0.201773    -0.194039    -0.185276
    -0.175529    -0.164844    -0.153266    -0.140836    -0.127585    -0.113535
   -0.0986918   -0.0830342   -0.0665345   -0.0499195   -0.0331184   -0.0160775
   0.00125750    0.0189522    0.0370916    0.0557885    0.0751940    0.0955128
     0.117024     0.140110     0.165294     0.193261     0.223394
  -0.00362077  -0.00601307   -0.0109308   -0.0168927   -0.0231559   -0.0297093
   -0.0365422   -0.0436432   -0.0510019   -0.0586103   -0.0664638   -0.0745628
   -0.0829163   -0.0912925   -0.0996739    -0.108043    -0.116380    -0.124659
    -0.132849    -0.140913    -0.148806    -0.156475    -0.163863    -0.170906
    -0.177536    -0.183679    -0.189262    -0.194209    -0.198446    -0.201901
    -0.204509    -0.206208    -0.206949    -0.206687    -0.205391    -0.203040
    -0.199624    -0.195145    -0.189613    -0.183049    -0.175479    -0.166935
    -0.157452    -0.147064    -0.135803    -0.123699    -0.110777   -0.0970621
   -0.0825950   -0.0672771   -0.0517459   -0.0360022   -0.0200300  -0.00380355
    0.0127131    0.0295685    0.0468280    0.0645788    0.0829372     0.102059
     0.122153     0.143516     0.166585     0.192085     0.218875
  -0.00369243  -0.00591167   -0.0106693   -0.0163962   -0.0223836   -0.0286248
   -0.0351093   -0.0418256   -0.0487628   -0.0559114   -0.0632634   -0.0708117
   -0.0785487   -0.0864606   -0.0943310    -0.102143    -0.109879    -0.117518
    -0.125032    -0.132388    -0.139546    -0.146459    -0.153075    -0.159338
    -0.165187    -0.170558    -0.175386    -0.179604    -0.183148    -0.185957
    -0.187971    -0.189139    -0.189415    -0.188763    -0.187153    -0.184567
    -0.180994    -0.176433    -0.170892    -0.164384    -0.156929    -0.148548
    -0.139267    -0.129104    -0.118078    -0.106193   -0.0934435   -0.0798067
   -0.0658747   -0.0515924   -0.0370244   -0.0222047  -0.00714829   0.00814314
    0.0236785    0.0394763    0.0555653    0.0719843    0.0887824     0.106018
     0.123752     0.142038     0.160881     0.180081     0.198435
  -0.00343668  -0.00547076   -0.0100585   -0.0155679   -0.0213170   -0.0272936
   -0.0334787   -0.0398549   -0.0464082   -0.0531275   -0.0600041   -0.0670305
   -0.0741984   -0.0814971   -0.0889095   -0.0961954    -0.103356    -0.110379
    -0.117242    -0.123917    -0.130368    -0.136556    -0.142433    -0.147950
    -0.153054    -0.157688    -0.161796    -0.165320    -0.168204    -0.170393
    -0.171837    -0.172491    -0.172315    -0.171275    -0.169346    -0.166509
    -0.162755    -0.158079    -0.152485    -0.145980    -0.138578    -0.130293
    -0.121140    -0.111129    -0.100265   -0.0885303   -0.0758993   -0.0629742
   -0.0497651   -0.0362825   -0.0225518  -0.00859946   0.00555079    0.0198796
    0.0343718    0.0490158    0.0638019    0.0787203    0.0937567     0.108883
     0.124046     0.139136     0.153951     0.168135     0.181162
  -0.00299721  -0.00485876  -0.00913555   -0.0144397   -0.0200254   -0.0258172
   -0.0317691   -0.0378558   -0.0440631   -0.0503825   -0.0568089   -0.0633395
   -0.0699740   -0.0767157   -0.0835769   -0.0903120   -0.0969016    -0.103326
    -0.109564    -0.115588    -0.121368    -0.126866    -0.132043    -0.136855
    -0.141256    -0.145196    -0.148625    -0.151494    -0.153753    -0.155355
    -0.156256    -0.156415    -0.155797    -0.154372    -0.152117    -0.149013
    -0.145048    -0.140216    -0.134515    -0.127949    -0.120523    -0.112247
    -0.103129   -0.0931788   -0.0824222   -0.0707733   -0.0588144   -0.0465591
   -0.0340295   -0.0212530  -0.00826174   0.00490896    0.0182227    0.0316425
    0.0451314    0.0586516    0.0721630    0.0856213    0.0989732     0.112151
     0.125062     0.137580     0.149533     0.160699     0.170823
  -0.00130207  -0.00256192  -0.00723639   -0.0129271   -0.0186236   -0.0243694
   -0.0301626   -0.0360013   -0.0418858   -0.0478173   -0.0537976   -0.0598290
   -0.0659132   -0.0720518   -0.0782447   -0.0844862   -0.0905440   -0.0964043
    -0.102049    -0.107458    -0.112602    -0.117452    -0.121971    -0.126122
    -0.129863    -0.133153    -0.135947    -0.138202    -0.139874    -0.140922
    -0.141306    -0.140989    -0.139940    -0.138131    -0.135539    -0.132144
    -0.127934    -0.122898    -0.117029    -0.110322    -0.102776   -0.0943889
   -0.0851788   -0.0750542   -0.0645358   -0.0535713   -0.0422288   -0.0305591
   -0.0186077  -0.00641942   0.00595881    0.0184773    0.0310834    0.0437221
    0.0563357    0.0688646    0.0812465    0.0934156     0.105302     0.116827
     0.127903     0.138428     0.148289     0.157358     0.165506
 -0.000188748  -0.00103004  -0.00579099   -0.0117914   -0.0176116   -0.0233159
   -0.0289448   -0.0345239   -0.0400706   -0.0455983   -0.0511168   -0.0566340
   -0.0621554   -0.0676843   -0.0732224   -0.0787688   -0.0843221   -0.0896444
   -0.0947249   -0.0995499    -0.104096    -0.108337    -0.112240    -0.115773
    -0.118900    -0.121583    -0.123784    -0.125466    -0.126588    -0.127114
    -0.127006    -0.126232    -0.124760    -0.122563    -0.119619    -0.115908
    -0.111413    -0.106123    -0.100019   -0.0930827   -0.0853170   -0.0766244
   -0.0674853   -0.0578376   -0.0477301   -0.0371969   -0.0262811   -0.0150296
  -0.00349244   0.00827656    0.0202187    0.0322699    0.0443604    0.0564158
    0.0683574    0.0801040    0.0915737     0.102685     0.113359     0.123519
     0.133093     0.142010     0.150204     0.157614     0.164187
 -0.000697304  -0.00136661  -0.00595252   -0.0118499   -0.0175443   -0.0230572
   -0.0284208   -0.0336646   -0.0388139   -0.0438895   -0.0489076   -0.0538805
   -0.0588169   -0.0637222   -0.0685988   -0.0734473   -0.0782674   -0.0830605
   -0.0875854   -0.0918574   -0.0958420   -0.0995129    -0.102841    -0.105796
    -0.108348    -0.110465    -0.112114    -0.113260    -0.113869    -0.113904
    -0.113330    -0.112113    -0.110223    -0.107631    -0.104316    -0.100253
   -0.0954240   -0.0898428   -0.0834565   -0.0761463   -0.0683542   -0.0600092
   -0.0511460   -0.0417848   -0.0319544   -0.0216876   -0.0110232 -6.05516e-06
    0.0113123    0.0228723    0.0346056    0.0464339    0.0582687    0.0700123
    0.0815596    0.0928017     0.103631     0.113945     0.123653     0.132681
     0.140972     0.148486     0.155203     0.161116     0.166232
  -0.00244648  -0.00295047  -0.00756760   -0.0132627   -0.0186755   -0.0238466
   -0.0288123   -0.0336089   -0.0382687   -0.0428183   -0.0472784   -0.0516639
   -0.0559849   -0.0602465   -0.0644497   -0.0685915   -0.0726642   -0.0766538
   -0.0805358   -0.0843343   -0.0877978   -0.0909428   -0.0937329   -0.0961446
   -0.0981553   -0.0997402    -0.100871    -0.101519    -0.101649    -0.101226
    -0.100213   -0.0985716   -0.0962624   -0.0932556   -0.0895530   -0.0850965
   -0.0797675   -0.0739514   -0.0675536   -0.0605402   -0.0529543   -0.0448132
   -0.0361366   -0.0269445   -0.0172601  -0.00711081   0.00347033    0.0144429
    0.0257575    0.0373530    0.0491545    0.0610704    0.0729909    0.0847879
    0.0963172     0.107425     0.117957     0.127772     0.136754     0.144821
     0.151930     0.158080     0.163305     0.167663     0.171229
  -0.00611906  -0.00662244   -0.0108758   -0.0162230   -0.0211941   -0.0258496
   -0.0302539   -0.0344617   -0.0385160   -0.0424488   -0.0462825   -0.0500323
   -0.0537069   -0.0573096   -0.0608392   -0.0642903   -0.0676529   -0.0709135
   -0.0740547   -0.0770585   -0.0798958   -0.0825898   -0.0848647   -0.0867455
   -0.0882307   -0.0893055   -0.0899472   -0.0901285   -0.0898178   -0.0889793
   -0.0875712   -0.0855409   -0.0828153   -0.0792766   -0.0752729   -0.0707096
   -0.0655456   -0.0598068   -0.0534917   -0.0465986   -0.0391346   -0.0311077
   -0.0225278   -0.0134060  -0.00375568   0.00640598    0.0170569    0.0281677
    0.0396990    0.0515971    0.0637895    0.0761782    0.0886338     0.100989
     0.113040     0.124550     0.135271     0.144978     0.153490     0.160703
     0.166590     0.171206     0.174674     0.177164     0.178860
   -0.0117870   -0.0123777   -0.0163228   -0.0210752   -0.0252997   -0.0291612
   -0.0327766   -0.0362199   -0.0395373   -0.0427578   -0.0458987   -0.0489695
   -0.0519739   -0.0549108   -0.0577752   -0.0605582   -0.0632477   -0.0658276
   -0.0682782   -0.0705756   -0.0726899   -0.0745840   -0.0761951   -0.0774870
   -0.0784317   -0.0790034   -0.0791755   -0.0789201   -0.0782081   -0.0770088
   -0.0752904   -0.0730218   -0.0701754   -0.0667389   -0.0627447   -0.0581922
   -0.0530755   -0.0473931   -0.0411426   -0.0343211   -0.0269270   -0.0189591
   -0.0104165  -0.00129860   0.00839442    0.0186612    0.0294976    0.0408952
    0.0528377    0.0652962    0.0782218    0.0915342     0.105106     0.118743
     0.132155     0.144952     0.156672     0.166879     0.175257     0.181647
     0.186049     0.188613     0.189638     0.189528     0.188697
   -0.0206683   -0.0217571   -0.0249669   -0.0281914   -0.0309994   -0.0336434
   -0.0362026   -0.0387096   -0.0411789   -0.0436156   -0.0460202   -0.0483893
   -0.0507174   -0.0529963   -0.0552159   -0.0573638   -0.0594248   -0.0613813
   -0.0632127   -0.0648950   -0.0664006   -0.0676979   -0.0687520   -0.0695301
   -0.0700023   -0.0701400   -0.0699152   -0.0693004   -0.0682682   -0.0667917
   -0.0648450   -0.0624049   -0.0594519   -0.0559733   -0.0519638   -0.0474171
   -0.0423263   -0.0366842   -0.0304834   -0.0237158   -0.0163727  -0.00844424
  8.07766e-05   0.00921564    0.0189759    0.0293797    0.0404476    0.0522020
    0.0646660    0.0778595    0.0917938     0.106460     0.121809     0.137712
     0.153885     0.169714     0.184079     0.195865     0.204566     0.210048
     0.212353     0.211701     0.208640     0.204262     0.199713
   -0.0331793   -0.0358199   -0.0362031   -0.0365110   -0.0374133   -0.0386285
   -0.0400301   -0.0415509   -0.0431490   -0.0447954   -0.0464679   -0.0481483
   -0.0498205   -0.0514693   -0.0530796   -0.0546356   -0.0561204   -0.0575153
   -0.0587999   -0.0599512   -0.0609444   -0.0617522   -0.0623461   -0.0626973
   -0.0627772   -0.0625576   -0.0620109   -0.0611099   -0.0598282   -0.0581403
   -0.0560223   -0.0534524   -0.0504115   -0.0468833   -0.0428546   -0.0383135
   -0.0332485   -0.0276483   -0.0215010   -0.0147938  -0.00751222  0.000360625
   0.00884498    0.0179655    0.0277525    0.0382436    0.0494857    0.0615368
    0.0744687    0.0883693     0.103344     0.119518     0.137030     0.156030
     0.176687     0.199291     0.219667     0.233913     0.242995     0.247412
     0.246719     0.241300     0.230494     0.218124     0.208968
   -0.0413815   -0.0444238   -0.0441135   -0.0432657   -0.0429954   -0.0431492
   -0.0436063   -0.0442790   -0.0451037   -0.0460341   -0.0470349   -0.0480787
   -0.0491432   -0.0502091   -0.0512588   -0.0522752   -0.0532408   -0.0541374
   -0.0549450   -0.0556421   -0.0562056   -0.0566105   -0.0568308   -0.0568392
   -0.0566082   -0.0561101   -0.0553172   -0.0542024   -0.0527391   -0.0509018
   -0.0486664   -0.0460107   -0.0429144   -0.0393595   -0.0353296   -0.0308099
   -0.0257865   -0.0202455   -0.0141728  -0.00755272 -0.000367654   0.00740335
    0.0157858    0.0248113    0.0345200    0.0449627    0.0562052    0.0683327
    0.0814573    0.0957277     0.111342     0.128567     0.147754     0.169361
     0.193957     0.220303     0.240669     0.254910     0.263375     0.265800
     0.262343     0.252081     0.236135     0.222560     0.211849
   -0.0465996   -0.0497779   -0.0492138   -0.0479548   -0.0471354   -0.0466787
   -0.0465101   -0.0465628   -0.0467809   -0.0471199   -0.0475452   -0.0480295
   -0.0485514   -0.0490926   -0.0496373   -0.0501700   -0.0506751   -0.0511359
   -0.0515341   -0.0518497   -0.0520608   -0.0521435   -0.0520726   -0.0518213
   -0.0513620   -0.0506663   -0.0497058   -0.0484522   -0.0468775   -0.0449552
   -0.0426599   -0.0399680   -0.0368581   -0.0333108   -0.0293089   -0.0248368
   -0.0198801   -0.0144251  -0.00845770  -0.00196288   0.00507662    0.0126814
    0.0208768    0.0296949    0.0391761    0.0493730    0.0603537    0.0722080
    0.0850561    0.0990622     0.114456     0.131571     0.150905     0.173203
     0.199284     0.222466     0.240187     0.252507     0.259262     0.260406
     0.254877     0.242042     0.228064     0.216578     0.207079
   -0.0495792   -0.0528038   -0.0523636   -0.0509800   -0.0499337   -0.0491752
   -0.0486460   -0.0482926   -0.0480709   -0.0479465   -0.0478942   -0.0478958
   -0.0479378   -0.0480094   -0.0481008   -0.0482020   -0.0483016   -0.0483862
   -0.0484400   -0.0484446   -0.0483791   -0.0482201   -0.0479418   -0.0475167
   -0.0469159   -0.0461090   -0.0450655   -0.0437543   -0.0421451   -0.0402085
   -0.0379165   -0.0352438   -0.0321674   -0.0286673   -0.0247262   -0.0203299
   -0.0154658   -0.0101231  -0.00429113   0.00204114   0.00888644    0.0162603
    0.0241821    0.0326770    0.0417765    0.0515216    0.0619641    0.0731707
    0.0852274    0.0982461     0.112375     0.127816     0.144862     0.164029
     0.184391     0.201698     0.215342     0.225056     0.230750     0.231762
     0.227851     0.219284     0.210940     0.203305     0.196459
   -0.0511132   -0.0544311   -0.0539727   -0.0526508   -0.0516252   -0.0508103
   -0.0501349   -0.0495473   -0.0490151   -0.0485209   -0.0480579   -0.0476255
   -0.0472262   -0.0468626   -0.0465362   -0.0462454   -0.0459856   -0.0457479
   -0.0455194   -0.0452834   -0.0450191   -0.0447024   -0.0443062   -0.0438007
   -0.0431540   -0.0423325   -0.0413015   -0.0400255   -0.0384695   -0.0365993
   -0.0343826   -0.0317906   -0.0287981   -0.0253844   -0.0215338   -0.0172349
   -0.0124802  -0.00726465  -0.00158500   0.00456203    0.0111807    0.0182773
    0.0258611    0.0339449    0.0425452    0.0516832    0.0613840    0.0716764
    0.0825908    0.0941555     0.106386     0.119262     0.132673     0.146303
     0.159505     0.171469     0.181507     0.189169     0.194202     0.196532
     0.196340     0.194160     0.190774     0.186852     0.182802
   -0.0508124   -0.0542171   -0.0540634   -0.0531621   -0.0525060   -0.0519130
   -0.0512831   -0.0505770   -0.0497936   -0.0489516   -0.0480787   -0.0472040
   -0.0463548   -0.0455535   -0.0448165   -0.0441537   -0.0435679   -0.0430551
   -0.0426049   -0.0422010   -0.0418215   -0.0414399   -0.0410260   -0.0405461
   -0.0399637   -0.0392402   -0.0383348   -0.0372052   -0.0358083   -0.0341019
   -0.0320458   -0.0296044   -0.0267483   -0.0234560   -0.0197141   -0.0155172
   -0.0108668  -0.00576883 -0.000231765   0.00573546    0.0121251    0.0189314
    0.0261513    0.0337839    0.0418300    0.0502909    0.0591666    0.0684530
    0.0781371    0.0881900    0.0985560     0.109135     0.119763     0.130193
     0.140100     0.149123     0.156928     0.163258     0.167966     0.171027
     0.172548     0.172758     0.171958     0.170459     0.168523
   -0.0478157   -0.0510406   -0.0522979   -0.0528723   -0.0532260   -0.0531742
   -0.0526874   -0.0518362   -0.0507153   -0.0494172   -0.0480257   -0.0466127
   -0.0452374   -0.0439456   -0.0427704   -0.0417327   -0.0408422   -0.0400980
   -0.0394899   -0.0389995   -0.0386007   -0.0382622   -0.0379476   -0.0376178
   -0.0372304   -0.0367405   -0.0360999   -0.0352568   -0.0341557   -0.0327398
   -0.0309537   -0.0287481   -0.0260843   -0.0229378   -0.0192999   -0.0151766
   -0.0105859  -0.00555334 -0.000107037   0.00572630    0.0119236    0.0184662
    0.0253395    0.0325312    0.0400304    0.0478248    0.0558985    0.0642288
    0.0727824    0.0815102    0.0903418    0.0991789     0.107891     0.116317
     0.124271     0.131561     0.138012     0.143486     0.147900     0.151236
     0.153539     0.154912     0.155496     0.155448     0.154922
   -0.0443337   -0.0475594   -0.0505261   -0.0533361   -0.0557583   -0.0560457
   -0.0553270   -0.0539472   -0.0521371   -0.0500755   -0.0479079   -0.0457512
   -0.0436960   -0.0418087   -0.0401352   -0.0387032   -0.0375248   -0.0365987
   -0.0359106   -0.0354353   -0.0351373   -0.0349745   -0.0349005   -0.0348680
   -0.0348294   -0.0347358   -0.0345339   -0.0341621   -0.0335472   -0.0326054
   -0.0312489   -0.0293972   -0.0269901   -0.0239950   -0.0204111   -0.0162683
   -0.0116196  -0.00652906  -0.00105939   0.00473704    0.0108204    0.0171617
    0.0237397    0.0305375    0.0375393    0.0447281    0.0520824    0.0595747
    0.0671681    0.0748142    0.0824505    0.0899996    0.0973685     0.104452
     0.111137     0.117312     0.122878     0.127757     0.131899     0.135289
     0.137944     0.139913     0.141268     0.142093     0.142478
   -0.0421016   -0.0456773   -0.0495695   -0.0540136   -0.0589332   -0.0611478
   -0.0600804   -0.0573625   -0.0542244   -0.0508791   -0.0475249   -0.0443181
   -0.0413682   -0.0387478   -0.0365026   -0.0346572   -0.0332196   -0.0321826
   -0.0315247   -0.0312076   -0.0311765   -0.0313651   -0.0317056   -0.0321383
   -0.0326152   -0.0330959   -0.0335382   -0.0338848   -0.0340462   -0.0338867
   -0.0332361   -0.0319348   -0.0298724   -0.0269986   -0.0233252   -0.0189310
   -0.0139554  -0.00855667  -0.00286231   0.00304609   0.00912216    0.0153403
    0.0216857    0.0281472    0.0347141    0.0413729    0.0481057    0.0548883
    0.0616894    0.0684693    0.0751798    0.0817639    0.0881572    0.0942900
     0.100091     0.105493     0.110434     0.114867     0.118761     0.122102
     0.124898     0.127171     0.128960     0.130313     0.131283
   -0.0396555   -0.0432303   -0.0472708   -0.0520527   -0.0577890   -0.0616609
   -0.0628369   -0.0611967   -0.0567206   -0.0513433   -0.0462629   -0.0416673
   -0.0376092   -0.0341350   -0.0312718   -0.0290238   -0.0273844   -0.0263416
   -0.0258748   -0.0259395   -0.0264449   -0.0272528   -0.0282295   -0.0292946
   -0.0304190   -0.0316042   -0.0328651   -0.0342134   -0.0356240   -0.0369116
   -0.0375584   -0.0371579   -0.0355717   -0.0327456   -0.0286672   -0.0234287
   -0.0174511   -0.0112707  -0.00507886   0.00108951   0.00723831    0.0133805
    0.0195283    0.0256898    0.0318676    0.0380582    0.0442519    0.0504324
    0.0565772    0.0626571    0.0686372    0.0744774    0.0801334    0.0855588
    0.0907072    0.0955347     0.100003     0.104081     0.107747     0.110992
     0.113818     0.116234     0.118263     0.119933     0.121276
   -0.0365488   -0.0396757   -0.0430801   -0.0468036   -0.0508174   -0.0549587
   -0.0581577   -0.0585504   -0.0557848   -0.0495376   -0.0428332   -0.0367832
   -0.0314278   -0.0270729   -0.0236516   -0.0210842   -0.0193284   -0.0183791
   -0.0182659   -0.0190421   -0.0207064   -0.0227064   -0.0245805   -0.0263500
   -0.0280973   -0.0299191   -0.0319295   -0.0342772   -0.0371832   -0.0409743
   -0.0435403   -0.0442079   -0.0431947   -0.0403788   -0.0357007   -0.0289170
   -0.0208140   -0.0135771  -0.00686236 -0.000481689   0.00567925    0.0116942
    0.0176109    0.0234596    0.0292574    0.0350110    0.0407192    0.0463736
    0.0519596    0.0574575    0.0628429    0.0680881    0.0731627    0.0780353
    0.0826748    0.0870519    0.0911411    0.0949216    0.0983786     0.101504
     0.104298     0.106764     0.108916     0.110770     0.112346
   -0.0329904   -0.0354904   -0.0380626   -0.0406654   -0.0432173   -0.0455851
   -0.0475781   -0.0489486   -0.0481913   -0.0432518   -0.0370768   -0.0306909
   -0.0246132   -0.0199646   -0.0164130   -0.0138022   -0.0120843   -0.0112732
   -0.0114492   -0.0128141   -0.0157772   -0.0189575   -0.0214488   -0.0236040
   -0.0256404   -0.0277216   -0.0300066   -0.0326878   -0.0360318   -0.0403402
   -0.0434168   -0.0444621   -0.0436791   -0.0410083   -0.0363387   -0.0293960
   -0.0211436   -0.0138545  -0.00721863  -0.00101292   0.00490414    0.0106226
    0.0162002    0.0216731    0.0270631    0.0323808    0.0376290    0.0428037
    0.0478957    0.0528914    0.0577740    0.0625239    0.0671200    0.0715405
    0.0757638    0.0797699    0.0835410    0.0870625    0.0903238    0.0933184
    0.0960445    0.0985045     0.100705     0.102657     0.104372
