     -4.22440     -4.09491     -3.97312     -3.85837     -3.75006     -3.64763
     -3.55058     -3.45851     -3.37109     -3.28801     -3.20896     -3.13374
     -3.06225     -2.99412     -2.92899     -2.86657     -2.80660     -2.74888
     -2.69324     -2.63957     -2.58784     -2.53833     -2.49088     -2.44525
     -2.40129     -2.35890     -2.31797     -2.27843     -2.24021     -2.20325
     -2.16749     -2.13288     -2.09937     -2.06693     -2.03551     -2.00508
     -1.97550     -1.94671     -1.91875     -1.89158     -1.86517     -1.83949
     -1.81451     -1.79019     -1.76652     -1.74346     -1.72100     -1.69911
     -1.67777     -1.65696     -1.63666     -1.61686     -1.59752     -1.57864
     -1.56021     -1.54219     -1.52459     -1.50739     -1.49057     -1.47412
     -1.45803     -1.44229     -1.42689     -1.41181     -1.39704
     -4.22440     -4.09491     -3.97312     -3.85837     -3.75006     -3.64761
     -3.55053     -3.45847     -3.37109     -3.28803     -3.20898     -3.13368
     -3.06192     -2.99347     -2.92806     -2.86543     -2.80538     -2.74769
     -2.69222     -2.63886     -2.58754     -2.53824     -2.49086     -2.44525
     -2.40130     -2.35890     -2.31798     -2.27844     -2.24022     -2.20325
     -2.16749     -2.13288     -2.09938     -2.06694     -2.03554     -2.00510
     -1.97550     -1.94671     -1.91875     -1.89158     -1.86517     -1.83949
     -1.81451     -1.79019     -1.76652     -1.74346     -1.72100     -1.69911
     -1.67777     -1.65696     -1.63666     -1.61686     -1.59752     -1.57864
     -1.56021     -1.54219     -1.52459     -1.50739     -1.49057     -1.47412
     -1.45803     -1.44229     -1.42689     -1.41181     -1.39704
     -4.22440     -4.09491     -3.97312     -3.85837     -3.75006     -3.64763
     -3.55059     -3.45858     -3.37122     -3.28817     -3.20910     -3.13374
     -3.06186     -2.99322     -2.92762     -2.86485     -2.80471     -2.74704
     -2.69167     -2.63848     -2.58736     -2.53818     -2.49086     -2.44527
     -2.40133     -2.35894     -2.31802     -2.27849     -2.24028     -2.20333
     -2.16758     -2.13300     -2.09952     -2.06709     -2.03566     -2.00515
     -1.97550     -1.94671     -1.91875     -1.89158     -1.86517     -1.83949
     -1.81451     -1.79019     -1.76652     -1.74346     -1.72100     -1.69911
     -1.67777     -1.65696     -1.63666     -1.61686     -1.59752     -1.57864
     -1.56021     -1.54219     -1.52459     -1.50739     -1.49057     -1.47412
     -1.45803     -1.44229     -1.42689     -1.41181     -1.39704
     -4.22440     -4.09491     -3.97312     -3.85837     -3.75006     -3.64766
     -3.55070     -3.45874     -3.37141     -3.28836     -3.20929     -3.13393
     -3.06202     -2.99335     -2.92770     -2.86488     -2.80470     -2.74701
     -2.69166     -2.63849     -2.58739     -2.53824     -2.49092     -2.44534
     -2.40140     -2.35902     -2.31810     -2.27858     -2.24039     -2.20345
     -2.16773     -2.13315     -2.09966     -2.06720     -2.03571     -2.00515
     -1.97550     -1.94671     -1.91875     -1.89158     -1.86517     -1.83949
     -1.81451     -1.79019     -1.76652     -1.74346     -1.72100     -1.69911
     -1.67777     -1.65696     -1.63666     -1.61686     -1.59752     -1.57864
     -1.56021     -1.54219     -1.52459     -1.50739     -1.49057     -1.47412
     -1.45803     -1.44229     -1.42689     -1.41181     -1.39704
     -4.22440     -4.09491     -3.97312     -3.85837     -3.75006     -3.64766
     -3.55071     -3.45878     -3.37149     -3.28848     -3.20945     -3.13410
     -3.06221     -2.99354     -2.92788     -2.86505     -2.80486     -2.74716
     -2.69179     -2.63861     -2.58751     -2.53835     -2.49103     -2.44544
     -2.40150     -2.35911     -2.31819     -2.27867     -2.24048     -2.20355
     -2.16782     -2.13322     -2.09970     -2.06721     -2.03571     -2.00515
     -1.97550     -1.94671     -1.91875     -1.89158     -1.86517     -1.83949
     -1.81451     -1.79019     -1.76652     -1.74346     -1.72100     -1.69911
     -1.67777     -1.65696     -1.63666     -1.61686     -1.59752     -1.57864
     -1.56021     -1.54219     -1.52459     -1.50739     -1.49057     -1.47412
     -1.45803     -1.44229     -1.42689     -1.41181     -1.39704
     -4.22440     -4.09491     -3.97312     -3.85837     -3.75006     -3.64766
     -3.55071     -3.45878     -3.37149     -3.28850     -3.20949     -3.13419
     -3.06233     -2.99367     -2.92803     -2.86520     -2.80501     -2.74730
     -2.69192     -2.63874     -2.58763     -2.53846     -2.49113     -2.44554
     -2.40159     -2.35919     -2.31827     -2.27874     -2.24054     -2.20360
     -2.16785     -2.13323     -2.09970     -2.06721     -2.03571     -2.00515
     -1.97550     -1.94671     -1.91875     -1.89158     -1.86517     -1.83949
     -1.81451     -1.79019     -1.76652     -1.74346     -1.72100     -1.69911
     -1.67777     -1.65696     -1.63666     -1.61686     -1.59752     -1.57864
     -1.56021     -1.54219     -1.52459     -1.50739     -1.49057     -1.47412
     -1.45803     -1.44229     -1.42689     -1.41181     -1.39704
     -4.22440     -4.09491     -3.97312     -3.85837     -3.75006     -3.64766
     -3.55071     -3.45878     -3.37149     -3.28850     -3.20949     -3.13419
     -3.06234     -2.99372     -2.92810     -2.86528     -2.80510     -2.74740
     -2.69202     -2.63884     -2.58771     -2.53854     -2.49120     -2.44560
     -2.40165     -2.35924     -2.31831     -2.27878     -2.24056     -2.20360
     -2.16785     -2.13323     -2.09970     -2.06721     -2.03571     -2.00515
     -1.97550     -1.94671     -1.91875     -1.89158     -1.86517     -1.83949
     -1.81451     -1.79019     -1.76652     -1.74346     -1.72100     -1.69911
     -1.67777     -1.65696     -1.63666     -1.61686     -1.59752     -1.57864
     -1.56021     -1.54219     -1.52459     -1.50739     -1.49057     -1.47412
     -1.45803     -1.44229     -1.42689     -1.41181     -1.39704
     -4.22440     -4.09491     -3.97312     -3.85837     -3.75006     -3.64766
     -3.55071     -3.45878     -3.37149     -3.28850     -3.20949     -3.13419
     -3.06234     -2.99372     -2.92810     -2.86530     -2.80513     -2.74744
     -2.69207     -2.63889     -2.58776     -2.53859     -2.49125     -2.44564
     -2.40168     -2.35927     -2.31833     -2.27878     -2.24056     -2.20360
     -2.16785     -2.13323     -2.09970     -2.06721     -2.03571     -2.00515
     -1.97550     -1.94671     -1.91875     -1.89158     -1.86517     -1.83949
     -1.81451     -1.79019     -1.76652     -1.74346     -1.72100     -1.69911
     -1.67777     -1.65696     -1.63666     -1.61686     -1.59752     -1.57864
     -1.56021     -1.54219     -1.52459     -1.50739     -1.49057     -1.47412
     -1.45803     -1.44229     -1.42689     -1.41181     -1.39704
     -4.22440     -4.09491     -3.97312     -3.85837     -3.75006     -3.64766
     -3.55071     -3.45878     -3.37149     -3.28850     -3.20949     -3.13419
     -3.06234     -2.99372     -2.92810     -2.86530     -2.80513     -2.74744
     -2.69208     -2.63890     -2.58778     -2.53860     -2.49126     -2.44565
     -2.40169     -2.35927     -2.31833     -2.27878     -2.24056     -2.20360
     -2.16785     -2.13323     -2.09970     -2.06721     -2.03571     -2.00515
     -1.97550     -1.94671     -1.91875     -1.89158     -1.86517     -1.83949
     -1.81451     -1.79019     -1.76652     -1.74346     -1.72100     -1.69911
     -1.67777     -1.65696     -1.63666     -1.61686     -1.59752     -1.57864
     -1.56021     -1.54219     -1.52459     -1.50739     -1.49057     -1.47412
     -1.45803     -1.44229     -1.42689     -1.41181     -1.39704
     -4.22440     -4.09491     -3.97312     -3.85837     -3.75006     -3.64766
     -3.55071     -3.45878     -3.37149     -3.28850     -3.20949     -3.13419
     -3.06234     -2.99372     -2.92810     -2.86530     -2.80513     -2.74744
     -2.69208     -2.63890     -2.58778     -2.53860     -2.49126     -2.44565
     -2.40169     -2.35927     -2.31833     -2.27878     -2.24056     -2.20360
     -2.16785     -2.13323     -2.09970     -2.06721     -2.03571     -2.00515
     -1.97550     -1.94671     -1.91875     -1.89158     -1.86517     -1.83949
     -1.81451     -1.79019     -1.76652     -1.74346     -1.72100     -1.69911
     -1.67777     -1.65696     -1.63666     -1.61686     -1.59752     -1.57864
     -1.56021     -1.54219     -1.52459     -1.50739     -1.49057     -1.47412
     -1.45803     -1.44229     -1.42689     -1.41181     -1.39704
     -4.22440     -4.09491     -3.97312     -3.85837     -3.75006     -3.64766
     -3.55071     -3.45878     -3.37149     -3.28850     -3.20949     -3.13419
     -3.06234     -2.99372     -2.92810     -2.86530     -2.80513     -2.74744
     -2.69208     -2.63890     -2.58778     -2.53860     -2.49126     -2.44565
     -2.40169     -2.35927     -2.31833     -2.27878     -2.24056     -2.20360
     -2.16785     -2.13323     -2.09970     -2.06721     -2.03571     -2.00515
     -1.97550     -1.94671     -1.91875     -1.89158     -1.86517     -1.83949
     -1.81451     -1.79019     -1.76652     -1.74346     -1.72100     -1.69911
     -1.67777     -1.65696     -1.63666     -1.61686     -1.59752     -1.57864
     -1.56021     -1.54219     -1.52459     -1.50739     -1.49057     -1.47412
     -1.45803     -1.44229     -1.42689     -1.41181     -1.39704
     -4.22440     -4.09491     -3.97312     -3.85837     -3.75006     -3.64766
     -3.55071     -3.45878     -3.37149     -3.28850     -3.20949     -3.13419
     -3.06234     -2.99372     -2.92810     -2.86530     -2.80513     -2.74744
     -2.69208     -2.63890     -2.58778     -2.53860     -2.49126     -2.44565
     -2.40169     -2.35927     -2.31833     -2.27878     -2.24056     -2.20360
     -2.16785     -2.13323     -2.09970     -2.06721     -2.03571     -2.00515
     -1.97550     -1.94671     -1.91875     -1.89158     -1.86517     -1.83949
     -1.81451     -1.79019     -1.76652     -1.74346     -1.72100     -1.69911
     -1.67777     -1.65696     -1.63666     -1.61686     -1.59752     -1.57864
     -1.56021     -1.54219     -1.52459     -1.50739     -1.49057     -1.47412
     -1.45803     -1.44229     -1.42689     -1.41181     -1.39704
     -4.22440     -4.09491     -3.97312     -3.85837     -3.75006     -3.64766
     -3.55071     -3.45878     -3.37149     -3.28850     -3.20949     -3.13419
     -3.06234     -2.99372     -2.92810     -2.86530     -2.80513     -2.74744
     -2.69208     -2.63890     -2.58778     -2.53860     -2.49126     -2.44565
     -2.40169     -2.35927     -2.31833     -2.27878     -2.24056     -2.20360
     -2.16785     -2.13323     -2.09970     -2.06721     -2.03571     -2.00515
     -1.97550     -1.94671     -1.91875     -1.89158     -1.86517     -1.83949
     -1.81451     -1.79019     -1.76652     -1.74346     -1.72100     -1.69911
     -1.67777     -1.65696     -1.63666     -1.61686     -1.59752     -1.57864
     -1.56021     -1.54219     -1.52459     -1.50739     -1.49057     -1.47412
     -1.45803     -1.44229     -1.42689     -1.41181     -1.39704
     -4.22440     -4.09491     -3.97312     -3.85837     -3.75006     -3.64766
     -3.55071     -3.45878     -3.37149     -3.28850     -3.20949     -3.13419
     -3.06234     -2.99372     -2.92810     -2.86530     -2.80513     -2.74744
     -2.69208     -2.63890     -2.58778     -2.53860     -2.49126     -2.44564
     -2.40167     -2.35926     -2.31832     -2.27878     -2.24056     -2.20360
     -2.16785     -2.13323     -2.09970     -2.06721     -2.03571     -2.00515
     -1.97550     -1.94671     -1.91875     -1.89158     -1.86517     -1.83949
     -1.81451     -1.79019     -1.76652     -1.74346     -1.72100     -1.69911
     -1.67777     -1.65696     -1.63666     -1.61686     -1.59752     -1.57864
     -1.56021     -1.54219     -1.52459     -1.50739     -1.49057     -1.47412
     -1.45803     -1.44229     -1.42689     -1.41181     -1.39704
     -4.22440     -4.09491     -3.97312     -3.85837     -3.75006     -3.64766
     -3.55071     -3.45878     -3.37149     -3.28850     -3.20949     -3.13419
     -3.06234     -2.99372     -2.92810     -2.86530     -2.80513     -2.74744
     -2.69208     -2.63890     -2.58778     -2.53859     -2.49124     -2.44562
     -2.40165     -2.35923     -2.31829     -2.27875     -2.24054     -2.20359
     -2.16784     -2.13323     -2.09970     -2.06721     -2.03571     -2.00515
     -1.97550     -1.94671     -1.91875     -1.89158     -1.86517     -1.83949
     -1.81451     -1.79019     -1.76652     -1.74346     -1.72100     -1.69911
     -1.67777     -1.65696     -1.63666     -1.61686     -1.59752     -1.57864
     -1.56021     -1.54219     -1.52459     -1.50739     -1.49057     -1.47412
     -1.45803     -1.44229     -1.42689     -1.41181     -1.39704
     -4.22440     -4.09491     -3.97312     -3.85837     -3.75006     -3.64766
     -3.55071     -3.45878     -3.37149     -3.28850     -3.20949     -3.13419
     -3.06234     -2.99372     -2.92810     -2.86530     -2.80513     -2.74744
     -2.69208     -2.63889     -2.58776     -2.53857     -2.49121     -2.44558
     -2.40160     -2.35918     -2.31823     -2.27869     -2.24048     -2.20354
     -2.16780     -2.13320     -2.09969     -2.06721     -2.03571     -2.00515
     -1.97550     -1.94671     -1.91875     -1.89158     -1.86517     -1.83949
     -1.81451     -1.79019     -1.76652     -1.74346     -1.72100     -1.69911
     -1.67777     -1.65696     -1.63666     -1.61686     -1.59752     -1.57864
     -1.56021     -1.54219     -1.52459     -1.50739     -1.49057     -1.47412
     -1.45803     -1.44229     -1.42689     -1.41181     -1.39704
     -4.22440     -4.09491     -3.97312     -3.85837     -3.75006     -3.64766
     -3.55071     -3.45878     -3.37149     -3.28850     -3.20949     -3.13419
     -3.06234     -2.99372     -2.92810     -2.86530     -2.80513     -2.74744
     -2.69207     -2.63887     -2.58773     -2.53852     -2.49115     -2.44552
     -2.40153     -2.35911     -2.31816     -2.27861     -2.24040     -2.20346
     -2.16772     -2.13313     -2.09963     -2.06717     -2.03569     -2.00515
     -1.97550     -1.94671     -1.91875     -1.89158     -1.86517     -1.83949
     -1.81451     -1.79019     -1.76652     -1.74346     -1.72100     -1.69911
     -1.67777     -1.65696     -1.63666     -1.61686     -1.59752     -1.57864
     -1.56021     -1.54219     -1.52459     -1.50739     -1.49057     -1.47412
     -1.45803     -1.44229     -1.42689     -1.41181     -1.39704
     -4.22440     -4.09491     -3.97312     -3.85837     -3.75006     -3.64766
     -3.55071     -3.45878     -3.37149     -3.28850     -3.20949     -3.13419
     -3.06234     -2.99372     -2.92810     -2.86530     -2.80513     -2.74743
     -2.69204     -2.63883     -2.58767     -2.53846     -2.49108     -2.44544
     -2.40145     -2.35902     -2.31807     -2.27852     -2.24031     -2.20336
     -2.16762     -2.13302     -2.09952     -2.06707     -2.03561     -2.00510
     -1.97548     -1.94671     -1.91875     -1.89158     -1.86517     -1.83949
     -1.81451     -1.79019     -1.76652     -1.74346     -1.72100     -1.69911
     -1.67777     -1.65696     -1.63666     -1.61686     -1.59752     -1.57864
     -1.56021     -1.54219     -1.52459     -1.50739     -1.49057     -1.47412
     -1.45803     -1.44229     -1.42689     -1.41181     -1.39704
     -4.22440     -4.09491     -3.97312     -3.85837     -3.75006     -3.64766
     -3.55071     -3.45878     -3.37149     -3.28850     -3.20949     -3.13419
     -3.06234     -2.99372     -2.92810     -2.86530     -2.80513     -2.74741
     -2.69200     -2.63877     -2.58760     -2.53838     -2.49100     -2.44536
     -2.40137     -2.35894     -2.31799     -2.27844     -2.24022     -2.20327
     -2.16752     -2.13292     -2.09941     -2.06695     -2.03549     -2.00498
     -1.97538     -1.94665     -1.91873     -1.89158     -1.86517     -1.83949
     -1.81451     -1.79019     -1.76652     -1.74346     -1.72100     -1.69911
     -1.67777     -1.65696     -1.63666     -1.61686     -1.59752     -1.57864
     -1.56021     -1.54219     -1.52459     -1.50739     -1.49057     -1.47412
     -1.45803     -1.44229     -1.42689     -1.41181     -1.39704
     -4.22440     -4.09491     -3.97312     -3.85837     -3.75006     -3.64766
     -3.55071     -3.45878     -3.37149     -3.28850     -3.20949     -3.13419
     -3.06234     -2.99372     -2.92810     -2.86530     -2.80510     -2.74736
     -2.69193     -2.63869     -2.58752     -2.53830     -2.49092     -2.44529
     -2.40131     -2.35889     -2.31795     -2.27841     -2.24019     -2.20324
     -2.16749     -2.13288     -2.09935     -2.06687     -2.03539     -2.00486
     -1.97525     -1.94651     -1.91861     -1.89151     -1.86515     -1.83949
     -1.81451     -1.79019     -1.76652     -1.74346     -1.72100     -1.69911
     -1.67777     -1.65696     -1.63666     -1.61686     -1.59752     -1.57864
     -1.56021     -1.54219     -1.52459     -1.50739     -1.49057     -1.47412
     -1.45803     -1.44229     -1.42689     -1.41181     -1.39704
     -4.22440     -4.09491     -3.97312     -3.85837     -3.75006     -3.64766
     -3.55071     -3.45878     -3.37149     -3.28850     -3.20949     -3.13419
     -3.06234     -2.99372     -2.92810     -2.86527     -2.80505     -2.74729
     -2.69185     -2.63861     -2.58744     -2.53822     -2.49086     -2.44525
     -2.40129     -2.35890     -2.31799     -2.27847     -2.24028     -2.20334
     -2.16759     -2.13297     -2.09943     -2.06692     -2.03540     -2.00483
     -1.97517     -1.94640     -1.91848     -1.89136     -1.86503     -1.83942
     -1.81449     -1.79019     -1.76652     -1.74346     -1.72100     -1.69911
     -1.67777     -1.65696     -1.63666     -1.61686     -1.59752     -1.57864
     -1.56021     -1.54219     -1.52459     -1.50739     -1.49057     -1.47412
     -1.45803     -1.44229     -1.42689     -1.41181     -1.39704
     -4.22440     -4.09491     -3.97312     -3.85837     -3.75006     -3.64766
     -3.55071     -3.45878     -3.37149     -3.28850     -3.20949     -3.13419
     -3.06234     -2.99372     -2.92808     -2.86523     -2.80498     -2.74721
     -2.69177     -2.63853     -2.58737     -2.53818     -2.49086     -2.44529
     -2.40138     -2.35904     -2.31818     -2.27871     -2.24055     -2.20365
     -2.16791     -2.13330     -2.09974     -2.06720     -2.03563     -2.00500
     -1.97528     -1.94644     -1.91844     -1.89127     -1.86489     -1.83927
     -1.81436     -1.79013     -1.76651     -1.74346     -1.72100     -1.69911
     -1.67777     -1.65696     -1.63666     -1.61686     -1.59752     -1.57864
     -1.56021     -1.54219     -1.52459     -1.50739     -1.49057     -1.47412
     -1.45803     -1.44229     -1.42689     -1.41181     -1.39704
     -4.22440     -4.09491     -3.97312     -3.85837     -3.75006     -3.64766
     -3.55071     -3.45878     -3.37149     -3.28850     -3.20949     -3.13419
     -3.06234     -2.99371     -2.92804     -2.86516     -2.80491     -2.74713
     -2.69170     -2.63848     -2.58735     -2.53821     -2.49094     -2.44544
     -2.40161     -2.35935     -2.31858     -2.27919     -2.24112     -2.20427
     -2.16858     -2.13399     -2.10043     -2.06786     -2.03624     -2.00553
     -1.97571     -1.94676     -1.91865     -1.89137     -1.86489     -1.83919
     -1.81423     -1.78998     -1.76640     -1.74343     -1.72100     -1.69911
     -1.67777     -1.65696     -1.63666     -1.61686     -1.59752     -1.57864
     -1.56021     -1.54219     -1.52459     -1.50739     -1.49057     -1.47412
     -1.45803     -1.44229     -1.42689     -1.41181     -1.39704
     -4.22440     -4.09491     -3.97312     -3.85837     -3.75006     -3.64766
     -3.55071     -3.45878     -3.37149     -3.28850     -3.20949     -3.13419
     -3.06234     -2.99368     -2.92799     -2.86509     -2.80483     -2.74706
     -2.69164     -2.63846     -2.58739     -2.53832     -2.49114     -2.44575
     -2.40204     -2.35992     -2.31928     -2.28003     -2.24207     -2.20533
     -2.16972     -2.13518     -2.10164     -2.06905     -2.03737     -2.00657
     -1.97663     -1.94753     -1.91926     -1.89180     -1.86516     -1.83931
     -1.81423     -1.78989     -1.76626     -1.74329     -1.72093     -1.69911
     -1.67777     -1.65696     -1.63666     -1.61686     -1.59752     -1.57864
     -1.56021     -1.54219     -1.52459     -1.50739     -1.49057     -1.47412
     -1.45803     -1.44229     -1.42689     -1.41181     -1.39704
     -4.22440     -4.09491     -3.97312     -3.85837     -3.75006     -3.64766
     -3.55071     -3.45878     -3.37149     -3.28850     -3.20949     -3.13419
     -3.06233     -2.99364     -2.92793     -2.86502     -2.80476     -2.74701
     -2.69163     -2.63851     -2.58752     -2.53855     -2.49150     -2.44626
     -2.40273     -2.36079     -2.32034     -2.28128     -2.24351     -2.20693
     -2.17145     -2.13700     -2.10350     -2.07091     -2.03918     -2.00827
     -1.97818     -1.94890     -1.92041     -1.89273     -1.86586     -1.83978
     -1.81450     -1.78999     -1.76623     -1.74319     -1.72080     -1.69901
     -1.67776     -1.65696     -1.63666     -1.61686     -1.59752     -1.57864
     -1.56021     -1.54219     -1.52459     -1.50739     -1.49057     -1.47412
     -1.45803     -1.44229     -1.42689     -1.41181     -1.39704
     -4.22440     -4.09491     -3.97312     -3.85837     -3.75006     -3.64766
     -3.55071     -3.45878     -3.37149     -3.28850     -3.20949     -3.13419
     -3.06231     -2.99359     -2.92786     -2.86495     -2.80471     -2.74699
     -2.69166     -2.63862     -2.58774     -2.53892     -2.49204     -2.44700
     -2.40369     -2.36199     -2.32181     -2.28300     -2.24548     -2.20913
     -2.17384     -2.13953     -2.10612     -2.07355     -2.04177     -2.01076
     -1.98049     -1.95098     -1.92223     -1.89427     -1.86709     -1.84072
     -1.81515     -1.79039     -1.76643     -1.74321     -1.72072     -1.69889
     -1.67765     -1.65694     -1.63666     -1.61686     -1.59752     -1.57864
     -1.56021     -1.54219     -1.52459     -1.50739     -1.49057     -1.47412
     -1.45803     -1.44229     -1.42689     -1.41181     -1.39704
     -4.22440     -4.09491     -3.97312     -3.85837     -3.75006     -3.64766
     -3.55071     -3.45878     -3.37149     -3.28850     -3.20949     -3.13418
     -3.06227     -2.99354     -2.92780     -2.86490     -2.80468     -2.74700
     -2.69175     -2.63881     -2.58807     -2.53942     -2.49275     -2.44796
     -2.40493     -2.36354     -2.32368     -2.28520     -2.24800     -2.21194
     -2.17690     -2.14280     -2.10951     -2.07699     -2.04518     -2.01406
     -1.98360     -1.95384     -1.92478     -1.89646     -1.86892     -1.84218
     -1.81626     -1.79117     -1.76691     -1.74346     -1.72079     -1.69883
     -1.67754     -1.65684     -1.63664     -1.61686     -1.59752     -1.57864
     -1.56021     -1.54219     -1.52459     -1.50739     -1.49057     -1.47412
     -1.45803     -1.44229     -1.42689     -1.41181     -1.39704
     -4.22440     -4.09491     -3.97312     -3.85837     -3.75006     -3.64766
     -3.55071     -3.45878     -3.37149     -3.28850     -3.20949     -3.13417
     -3.06224     -2.99349     -2.92775     -2.86486     -2.80467     -2.74705
     -2.69189     -2.63907     -2.58849     -2.54004     -2.49362     -2.44911
     -2.40641     -2.36538     -2.32589     -2.28781     -2.25098     -2.21527
     -2.18054     -2.14668     -2.11357     -2.08113     -2.04931     -2.01808
     -1.98743     -1.95738     -1.92798     -1.89927     -1.87131     -1.84414
     -1.81780     -1.79232     -1.76771     -1.74396     -1.72104     -1.69891
     -1.67750     -1.65674     -1.63655     -1.61684     -1.59752     -1.57864
     -1.56021     -1.54219     -1.52459     -1.50739     -1.49057     -1.47412
     -1.45803     -1.44229     -1.42689     -1.41181     -1.39704
     -4.22440     -4.09491     -3.97312     -3.85837     -3.75006     -3.64766
     -3.55071     -3.45878     -3.37149     -3.28850     -3.20949     -3.13415
     -3.06220     -2.99345     -2.92771     -2.86484     -2.80468     -2.74713
     -2.69206     -2.63937     -2.58896     -2.54073     -2.49457     -2.45038
     -2.40802     -2.36738     -2.32830     -2.29064     -2.25423     -2.21891
     -2.18454     -2.15096     -2.11805     -2.08572     -2.05391     -2.02258
     -1.99174     -1.96141     -1.93165     -1.90253     -1.87411     -1.84648
     -1.81969     -1.79378     -1.76878     -1.74469     -1.72148     -1.69912
     -1.67755     -1.65669     -1.63647     -1.61677     -1.59752     -1.57864
     -1.56021     -1.54219     -1.52459     -1.50739     -1.49057     -1.47412
     -1.45803     -1.44229     -1.42689     -1.41181     -1.39704
     -4.22440     -4.09491     -3.97312     -3.85837     -3.75006     -3.64766
     -3.55071     -3.45878     -3.37149     -3.28850     -3.20949     -3.13414
     -3.06218     -2.99341     -2.92768     -2.86482     -2.80471     -2.74722
     -2.69224     -2.63968     -2.58944     -2.54142     -2.49552     -2.45163
     -2.40962     -2.36936     -2.33070     -2.29346     -2.25747     -2.22255
     -2.18854     -2.15525     -2.12256     -2.09035     -2.05856     -2.02716
     -1.99613     -1.96554     -1.93544     -1.90591     -1.87706     -1.84897
     -1.82173     -1.79539     -1.76999     -1.74555     -1.72204     -1.69944
     -1.67769     -1.65671     -1.63641     -1.61670     -1.59748     -1.57864
     -1.56021     -1.54219     -1.52459     -1.50739     -1.49057     -1.47412
     -1.45803     -1.44229     -1.42689     -1.41181     -1.39704
     -4.22440     -4.09491     -3.97312     -3.85837     -3.75006     -3.64766
     -3.55071     -3.45878     -3.37149     -3.28850     -3.20949     -3.13412
     -3.06216     -2.99339     -2.92766     -2.86482     -2.80474     -2.74731
     -2.69241     -2.63997     -2.58987     -2.54203     -2.49636     -2.45274
     -2.41104     -2.37112     -2.33283     -2.29597     -2.26036     -2.22580
     -2.19210     -2.15909     -2.12661     -2.09452     -2.06277     -2.03130
     -2.00013     -1.96931     -1.93890     -1.90903     -1.87979     -1.85129
     -1.82365     -1.79692     -1.77117     -1.74641     -1.72263     -1.69981
     -1.67788     -1.65677     -1.63639     -1.61665     -1.59744     -1.57864
     -1.56021     -1.54219     -1.52459     -1.50739     -1.49057     -1.47412
     -1.45803     -1.44229     -1.42689     -1.41181     -1.39704
     -4.22440     -4.09491     -3.97312     -3.85837     -3.75006     -3.64766
     -3.55071     -3.45878     -3.37149     -3.28850     -3.20949     -3.13412
     -3.06214     -2.99338     -2.92765     -2.86483     -2.80477     -2.74738
     -2.69254     -2.64017     -2.59019     -2.54249     -2.49699     -2.45357
     -2.41210     -2.37244     -2.33442     -2.29785     -2.26253     -2.22825
     -2.19481     -2.16201     -2.12968     -2.09771     -2.06598     -2.03448
     -2.00321     -1.97221     -1.94158     -1.91144     -1.88191     -1.85311
     -1.82516     -1.79814     -1.77210     -1.74710     -1.72311     -1.70012
     -1.67805     -1.65684     -1.63640     -1.61662     -1.59740     -1.57863
     -1.56021     -1.54219     -1.52459     -1.50739     -1.49057     -1.47412
     -1.45803     -1.44229     -1.42689     -1.41181     -1.39704
     -4.22440     -4.09491     -3.97312     -3.85837     -3.75006     -3.64766
     -3.55071     -3.45878     -3.37149     -3.28850     -3.20949     -3.13412
     -3.06214     -2.99337     -2.92765     -2.86483     -2.80478     -2.74741
     -2.69260     -2.64028     -2.59035     -2.54273     -2.49731     -2.45400
     -2.41266     -2.37314     -2.33527     -2.29886     -2.26370     -2.22958
     -2.19628     -2.16360     -2.13137     -2.09946     -2.06776     -2.03625
     -2.00491     -1.97383     -1.94308     -1.91280     -1.88311     -1.85413
     -1.82601     -1.79882     -1.77264     -1.74749     -1.72339     -1.70029
     -1.67815     -1.65689     -1.63641     -1.61661     -1.59738     -1.57862
     -1.56021     -1.54219     -1.52459     -1.50739     -1.49057     -1.47412
     -1.45803     -1.44229     -1.42689     -1.41181     -1.39704
     -4.22440     -4.09491     -3.97312     -3.85837     -3.75006     -3.64766
     -3.55071     -3.45878     -3.37149     -3.28850     -3.20949     -3.13412
     -3.06215     -2.99338     -2.92765     -2.86483     -2.80478     -2.74740
     -2.69259     -2.64026     -2.59033     -2.54270     -2.49729     -2.45398
     -2.41263     -2.37312     -2.33526     -2.29886     -2.26371     -2.22959
     -2.19631     -2.16364     -2.13143     -2.09952     -2.06783     -2.03633
     -2.00500     -1.97392     -1.94317     -1.91288     -1.88318     -1.85419
     -1.82605     -1.79885     -1.77266     -1.74751     -1.72339     -1.70029
     -1.67815     -1.65689     -1.63641     -1.61661     -1.59739     -1.57862
     -1.56021     -1.54219     -1.52459     -1.50739     -1.49057     -1.47412
     -1.45803     -1.44229     -1.42689     -1.41181     -1.39704
     -4.22440     -4.09491     -3.97312     -3.85837     -3.75006     -3.64766
     -3.55071     -3.45878     -3.37149     -3.28850     -3.20949     -3.13413
     -3.06216     -2.99339     -2.92766     -2.86482     -2.80476     -2.74735
     -2.69250     -2.64012     -2.59013     -2.54243     -2.49692     -2.45350
     -2.41203     -2.37238     -2.33438     -2.29783     -2.26254     -2.22829
     -2.19489     -2.16213     -2.12984     -2.09790     -2.06620     -2.03472
     -2.00346     -1.97247     -1.94183     -1.91167     -1.88211     -1.85328
     -1.82529     -1.79824     -1.77217     -1.74714     -1.72313     -1.70012
     -1.67805     -1.65684     -1.63640     -1.61663     -1.59741     -1.57863
     -1.56021     -1.54219     -1.52459     -1.50739     -1.49057     -1.47412
     -1.45803     -1.44229     -1.42689     -1.41181     -1.39704
     -4.22440     -4.09491     -3.97312     -3.85837     -3.75006     -3.64766
     -3.55071     -3.45878     -3.37149     -3.28850     -3.20949     -3.13415
     -3.06218     -2.99342     -2.92768     -2.86482     -2.80473     -2.74727
     -2.69236     -2.63989     -2.58978     -2.54194     -2.49626     -2.45263
     -2.41094     -2.37103     -2.33276     -2.29594     -2.26037     -2.22587
     -2.19223     -2.15928     -2.12685     -2.09481     -2.06311     -2.03168
     -2.00052     -1.96970     -1.93929     -1.90939     -1.88010     -1.85157
     -1.82386     -1.79708     -1.77128     -1.74647     -1.72266     -1.69981
     -1.67787     -1.65676     -1.63639     -1.61666     -1.59745     -1.57864
     -1.56021     -1.54219     -1.52459     -1.50739     -1.49057     -1.47412
     -1.45803     -1.44229     -1.42689     -1.41181     -1.39704
     -4.22440     -4.09491     -3.97312     -3.85837     -3.75006     -3.64766
     -3.55071     -3.45878     -3.37149     -3.28850     -3.20949     -3.13416
     -3.06221     -2.99345     -2.92770     -2.86483     -2.80470     -2.74718
     -2.69218     -2.63960     -2.58934     -2.54130     -2.49539     -2.45150
     -2.40950     -2.36925     -2.33062     -2.29342     -2.25749     -2.22263
     -2.18868     -2.15547     -2.12285     -2.09072     -2.05899     -2.02762
     -1.99663     -1.96604     -1.93592     -1.90637     -1.87747     -1.84932
     -1.82201     -1.79560     -1.77013     -1.74564     -1.72209     -1.69946
     -1.67769     -1.65671     -1.63641     -1.61671     -1.59749     -1.57864
     -1.56021     -1.54219     -1.52459     -1.50739     -1.49057     -1.47412
     -1.45803     -1.44229     -1.42689     -1.41181     -1.39704
     -4.22440     -4.09491     -3.97312     -3.85837     -3.75006     -3.64766
     -3.55071     -3.45878     -3.37149     -3.28850     -3.20949     -3.13418
     -3.06224     -2.99349     -2.92774     -2.86485     -2.80467     -2.74710
     -2.69201     -2.63929     -2.58886     -2.54061     -2.49444     -2.45024
     -2.40788     -2.36726     -2.32821     -2.29060     -2.25425     -2.21900
     -2.18470     -2.15120     -2.11838     -2.08612     -2.05437     -2.02310
     -1.99228     -1.96197     -1.93219     -1.90304     -1.87457     -1.84687
     -1.82001     -1.79402     -1.76895     -1.74479     -1.72154     -1.69914
     -1.67755     -1.65669     -1.63647     -1.61678     -1.59752     -1.57864
     -1.56021     -1.54219     -1.52459     -1.50739     -1.49057     -1.47412
     -1.45803     -1.44229     -1.42689     -1.41181     -1.39704
     -4.22440     -4.09491     -3.97312     -3.85837     -3.75006     -3.64766
     -3.55071     -3.45878     -3.37149     -3.28850     -3.20949     -3.13419
     -3.06227     -2.99353     -2.92778     -2.86488     -2.80467     -2.74703
     -2.69184     -2.63900     -2.58840     -2.53993     -2.49349     -2.44898
     -2.40628     -2.36526     -2.32580     -2.28776     -2.25099     -2.21535
     -2.18070     -2.14692     -2.11389     -2.08153     -2.04978     -2.01860
     -1.98798     -1.95795     -1.92854     -1.89980     -1.87178     -1.84454
     -1.81812     -1.79257     -1.76788     -1.74407     -1.72109     -1.69892
     -1.67750     -1.65674     -1.63655     -1.61684     -1.59752     -1.57864
     -1.56021     -1.54219     -1.52459     -1.50739     -1.49057     -1.47412
     -1.45803     -1.44229     -1.42689     -1.41181     -1.39704
     -4.22440     -4.09491     -3.97312     -3.85837     -3.75006     -3.64766
     -3.55071     -3.45878     -3.37149     -3.28850     -3.20949     -3.13419
     -3.06230     -2.99357     -2.92784     -2.86492     -2.80468     -2.74699
     -2.69172     -2.63876     -2.58800     -2.53932     -2.49264     -2.44784
     -2.40481     -2.36343     -2.32359     -2.28515     -2.24800     -2.21200
     -2.17704     -2.14300     -2.10981     -2.07736     -2.04562     -2.01454
     -1.98412     -1.95437     -1.92530     -1.89695     -1.86935     -1.84255
     -1.81655     -1.79139     -1.76706     -1.74354     -1.72082     -1.69884
     -1.67753     -1.65683     -1.63664     -1.61686     -1.59752     -1.57864
     -1.56021     -1.54219     -1.52459     -1.50739     -1.49057     -1.47412
     -1.45803     -1.44229     -1.42689     -1.41181     -1.39704
     -4.22440     -4.09491     -3.97312     -3.85837     -3.75006     -3.64766
     -3.55071     -3.45878     -3.37149     -3.28850     -3.20949     -3.13419
     -3.06232     -2.99362     -2.92789     -2.86498     -2.80472     -2.74699
     -2.69165     -2.63859     -2.58769     -2.53884     -2.49194     -2.44690
     -2.40358     -2.36189     -2.32172     -2.28294     -2.24547     -2.20916
     -2.17394     -2.13971     -2.10636     -2.07386     -2.04214     -2.01118
     -1.98094     -1.95144     -1.92268     -1.89468     -1.86745     -1.84102
     -1.81539     -1.79056     -1.76652     -1.74326     -1.72072     -1.69886
     -1.67762     -1.65692     -1.63666     -1.61686     -1.59752     -1.57864
     -1.56021     -1.54219     -1.52459     -1.50739     -1.49057     -1.47412
     -1.45803     -1.44229     -1.42689     -1.41181     -1.39704
     -4.22440     -4.09491     -3.97312     -3.85837     -3.75006     -3.64766
     -3.55071     -3.45878     -3.37149     -3.28850     -3.20949     -3.13419
     -3.06234     -2.99366     -2.92795     -2.86505     -2.80478     -2.74702
     -2.69163     -2.63849     -2.58748     -2.53850     -2.49143     -2.44618
     -2.40263     -2.36069     -2.32025     -2.28121     -2.24348     -2.20694
     -2.17152     -2.13712     -2.10369     -2.07115     -2.03947     -2.00860
     -1.97853     -1.94925     -1.92076     -1.89305     -1.86613     -1.84000
     -1.81465     -1.79008     -1.76627     -1.74318     -1.72076     -1.69897
     -1.67773     -1.65696     -1.63666     -1.61686     -1.59752     -1.57864
     -1.56021     -1.54219     -1.52459     -1.50739     -1.49057     -1.47412
     -1.45803     -1.44229     -1.42689     -1.41181     -1.39704
     -4.22440     -4.09491     -3.97312     -3.85837     -3.75006     -3.64766
     -3.55071     -3.45878     -3.37149     -3.28850     -3.20949     -3.13419
     -3.06234     -2.99370     -2.92801     -2.86512     -2.80485     -2.74708
     -2.69166     -2.63846     -2.58738     -2.53829     -2.49109     -2.44569
     -2.40196     -2.35984     -2.31920     -2.27996     -2.24203     -2.20532
     -2.16975     -2.13526     -2.10176     -2.06921     -2.03757     -2.00680
     -1.97687     -1.94778     -1.91949     -1.89201     -1.86532     -1.83942
     -1.81429     -1.78990     -1.76623     -1.74324     -1.72087     -1.69908
     -1.67777     -1.65696     -1.63666     -1.61686     -1.59752     -1.57864
     -1.56021     -1.54219     -1.52459     -1.50739     -1.49057     -1.47412
     -1.45803     -1.44229     -1.42689     -1.41181     -1.39704
     -4.22440     -4.09491     -3.97312     -3.85837     -3.75006     -3.64766
     -3.55071     -3.45878     -3.37149     -3.28850     -3.20949     -3.13419
     -3.06234     -2.99372     -2.92806     -2.86519     -2.80493     -2.74716
     -2.69172     -2.63849     -2.58735     -2.53819     -2.49091     -2.44540
     -2.40155     -2.35929     -2.31851     -2.27914     -2.24107     -2.20425
     -2.16859     -2.13402     -2.10050     -2.06795     -2.03636     -2.00567
     -1.97586     -1.94690     -1.91878     -1.89146     -1.86495     -1.83920
     -1.81421     -1.78993     -1.76633     -1.74337     -1.72098     -1.69911
     -1.67777     -1.65696     -1.63666     -1.61686     -1.59752     -1.57864
     -1.56021     -1.54219     -1.52459     -1.50739     -1.49057     -1.47412
     -1.45803     -1.44229     -1.42689     -1.41181     -1.39704
     -4.22440     -4.09491     -3.97312     -3.85837     -3.75006     -3.64766
     -3.55071     -3.45878     -3.37149     -3.28850     -3.20949     -3.13419
     -3.06234     -2.99372     -2.92809     -2.86524     -2.80501     -2.74724
     -2.69180     -2.63856     -2.58739     -2.53819     -2.49085     -2.44527
     -2.40135     -2.35900     -2.31813     -2.27866     -2.24051     -2.20362
     -2.16790     -2.13330     -2.09977     -2.06725     -2.03569     -2.00507
     -1.97534     -1.94649     -1.91848     -1.89128     -1.86487     -1.83922
     -1.81429     -1.79005     -1.76646     -1.74346     -1.72100     -1.69911
     -1.67777     -1.65696     -1.63666     -1.61686     -1.59752     -1.57864
     -1.56021     -1.54219     -1.52459     -1.50739     -1.49057     -1.47412
     -1.45803     -1.44229     -1.42689     -1.41181     -1.39704
     -4.22440     -4.09491     -3.97312     -3.85837     -3.75006     -3.64766
     -3.55071     -3.45878     -3.37149     -3.28850     -3.20949     -3.13419
     -3.06234     -2.99372     -2.92810     -2.86528     -2.80507     -2.74732
     -2.69189     -2.63865     -2.58747     -2.53825     -2.49088     -2.44526
     -2.40129     -2.35889     -2.31797     -2.27845     -2.24025     -2.20332
     -2.16757     -2.13296     -2.09943     -2.06693     -2.03541     -2.00484
     -1.97518     -1.94639     -1.91845     -1.89131     -1.86496     -1.83934
     -1.81443     -1.79017     -1.76652     -1.74346     -1.72100     -1.69911
     -1.67777     -1.65696     -1.63666     -1.61686     -1.59752     -1.57864
     -1.56021     -1.54219     -1.52459     -1.50739     -1.49057     -1.47412
     -1.45803     -1.44229     -1.42689     -1.41181     -1.39704
     -4.22440     -4.09491     -3.97312     -3.85837     -3.75006     -3.64766
     -3.55071     -3.45878     -3.37149     -3.28850     -3.20949     -3.13419
     -3.06234     -2.99372     -2.92810     -2.86530     -2.80512     -2.74739
     -2.69197     -2.63874     -2.58757     -2.53834     -2.49096     -2.44532
     -2.40133     -2.35890     -2.31795     -2.27841     -2.24019     -2.20324
     -2.16749     -2.13288     -2.09935     -2.06687     -2.03538     -2.00484
     -1.97522     -1.94647     -1.91856     -1.89145     -1.86510     -1.83946
     -1.81450     -1.79019     -1.76652     -1.74346     -1.72100     -1.69911
     -1.67777     -1.65696     -1.63666     -1.61686     -1.59752     -1.57864
     -1.56021     -1.54219     -1.52459     -1.50739     -1.49057     -1.47412
     -1.45803     -1.44229     -1.42689     -1.41181     -1.39704
     -4.22440     -4.09491     -3.97312     -3.85837     -3.75006     -3.64766
     -3.55071     -3.45878     -3.37149     -3.28850     -3.20949     -3.13419
     -3.06234     -2.99372     -2.92810     -2.86530     -2.80513     -2.74743
     -2.69203     -2.63882     -2.58766     -2.53844     -2.49106     -2.44542
     -2.40142     -2.35899     -2.31803     -2.27848     -2.24025     -2.20330
     -2.16754     -2.13294     -2.09942     -2.06695     -2.03548     -2.00496
     -1.97535     -1.94661     -1.91869     -1.89156     -1.86517     -1.83949
     -1.81451     -1.79019     -1.76652     -1.74346     -1.72100     -1.69911
     -1.67777     -1.65696     -1.63666     -1.61686     -1.59752     -1.57864
     -1.56021     -1.54219     -1.52459     -1.50739     -1.49057     -1.47412
     -1.45803     -1.44229     -1.42689     -1.41181     -1.39704
     -4.22440     -4.09491     -3.97312     -3.85837     -3.75006     -3.64766
     -3.55071     -3.45878     -3.37149     -3.28850     -3.20949     -3.13419
     -3.06234     -2.99372     -2.92810     -2.86530     -2.80513     -2.74744
     -2.69207     -2.63887     -2.58773     -2.53853     -2.49116     -2.44552
     -2.40153     -2.35910     -2.31814     -2.27859     -2.24037     -2.20341
     -2.16766     -2.13306     -2.09955     -2.06708     -2.03561     -2.00509
     -1.97547     -1.94670     -1.91875     -1.89158     -1.86517     -1.83949
     -1.81451     -1.79019     -1.76652     -1.74346     -1.72100     -1.69911
     -1.67777     -1.65696     -1.63666     -1.61686     -1.59752     -1.57864
     -1.56021     -1.54219     -1.52459     -1.50739     -1.49057     -1.47412
     -1.45803     -1.44229     -1.42689     -1.41181     -1.39704
     -4.22440     -4.09491     -3.97312     -3.85837     -3.75006     -3.64766
     -3.55071     -3.45878     -3.37149     -3.28850     -3.20949     -3.13419
     -3.06234     -2.99372     -2.92810     -2.86530     -2.80513     -2.74744
     -2.69208     -2.63890     -2.58777     -2.53859     -2.49123     -2.44561
     -2.40163     -2.35920     -2.31825     -2.27870     -2.24048     -2.20353
     -2.16778     -2.13317     -2.09966     -2.06718     -2.03570     -2.00515
     -1.97550     -1.94671     -1.91875     -1.89158     -1.86517     -1.83949
     -1.81451     -1.79019     -1.76652     -1.74346     -1.72100     -1.69911
     -1.67777     -1.65696     -1.63666     -1.61686     -1.59752     -1.57864
     -1.56021     -1.54219     -1.52459     -1.50739     -1.49057     -1.47412
     -1.45803     -1.44229     -1.42689     -1.41181     -1.39704
     -4.22440     -4.09491     -3.97312     -3.85837     -3.75006     -3.64766
     -3.55071     -3.45878     -3.37149     -3.28850     -3.20949     -3.13419
     -3.06234     -2.99372     -2.92810     -2.86530     -2.80513     -2.74744
     -2.69208     -2.63890     -2.58778     -2.53860     -2.49126     -2.44565
     -2.40168     -2.35926     -2.31832     -2.27877     -2.24055     -2.20360
     -2.16784     -2.13323     -2.09970     -2.06721     -2.03571     -2.00515
     -1.97550     -1.94671     -1.91875     -1.89158     -1.86517     -1.83949
     -1.81451     -1.79019     -1.76652     -1.74346     -1.72100     -1.69911
     -1.67777     -1.65696     -1.63666     -1.61686     -1.59752     -1.57864
     -1.56021     -1.54219     -1.52459     -1.50739     -1.49057     -1.47412
     -1.45803     -1.44229     -1.42689     -1.41181     -1.39704
     -4.22440     -4.09491     -3.97312     -3.85837     -3.75006     -3.64766
     -3.55071     -3.45878     -3.37149     -3.28850     -3.20949     -3.13419
     -3.06234     -2.99372     -2.92810     -2.86530     -2.80513     -2.74744
     -2.69208     -2.63890     -2.58778     -2.53860     -2.49126     -2.44565
     -2.40169     -2.35927     -2.31833     -2.27878     -2.24056     -2.20360
     -2.16785     -2.13323     -2.09970     -2.06721     -2.03571     -2.00515
     -1.97550     -1.94671     -1.91875     -1.89158     -1.86517     -1.83949
     -1.81451     -1.79019     -1.76652     -1.74346     -1.72100     -1.69911
     -1.67777     -1.65696     -1.63666     -1.61686     -1.59752     -1.57864
     -1.56021     -1.54219     -1.52459     -1.50739     -1.49057     -1.47412
     -1.45803     -1.44229     -1.42689     -1.41181     -1.39704
     -4.22440     -4.09491     -3.97312     -3.85837     -3.75006     -3.64766
     -3.55071     -3.45878     -3.37149     -3.28850     -3.20949     -3.13419
     -3.06234     -2.99372     -2.92810     -2.86530     -2.80513     -2.74744
     -2.69208     -2.63890     -2.58778     -2.53860     -2.49126     -2.44565
     -2.40169     -2.35927     -2.31833     -2.27878     -2.24056     -2.20360
     -2.16785     -2.13323     -2.09970     -2.06721     -2.03571     -2.00515
     -1.97550     -1.94671     -1.91875     -1.89158     -1.86517     -1.83949
     -1.81451     -1.79019     -1.76652     -1.74346     -1.72100     -1.69911
     -1.67777     -1.65696     -1.63666     -1.61686     -1.59752     -1.57864
     -1.56021     -1.54219     -1.52459     -1.50739     -1.49057     -1.47412
     -1.45803     -1.44229     -1.42689     -1.41181     -1.39704
     -4.22440     -4.09491     -3.97312     -3.85837     -3.75006     -3.64766
     -3.55071     -3.45878     -3.37149     -3.28850     -3.20949     -3.13419
     -3.06234     -2.99372     -2.92810     -2.86530     -2.80513     -2.74744
     -2.69208     -2.63890     -2.58778     -2.53860     -2.49126     -2.44565
     -2.40169     -2.35927     -2.31833     -2.27878     -2.24056     -2.20360
     -2.16785     -2.13323     -2.09970     -2.06721     -2.03571     -2.00515
     -1.97550     -1.94671     -1.91875     -1.89158     -1.86517     -1.83949
     -1.81451     -1.79019     -1.76652     -1.74346     -1.72100     -1.69911
     -1.67777     -1.65696     -1.63666     -1.61686     -1.59752     -1.57864
     -1.56021     -1.54219     -1.52459     -1.50739     -1.49057     -1.47412
     -1.45803     -1.44229     -1.42689     -1.41181     -1.39704
     -4.22440     -4.09491     -3.97312     -3.85837     -3.75006     -3.64766
     -3.55071     -3.45878     -3.37149     -3.28850     -3.20949     -3.13419
     -3.06234     -2.99372     -2.92810     -2.86530     -2.80513     -2.74744
     -2.69208     -2.63890     -2.58778     -2.53860     -2.49126     -2.44565
     -2.40169     -2.35927     -2.31833     -2.27878     -2.24056     -2.20360
     -2.16785     -2.13323     -2.09970     -2.06721     -2.03571     -2.00515
     -1.97550     -1.94671     -1.91875     -1.89158     -1.86517     -1.83949
     -1.81451     -1.79019     -1.76652     -1.74346     -1.72100     -1.69911
     -1.67777     -1.65696     -1.63666     -1.61686     -1.59752     -1.57864
     -1.56021     -1.54219     -1.52459     -1.50739     -1.49057     -1.47412
     -1.45803     -1.44229     -1.42689     -1.41181     -1.39704
     -4.22440     -4.09491     -3.97312     -3.85837     -3.75006     -3.64766
     -3.55071     -3.45878     -3.37149     -3.28850     -3.20949     -3.13419
     -3.06234     -2.99372     -2.92810     -2.86530     -2.80513     -2.74744
     -2.69208     -2.63890     -2.58778     -2.53860     -2.49126     -2.44565
     -2.40169     -2.35927     -2.31833     -2.27878     -2.24056     -2.20360
     -2.16785     -2.13323     -2.09970     -2.06721     -2.03571     -2.00515
     -1.97550     -1.94671     -1.91875     -1.89158     -1.86517     -1.83949
     -1.81451     -1.79019     -1.76652     -1.74346     -1.72100     -1.69911
     -1.67777     -1.65696     -1.63666     -1.61686     -1.59752     -1.57864
     -1.56021     -1.54219     -1.52459     -1.50739     -1.49057     -1.47412
     -1.45803     -1.44229     -1.42689     -1.41181     -1.39704
     -4.22440     -4.09491     -3.97312     -3.85837     -3.75006     -3.64766
     -3.55071     -3.45878     -3.37149     -3.28850     -3.20949     -3.13419
     -3.06234     -2.99372     -2.92810     -2.86530     -2.80513     -2.74744
     -2.69208     -2.63890     -2.58778     -2.53860     -2.49126     -2.44565
     -2.40169     -2.35927     -2.31833     -2.27878     -2.24056     -2.20360
     -2.16785     -2.13323     -2.09970     -2.06721     -2.03571     -2.00515
     -1.97550     -1.94671     -1.91875     -1.89158     -1.86517     -1.83949
     -1.81451     -1.79019     -1.76652     -1.74346     -1.72100     -1.69911
     -1.67777     -1.65696     -1.63666     -1.61686     -1.59752     -1.57864
     -1.56021     -1.54219     -1.52459     -1.50739     -1.49057     -1.47412
     -1.45803     -1.44229     -1.42689     -1.41181     -1.39704
     -4.22440     -4.09491     -3.97312     -3.85837     -3.75006     -3.64766
     -3.55071     -3.45878     -3.37149     -3.28850     -3.20949     -3.13419
     -3.06234     -2.99372     -2.92810     -2.86530     -2.80513     -2.74744
     -2.69208     -2.63890     -2.58778     -2.53860     -2.49126     -2.44565
     -2.40169     -2.35927     -2.31833     -2.27878     -2.24056     -2.20360
     -2.16785     -2.13323     -2.09970     -2.06721     -2.03571     -2.00515
     -1.97550     -1.94671     -1.91875     -1.89158     -1.86517     -1.83949
     -1.81451     -1.79019     -1.76652     -1.74346     -1.72100     -1.69911
     -1.67777     -1.65696     -1.63666     -1.61686     -1.59752     -1.57864
     -1.56021     -1.54219     -1.52459     -1.50739     -1.49057     -1.47412
     -1.45803     -1.44229     -1.42689     -1.41181     -1.39704
     -4.22440     -4.09491     -3.97312     -3.85837     -3.75006     -3.64766
     -3.55071     -3.45878     -3.37149     -3.28850     -3.20949     -3.13419
     -3.06234     -2.99372     -2.92810     -2.86530     -2.80513     -2.74744
     -2.69208     -2.63890     -2.58778     -2.53860     -2.49126     -2.44565
     -2.40169     -2.35927     -2.31833     -2.27878     -2.24056     -2.20360
     -2.16785     -2.13323     -2.09970     -2.06721     -2.03571     -2.00515
     -1.97550     -1.94671     -1.91875     -1.89158     -1.86517     -1.83949
     -1.81451     -1.79019     -1.76652     -1.74346     -1.72100     -1.69911
     -1.67777     -1.65696     -1.63666     -1.61686     -1.59752     -1.57864
     -1.56021     -1.54219     -1.52459     -1.50739     -1.49057     -1.47412
     -1.45803     -1.44229     -1.42689     -1.41181     -1.39704
     -4.22440     -4.09491     -3.97312     -3.85837     -3.75006     -3.64766
     -3.55071     -3.45878     -3.37149     -3.28850     -3.20949     -3.13419
     -3.06234     -2.99372     -2.92810     -2.86530     -2.80513     -2.74744
     -2.69208     -2.63890     -2.58778     -2.53860     -2.49126     -2.44565
     -2.40169     -2.35927     -2.31833     -2.27878     -2.24056     -2.20360
     -2.16785     -2.13323     -2.09970     -2.06721     -2.03571     -2.00515
     -1.97550     -1.94671     -1.91875     -1.89158     -1.86517     -1.83949
     -1.81451     -1.79019     -1.76652     -1.74346     -1.72100     -1.69911
     -1.67777     -1.65696     -1.63666     -1.61686     -1.59752     -1.57864
     -1.56021     -1.54219     -1.52459     -1.50739     -1.49057     -1.47412
     -1.45803     -1.44229     -1.42689     -1.41181     -1.39704
     -4.22440     -4.09491     -3.97312     -3.85837     -3.75006     -3.64766
     -3.55071     -3.45878     -3.37149     -3.28850     -3.20949     -3.13419
     -3.06234     -2.99372     -2.92810     -2.86530     -2.80513     -2.74744
     -2.69208     -2.63890     -2.58778     -2.53860     -2.49126     -2.44565
     -2.40169     -2.35927     -2.31833     -2.27878     -2.24056     -2.20360
     -2.16785     -2.13323     -2.09970     -2.06721     -2.03571     -2.00515
     -1.97550     -1.94671     -1.91875     -1.89158     -1.86517     -1.83949
     -1.81451     -1.79019     -1.76652     -1.74346     -1.72100     -1.69911
     -1.67777     -1.65696     -1.63666     -1.61686     -1.59752     -1.57864
     -1.56021     -1.54219     -1.52459     -1.50739     -1.49057     -1.47412
     -1.45803     -1.44229     -1.42689     -1.41181     -1.39704
     -4.22440     -4.09491     -3.97312     -3.85837     -3.75006     -3.64766
     -3.55071     -3.45878     -3.37149     -3.28850     -3.20949     -3.13419
     -3.06234     -2.99372     -2.92810     -2.86530     -2.80513     -2.74744
     -2.69208     -2.63890     -2.58778     -2.53860     -2.49126     -2.44565
     -2.40169     -2.35927     -2.31833     -2.27878     -2.24056     -2.20360
     -2.16785     -2.13323     -2.09970     -2.06721     -2.03571     -2.00515
     -1.97550     -1.94671     -1.91875     -1.89158     -1.86517     -1.83949
     -1.81451     -1.79019     -1.76652     -1.74346     -1.72100     -1.69911
     -1.67777     -1.65696     -1.63666     -1.61686     -1.59752     -1.57864
     -1.56021     -1.54219     -1.52459     -1.50739     -1.49057     -1.47412
     -1.45803     -1.44229     -1.42689     -1.41181     -1.39704
     -4.22440     -4.09491     -3.97312     -3.85837     -3.75006     -3.64766
     -3.55071     -3.45878     -3.37149     -3.28850     -3.20949     -3.13419
     -3.06234     -2.99372     -2.92810     -2.86530     -2.80513     -2.74744
     -2.69208     -2.63890     -2.58778     -2.53860     -2.49126     -2.44565
     -2.40169     -2.35927     -2.31833     -2.27878     -2.24056     -2.20360
     -2.16785     -2.13323     -2.09970     -2.06721     -2.03571     -2.00515
     -1.97550     -1.94671     -1.91875     -1.89158     -1.86517     -1.83949
     -1.81451     -1.79019     -1.76652     -1.74346     -1.72100     -1.69911
     -1.67777     -1.65696     -1.63666     -1.61686     -1.59752     -1.57864
     -1.56021     -1.54219     -1.52459     -1.50739     -1.49057     -1.47412
     -1.45803     -1.44229     -1.42689     -1.41181     -1.39704
     -4.22440     -4.09491     -3.97312     -3.85837     -3.75006     -3.64766
     -3.55071     -3.45878     -3.37149     -3.28850     -3.20949     -3.13419
     -3.06234     -2.99372     -2.92810     -2.86530     -2.80513     -2.74744
     -2.69208     -2.63890     -2.58778     -2.53860     -2.49126     -2.44565
     -2.40169     -2.35927     -2.31833     -2.27878     -2.24056     -2.20360
     -2.16785     -2.13323     -2.09970     -2.06721     -2.03571     -2.00515
     -1.97550     -1.94671     -1.91875     -1.89158     -1.86517     -1.83949
     -1.81451     -1.79019     -1.76652     -1.74346     -1.72100     -1.69911
     -1.67777     -1.65696     -1.63666     -1.61686     -1.59752     -1.57864
     -1.56021     -1.54219     -1.52459     -1.50739     -1.49057     -1.47412
     -1.45803     -1.44229     -1.42689     -1.41181     -1.39704
     -4.22440     -4.09491     -3.97312     -3.85837     -3.75006     -3.64766
     -3.55071     -3.45878     -3.37149     -3.28850     -3.20949     -3.13419
     -3.06234     -2.99372     -2.92810     -2.86530     -2.80513     -2.74744
     -2.69208     -2.63890     -2.58778     -2.53860     -2.49126     -2.44565
     -2.40169     -2.35927     -2.31833     -2.27878     -2.24056     -2.20360
     -2.16785     -2.13323     -2.09970     -2.06721     -2.03571     -2.00515
     -1.97550     -1.94671     -1.91875     -1.89158     -1.86517     -1.83949
     -1.81451     -1.79019     -1.76652     -1.74346     -1.72100     -1.69911
     -1.67777     -1.65696     -1.63666     -1.61686     -1.59752     -1.57864
     -1.56021     -1.54219     -1.52459     -1.50739     -1.49057     -1.47412
     -1.45803     -1.44229     -1.42689     -1.41181     -1.39704
