 &DNUBEAM_PROF
 T0_NUBEAM =    1.462000000000000     ,
 T1_NUBEAM =    1.476999985694885     ,
 NRHO_IN =          201,
 RHO_IN =    0.000000000000000     ,
            5.0000000000000001E-003,
            1.0000000000000000E-002,
            1.4999999999999999E-002,
            2.0000000000000000E-002,
            2.5000000000000001E-002,
            2.9999999999999999E-002,
            3.5000000000000003E-002,
            4.0000000000000001E-002,
            4.4999999999999998E-002,
            5.0000000000000003E-002,
            5.5000000000000000E-002,
            5.9999999999999998E-002,
            6.5000000000000002E-002,
            7.0000000000000007E-002,
            7.4999999999999997E-002,
            8.0000000000000002E-002,
            8.5000000000000006E-002,
            8.9999999999999997E-002,
            9.5000000000000001E-002,
            0.1000000000000000     ,
            0.1050000000000000     ,
            0.1100000000000000     ,
            0.1150000000000000     ,
            0.1200000000000000     ,
            0.1250000000000000     ,
            0.1300000000000000     ,
            0.1350000000000000     ,
            0.1400000000000000     ,
            0.1450000000000000     ,
            0.1500000000000000     ,
            0.1550000000000000     ,
            0.1600000000000000     ,
            0.1650000000000000     ,
            0.1700000000000000     ,
            0.1750000000000000     ,
            0.1800000000000000     ,
            0.1850000000000000     ,
            0.1900000000000000     ,
            0.1950000000000000     ,
            0.2000000000000000     ,
            0.2050000000000000     ,
            0.2100000000000000     ,
            0.2150000000000000     ,
            0.2200000000000000     ,
            0.2250000000000000     ,
            0.2300000000000000     ,
            0.2350000000000000     ,
            0.2400000000000000     ,
            0.2450000000000000     ,
            0.2500000000000000     ,
            0.2550000000000000     ,
            0.2600000000000000     ,
            0.2650000000000000     ,
            0.2700000000000000     ,
            0.2750000000000000     ,
            0.2800000000000000     ,
            0.2850000000000000     ,
            0.2900000000000000     ,
            0.2950000000000000     ,
            0.3000000000000000     ,
            0.3050000000000000     ,
            0.3100000000000000     ,
            0.3150000000000000     ,
            0.3200000000000000     ,
            0.3250000000000000     ,
            0.3300000000000000     ,
            0.3350000000000000     ,
            0.3400000000000000     ,
            0.3450000000000000     ,
            0.3500000000000000     ,
            0.3550000000000000     ,
            0.3600000000000000     ,
            0.3650000000000000     ,
            0.3700000000000000     ,
            0.3750000000000000     ,
            0.3800000000000000     ,
            0.3850000000000000     ,
            0.3900000000000000     ,
            0.3950000000000000     ,
            0.4000000000000000     ,
            0.4050000000000000     ,
            0.4100000000000000     ,
            0.4150000000000000     ,
            0.4200000000000000     ,
            0.4250000000000000     ,
            0.4300000000000000     ,
            0.4350000000000000     ,
            0.4400000000000000     ,
            0.4450000000000000     ,
            0.4500000000000000     ,
            0.4550000000000000     ,
            0.4600000000000000     ,
            0.4650000000000000     ,
            0.4700000000000000     ,
            0.4750000000000000     ,
            0.4800000000000000     ,
            0.4850000000000000     ,
            0.4900000000000000     ,
            0.4950000000000000     ,
            0.5000000000000000     ,
            0.5050000000000000     ,
            0.5100000000000000     ,
            0.5150000000000000     ,
            0.5200000000000000     ,
            0.5250000000000000     ,
            0.5300000000000000     ,
            0.5350000000000000     ,
            0.5400000000000000     ,
            0.5450000000000000     ,
            0.5500000000000000     ,
            0.5550000000000000     ,
            0.5600000000000001     ,
            0.5650000000000001     ,
            0.5700000000000001     ,
            0.5750000000000001     ,
            0.5800000000000000     ,
            0.5850000000000000     ,
            0.5900000000000000     ,
            0.5950000000000000     ,
            0.6000000000000000     ,
            0.6050000000000000     ,
            0.6100000000000000     ,
            0.6150000000000000     ,
            0.6200000000000000     ,
            0.6250000000000000     ,
            0.6300000000000000     ,
            0.6350000000000000     ,
            0.6400000000000000     ,
            0.6450000000000000     ,
            0.6500000000000000     ,
            0.6550000000000000     ,
            0.6600000000000000     ,
            0.6650000000000000     ,
            0.6700000000000000     ,
            0.6750000000000000     ,
            0.6800000000000000     ,
            0.6850000000000001     ,
            0.6900000000000001     ,
            0.6950000000000001     ,
            0.7000000000000001     ,
            0.7050000000000000     ,
            0.7100000000000000     ,
            0.7150000000000000     ,
            0.7200000000000000     ,
            0.7250000000000000     ,
            0.7300000000000000     ,
            0.7350000000000000     ,
            0.7400000000000000     ,
            0.7450000000000000     ,
            0.7500000000000000     ,
            0.7550000000000000     ,
            0.7600000000000000     ,
            0.7650000000000000     ,
            0.7700000000000000     ,
            0.7750000000000000     ,
            0.7800000000000000     ,
            0.7850000000000000     ,
            0.7900000000000000     ,
            0.7950000000000000     ,
            0.8000000000000000     ,
            0.8050000000000000     ,
            0.8100000000000001     ,
            0.8150000000000001     ,
            0.8200000000000001     ,
            0.8250000000000001     ,
            0.8300000000000001     ,
            0.8350000000000000     ,
            0.8400000000000000     ,
            0.8450000000000000     ,
            0.8500000000000000     ,
            0.8550000000000000     ,
            0.8600000000000000     ,
            0.8650000000000000     ,
            0.8700000000000000     ,
            0.8750000000000000     ,
            0.8800000000000000     ,
            0.8850000000000000     ,
            0.8900000000000000     ,
            0.8950000000000000     ,
            0.9000000000000000     ,
            0.9050000000000000     ,
            0.9100000000000000     ,
            0.9150000000000000     ,
            0.9200000000000000     ,
            0.9250000000000000     ,
            0.9300000000000000     ,
            0.9350000000000001     ,
            0.9400000000000001     ,
            0.9450000000000001     ,
            0.9500000000000001     ,
            0.9550000000000001     ,
            0.9600000000000000     ,
            0.9650000000000000     ,
            0.9700000000000000     ,
            0.9750000000000000     ,
            0.9800000000000000     ,
            0.9850000000000000     ,
            0.9900000000000000     ,
            0.9950000000000000     ,
             1.000000000000000     ,
 TE_IN =    1.790420000000000     ,
            1.790296239898392     ,
            1.789927473062379     ,
            1.789317469695177     ,
            1.788470000000000     ,
            1.787388508211254     ,
            1.786075134688103     ,
            1.784531693820900     ,
            1.782760000000000     ,
            1.780762071006591     ,
            1.778540738185208     ,
            1.776099036271221     ,
            1.773440000000000     ,
            1.770566645262381     ,
            1.767481912571063     ,
            1.764188723594214     ,
            1.760690000000000     ,
            1.756988535443887     ,
            1.753086611530539     ,
            1.748986381851922     ,
            1.744690000000000     ,
            1.740199837962074     ,
            1.735519141306782     ,
            1.730651373998100     ,
            1.725600000000000     ,
            1.720368206457819     ,
            1.714958073242333     ,
            1.709371403405681     ,
            1.703610000000000     ,
            1.697675929956652     ,
            1.691572315723887     ,
            1.685302543629179     ,
            1.678870000000000     ,
            1.672277917465574     ,
            1.665528913862119     ,
            1.658625453327605     ,
            1.651570000000000     ,
            1.644365056431053     ,
            1.637013278827637     ,
            1.629517361810402     ,
            1.621880000000000     ,
            1.614103888060213     ,
            1.606191720827335     ,
            1.598146193180789     ,
            1.589970000000000     ,
            1.581665797578096     ,
            1.573236087863025     ,
            1.564683334216442     ,
            1.556010000000000     ,
            1.547218702877404     ,
            1.538312677720565     ,
            1.529295313703444     ,
            1.520170000000000     ,
            1.510939859662286     ,
            1.501606951254713     ,
            1.492173067219784     ,
            1.482640000000000     ,
            1.473009827223452     ,
            1.463285767260582     ,
            1.453471323667421     ,
            1.443570000000000     ,
            1.433585050193906     ,
            1.423518729702958     ,
            1.413373044360530     ,
            1.403150000000000     ,
            1.392851847000924     ,
            1.382481813927587     ,
            1.372043373890457     ,
            1.361540000000000     ,
            1.350974905552399     ,
            1.340350264586694     ,
            1.329667991327642     ,
            1.318930000000000     ,
            1.308138374539483     ,
            1.297295877725639     ,
            1.286405442048975     ,
            1.275470000000000     ,
            1.264492533789671     ,
            1.253476224510752     ,
            1.242424302976457     ,
            1.231340000000000     ,
            1.220226334051833     ,
            1.209085474231355     ,
            1.197919377295199     ,
            1.186730000000000     ,
            1.175519473752996     ,
            1.164290628563830     ,
            1.153046469092750     ,
            1.141790000000000     ,
            1.130524208436184     ,
            1.119252011513326     ,
            1.107976308833804     ,
            1.096700000000000     ,
            1.085425880002269     ,
            1.074156325382868     ,
            1.062893608072034     ,
            1.051640000000000     ,
            1.040397896554742     ,
            1.029170186955201     ,
            1.017959883878059     ,
            1.006770000000000     ,
           0.9956034712787637     ,
           0.9844629267963272     ,
           0.9733509189157273     ,
           0.9622700000000000     ,
           0.9512227495802039     ,
           0.9402118558594900     ,
           0.9292400342090307     ,
           0.9183100000000002     ,
           0.9074244522754208     ,
           0.8965860247657135     ,
           0.8857973348731500     ,
           0.8750610000000000     ,
           0.8643796444431140     ,
           0.8537559200776562     ,
           0.8431924856733704     ,
           0.8326920000000000     ,
           0.8222570949521241     ,
           0.8118902949236622     ,
           0.8015940974333692     ,
           0.7913710000000000     ,
           0.7812235069983899     ,
           0.7711541502276953     ,
           0.7611654683431530     ,
           0.7512600000000003     ,
           0.7414402208043165     ,
           0.7317083541655570     ,
           0.7220665604440187     ,
           0.7125170000000000     ,
           0.7030618129093442     ,
           0.6937030581100773     ,
           0.6844427742557720     ,
           0.6752830000000000     ,
           0.6662256525583075     ,
           0.6572721633941340     ,
           0.6484238425328934     ,
           0.6396820000000002     ,
           0.6310477956074270     ,
           0.6225217883133874     ,
           0.6141043868626541     ,
           0.6057960000000000     ,
           0.5975967431369849     ,
           0.5895055583523165     ,
           0.5815210943914900     ,
           0.5736420000000000     ,
           0.5658664349696335     ,
           0.5581906032773462     ,
           0.5506102199463857     ,
           0.5431210000000000     ,
           0.5357178294844811     ,
           0.5283922785382985     ,
           0.5211350883229670     ,
           0.5139370000000000     ,
           0.5067874502174424     ,
           0.4996706575694597     ,
           0.4925695361367469     ,
           0.4854670000000001     ,
           0.4783439946457492     ,
           0.4711735911838634     ,
           0.4639268921300458     ,
           0.4565750000000000     ,
           0.4490865868245610     ,
           0.4414206026950875     ,
           0.4335335672180705     ,
           0.4253820000000000     ,
           0.4169205018060073     ,
           0.4080959980357864     ,
           0.3988534952476724     ,
           0.3891380000000000     ,
           0.3788960622014101     ,
           0.3680804051617664     ,
           0.3566452955412397     ,
           0.3445450000000000     ,
           0.3317426868883530     ,
           0.3182371313171480     ,
           0.3040360100873685     ,
           0.2891470000000003     ,
           0.2735939246201779     ,
           0.2574651945696427     ,
           0.2408653672342865     ,
           0.2238990000000000     ,
           0.2066821927559357     ,
           0.1893772154042814     ,
           0.1721578803504871     ,
           0.1551980000000004     ,
           0.1386678340435810     ,
           0.1227234313132320     ,
           0.1075172879262667     ,
           9.3201900000000004E-002,
           7.9909492944741728E-002,
           6.7691209342791436E-002,
           5.6577921069445439E-002,
           4.6600500000000218E-002,
           3.7792664489952242E-002,
           3.0199518815602490E-002,
           2.3869013733451263E-002,
           1.8849100000000001E-002,
           1.5123130657949390E-002,
           1.2416067894799222E-002,
           1.0388276184249553E-002,
           8.7001200000000004E-003,
 TI_IN =    1.818870000000000     ,
            1.818741331021492     ,
            1.818357716057311     ,
            1.817722743064475     ,
            1.816840000000000     ,
            1.815712870349558     ,
            1.814343919713445     ,
            1.812735509220608     ,
            1.810890000000000     ,
            1.808809843830275     ,
            1.806497855088911     ,
            1.803956938803092     ,
            1.801190000000000     ,
            1.798199941829342     ,
            1.794989659930911     ,
            1.791562048067025     ,
            1.787920000000000     ,
            1.784066326352358     ,
            1.780003505187445     ,
            1.775733931428809     ,
            1.771260000000000     ,
            1.766584284011225     ,
            1.761710069319310     ,
            1.756640819967741     ,
            1.751380000000000     ,
            1.745930912602743     ,
            1.740296217535314     ,
            1.734478413700228     ,
            1.728480000000000     ,
            1.722303471827803     ,
            1.715951310539434     ,
            1.709425993981348     ,
            1.702730000000000     ,
            1.695865981336046     ,
            1.688837290306950     ,
            1.681647454124379     ,
            1.674300000000000     ,
            1.666798227828014     ,
            1.659144528232766     ,
            1.651341064521135     ,
            1.643390000000000     ,
            1.635293607351897     ,
            1.627054596761985     ,
            1.618675787791081     ,
            1.610160000000000     ,
            1.601510155264399     ,
            1.592729584719293     ,
            1.583821721814542     ,
            1.574790000000000     ,
            1.565637646590508     ,
            1.556367064360840     ,
            1.546980449950752     ,
            1.537480000000000     ,
            1.527868008373567     ,
            1.518147157837344     ,
            1.508320228382449     ,
            1.498390000000000     ,
            1.488359382415224     ,
            1.478231804289784     ,
            1.468010824019452     ,
            1.457700000000000     ,
            1.447302586965537     ,
            1.436820625003520     ,
            1.426255850539743     ,
            1.415610000000000     ,
            1.404885113472629     ,
            1.394084445696137     ,
            1.383211555071577     ,
            1.372270000000000     ,
            1.361263209143949     ,
            1.350194092211932     ,
            1.339065429173949     ,
            1.327880000000000     ,
            1.316640487451575     ,
            1.305349185456134     ,
            1.294008290732625     ,
            1.282620000000000     ,
            1.271186716049750     ,
            1.259711665963533     ,
            1.248198282895550     ,
            1.236650000000000     ,
            1.225070148349426     ,
            1.213461650689735     ,
            1.201827327685176     ,
            1.190170000000000     ,
            1.178492378052548     ,
            1.166796731277529     ,
            1.155085218863746     ,
            1.143360000000000     ,
            1.131623464440384     ,
            1.119878924200150     ,
            1.108129921859841     ,
            1.096380000000000     ,
            1.084632514185917     ,
            1.072890071921871     ,
            1.061155093696890     ,
            1.049430000000000     ,
            1.037717260065948     ,
            1.026019538112364     ,
            1.014339547102598     ,
            1.002680000000000     ,
           0.9910436799252906     ,
           0.9794336506286717     ,
           0.9678530460177173     ,
           0.9563050000000000     ,
           0.9447925514828904     ,
           0.9333183593729492     ,
           0.9218849875765329     ,
           0.9104950000000003     ,
           0.8991510203931481     ,
           0.8878559118795328     ,
           0.8766125974261516     ,
           0.8654240000000000     ,
           0.8542930075695186     ,
           0.8432223681089203     ,
           0.8322147945938618     ,
           0.8212730000000000     ,
           0.8103997305787783     ,
           0.7995978656847867     ,
           0.7888703179484018     ,
           0.7782200000000000     ,
           0.7676497888653681     ,
           0.7571624191519328     ,
           0.7467605898625311     ,
           0.7364470000000002     ,
           0.7262243795847494     ,
           0.7160955827074823     ,
           0.7060634944764737     ,
           0.6961310000000001     ,
           0.6863009584206345     ,
           0.6765761250181390     ,
           0.6669592291065745     ,
           0.6574530000000000     ,
           0.6480601929827138     ,
           0.6387836672199622     ,
           0.6296263078472293     ,
           0.6205910000000002     ,
           0.6116805977735114     ,
           0.6028978311020133     ,
           0.5942453988795084     ,
           0.5857260000000000     ,
           0.5773423534232409     ,
           0.5690972583719852     ,
           0.5609935341347370     ,
           0.5530340000000000     ,
           0.5452214572835248     ,
           0.5375586354100458     ,
           0.5300482458315440     ,
           0.5226930000000000     ,
           0.5154955830676602     ,
           0.5084585749878315     ,
           0.5015845294140874     ,
           0.4948760000000000     ,
           0.4883355073208350     ,
           0.4819654396386281     ,
           0.4757681521371069     ,
           0.4697460000000001     ,
           0.4639012313989997     ,
           0.4582356664576567     ,
           0.4527510182874852     ,
           0.4474490000000000     ,
           0.4423310983331659     ,
           0.4373978945307458     ,
           0.4326497434629529     ,
           0.4280870000000000     ,
           0.4237095002683368     ,
           0.4195150054193600     ,
           0.4155007578607032     ,
           0.4116640000000000     ,
           0.4080008537184870     ,
           0.4045029587918139     ,
           0.4011608344692340     ,
           0.3979650000000000     ,
           0.3949034442327154     ,
           0.3919540344133843     ,
           0.3890921073873609     ,
           0.3862930000000001     ,
           0.3835271193506516     ,
           0.3807451535546493     ,
           0.3778928609813224     ,
           0.3749160000000000     ,
           0.3717503439896783     ,
           0.3682917263680187     ,
           0.3644259955623499     ,
           0.3600390000000001     ,
           0.3550045671906358     ,
           0.3491484409732761     ,
           0.3422843442692782     ,
           0.3342260000000000     ,
           0.3247875591227791     ,
           0.3137848847388772     ,
           0.3010342679855367     ,
           0.2863520000000004     ,
           0.2696286025682480     ,
           0.2510515200712158     ,
           0.2308824275385750     ,
           0.2093830000000000     ,
           0.1868158274792294     ,
           0.1634471599762616     ,
           0.1395441624851640     ,
           0.1153740000000000     ,
 NE_IN =   4.7224300000000000E+019,
           4.7220514317630513E+019,
           4.7209279847014711E+019,
           4.7190780452891550E+019,
           4.7165200000000000E+019,
           4.7132720089086386E+019,
           4.7093513264926450E+019,
           4.7047749808303292E+019,
           4.6995600000000000E+019,
           4.6937236576023937E+019,
           4.6872842093279494E+019,
           4.6802601563895300E+019,
           4.6726700000000000E+019,
           4.6645321106817860E+019,
           4.6558643361955586E+019,
           4.6466843936115524E+019,
           4.6370100000000000E+019,
           4.6268588371704635E+019,
           4.6162484458898162E+019,
           4.6051963316642611E+019,
           4.5937200000000000E+019,
           4.5818370718863606E+019,
           4.5695656302451761E+019,
           4.5569238734814020E+019,
           4.5439300000000000E+019,
           4.5306020940340937E+019,
           4.5169577831294812E+019,
           4.5030145806601282E+019,
           4.4887900000000000E+019,
           4.4743015832272650E+019,
           4.4595669872369000E+019,
           4.4446038976280855E+019,
           4.4294300000000000E+019,
           4.4140631355568480E+019,
           4.3985217679229207E+019,
           4.3828245163275330E+019,
           4.3669900000000000E+019,
           4.3510364995453444E+019,
           4.3349809410714198E+019,
           4.3188399120617841E+019,
           4.3026300000000000E+019,
           4.2863683662617731E+019,
           4.2700744677914018E+019,
           4.2537683354253287E+019,
           4.2374700000000000E+019,
           4.2211969104075620E+019,
           4.2049561877629739E+019,
           4.1887523712368992E+019,
           4.1725900000000000E+019,
           4.1564727421079798E+019,
           4.1404007811567026E+019,
           4.1243734296270742E+019,
           4.1083900000000000E+019,
           4.0924499336605213E+019,
           4.0765531876102169E+019,
           4.0606998477548044E+019,
           4.0448900000000000E+019,
           4.0291237732499382E+019,
           4.0134014684024308E+019,
           3.9977234293537079E+019,
           3.9820900000000000E+019,
           3.9665015358397268E+019,
           3.9509584387800621E+019,
           3.9354611223303660E+019,
           3.9200100000000000E+019,
           3.9046053958911549E+019,
           3.8892472764773245E+019,
           3.8739355188248322E+019,
           3.8586700000000000E+019,
           3.8434506305956553E+019,
           3.8282774553106424E+019,
           3.8131505523703071E+019,
           3.7980700000000000E+019,
           3.7830359879762239E+019,
           3.7680491522801082E+019,
           3.7531102404439392E+019,
           3.7382200000000000E+019,
           3.7233790112494486E+019,
           3.7085871855689236E+019,
           3.6938442671039365E+019,
           3.6791500000000000E+019,
           3.6645042170259837E+019,
           3.6499071054441984E+019,
           3.6353589411403133E+019,
           3.6208600000000000E+019,
           3.6064105268966171E+019,
           3.5920106426542842E+019,
           3.5776604370848092E+019,
           3.5633600000000000E+019,
           3.5491094566375469E+019,
           3.5349090739386647E+019,
           3.5207591542704501E+019,
           3.5066600000000000E+019,
           3.4926119590531953E+019,
           3.4786155615910572E+019,
           3.4646713833333899E+019,
           3.4507800000000000E+019,
           3.4369417696496718E+019,
           3.4231561796971078E+019,
           3.4094224998959899E+019,
           3.3957400000000000E+019,
           3.3821083060981178E+019,
           3.3685284696205124E+019,
           3.3550018983326507E+019,
           3.3415300000000000E+019,
           3.3281137559578575E+019,
           3.3147524418208432E+019,
           3.3014449067734069E+019,
           3.2881900000000004E+019,
           3.2749869825704526E+019,
           3.2618367630961156E+019,
           3.2487406620737217E+019,
           3.2357000000000000E+019,
           3.2227158137603330E+019,
           3.2097880057946939E+019,
           3.1969161949317087E+019,
           3.1841000000000000E+019,
           3.1713391373882175E+019,
           3.1586337137251086E+019,
           3.1459839331994452E+019,
           3.1333900000000000E+019,
           3.1208521679367971E+019,
           3.1083708893048717E+019,
           3.0959466660205101E+019,
           3.0835800000000004E+019,
           3.0712712533645935E+019,
           3.0590202290554053E+019,
           3.0468265902185136E+019,
           3.0346900000000000E+019,
           3.0226103186048295E+019,
           3.0105881944735097E+019,
           2.9986244731054354E+019,
           2.9867200000000000E+019,
           2.9748754409660903E+019,
           2.9630907430505574E+019,
           2.9513656736097456E+019,
           2.9397000000000004E+019,
           2.9280935425308119E+019,
           2.9165463333242626E+019,
           2.9050584574555820E+019,
           2.8936300000000000E+019,
           2.8822611701606638E+019,
           2.8709526736523932E+019,
           2.8597053403179258E+019,
           2.8485200000000000E+019,
           2.8373972455765340E+019,
           2.8263367220661662E+019,
           2.8153378375227150E+019,
           2.8044000000000000E+019,
           2.7935228162832011E+019,
           2.7827066880829428E+019,
           2.7719522158412141E+019,
           2.7612600000000000E+019,
           2.7506305517906633E+019,
           2.7400640256020619E+019,
           2.7295604866124296E+019,
           2.7191200000000004E+019,
           2.7087427890541470E+019,
           2.6984297095088095E+019,
           2.6881817752090673E+019,
           2.6780000000000000E+019,
           2.6678845419927495E+019,
           2.6578321363627008E+019,
           2.6478386625513021E+019,
           2.6379000000000000E+019,
           2.6280156054748557E+019,
           2.6181992450403869E+019,
           2.6084682620857242E+019,
           2.5988400000000000E+019,
           2.5893181923578282E+019,
           2.5798521334757523E+019,
           2.5703775078558007E+019,
           2.5608300000000000E+019,
           2.5511949063438328E+019,
           2.5416559710566044E+019,
           2.5324465502410732E+019,
           2.5238000000000000E+019,
           2.5157528072668402E+019,
           2.5075539822978318E+019,
           2.4982556661799076E+019,
           2.4869100000000000E+019,
           2.4731476145888063E+019,
           2.4589130997520699E+019,
           2.4467295350392988E+019,
           2.4391200000000000E+019,
           2.4346589218779361E+019,
           2.4161261186938896E+019,
           2.3623527561628963E+019,
           2.2521700000000000E+019,
           2.0716288853994492E+019,
           1.8356599254723711E+019,
           1.5664135028091075E+019,
           1.2860400000000063E+019,
           1.0152592240242665E+019,
           7.6906867941663119E+018,
           5.6103529510067251E+018,
           4.0472600000000000E+018,
           3.0872610912848558E+018,
           2.6169448186112461E+018,
           2.4730836366320292E+018,
           2.4924500000000000E+018,
 ZEFF_IN =    1.750000000000000     ,
              1.750000000000000     ,
              1.750000000000000     ,
              1.750000000000000     ,
              1.750000000000000     ,
              1.750000000000000     ,
              1.750000000000000     ,
              1.750000000000000     ,
              1.750000000000000     ,
              1.750000000000000     ,
              1.750000000000000     ,
              1.750000000000000     ,
              1.750000000000000     ,
              1.750000000000000     ,
              1.750000000000000     ,
              1.750000000000000     ,
              1.750000000000000     ,
              1.750000000000000     ,
              1.750000000000000     ,
              1.750000000000000     ,
              1.750000000000000     ,
              1.750000000000000     ,
              1.750000000000000     ,
              1.750000000000000     ,
              1.750000000000000     ,
              1.750000000000000     ,
              1.750000000000000     ,
              1.750000000000000     ,
              1.750000000000000     ,
              1.750000000000000     ,
              1.750000000000000     ,
              1.750000000000000     ,
              1.750000000000000     ,
              1.750000000000000     ,
              1.750000000000000     ,
              1.750000000000000     ,
              1.750000000000000     ,
              1.750000000000000     ,
              1.750000000000000     ,
              1.750000000000000     ,
              1.750000000000000     ,
              1.750000000000000     ,
              1.750000000000000     ,
              1.750000000000000     ,
              1.750000000000000     ,
              1.750000000000000     ,
              1.750000000000000     ,
              1.750000000000000     ,
              1.750000000000000     ,
              1.750000000000000     ,
              1.750000000000000     ,
              1.750000000000000     ,
              1.750000000000000     ,
              1.750000000000000     ,
              1.750000000000000     ,
              1.750000000000000     ,
              1.750000000000000     ,
              1.750000000000000     ,
              1.750000000000000     ,
              1.750000000000000     ,
              1.750000000000000     ,
              1.750000000000000     ,
              1.750000000000000     ,
              1.750000000000000     ,
              1.750000000000000     ,
              1.750000000000000     ,
              1.750000000000000     ,
              1.750000000000000     ,
              1.750000000000000     ,
              1.750000000000000     ,
              1.750000000000000     ,
              1.750000000000000     ,
              1.750000000000000     ,
              1.750000000000000     ,
              1.750000000000000     ,
              1.750000000000000     ,
              1.750000000000000     ,
              1.750000000000000     ,
              1.750000000000000     ,
              1.750000000000000     ,
              1.750000000000000     ,
              1.750000000000000     ,
              1.750000000000000     ,
              1.750000000000000     ,
              1.750000000000000     ,
              1.750000000000000     ,
              1.750000000000000     ,
              1.750000000000000     ,
              1.750000000000000     ,
              1.750000000000000     ,
              1.750000000000000     ,
              1.750000000000000     ,
              1.750000000000000     ,
              1.750000000000000     ,
              1.750000000000000     ,
              1.750000000000000     ,
              1.750000000000000     ,
              1.750000000000000     ,
              1.750000000000000     ,
              1.750000000000000     ,
              1.750000000000000     ,
              1.750000000000000     ,
              1.750000000000000     ,
              1.750000000000000     ,
              1.750000000000000     ,
              1.750000000000000     ,
              1.750000000000000     ,
              1.750000000000000     ,
              1.750000000000000     ,
              1.750000000000000     ,
              1.750000000000000     ,
              1.750000000000000     ,
              1.750000000000000     ,
              1.750000000000000     ,
              1.750000000000000     ,
              1.750000000000000     ,
              1.750000000000000     ,
              1.750000000000000     ,
              1.750000000000000     ,
              1.750000000000000     ,
              1.750000000000000     ,
              1.750000000000000     ,
              1.750000000000000     ,
              1.750000000000000     ,
              1.750000000000000     ,
              1.750000000000000     ,
              1.750000000000000     ,
              1.750000000000000     ,
              1.750000000000000     ,
              1.750000000000000     ,
              1.750000000000000     ,
              1.750000000000000     ,
              1.750000000000000     ,
              1.750000000000000     ,
              1.750000000000000     ,
              1.750000000000000     ,
              1.750000000000000     ,
              1.750000000000000     ,
              1.750000000000000     ,
              1.750000000000000     ,
              1.750000000000000     ,
              1.750000000000000     ,
              1.750000000000000     ,
              1.750000000000000     ,
              1.750000000000000     ,
              1.750000000000000     ,
              1.750000000000000     ,
              1.750000000000000     ,
              1.750000000000000     ,
              1.750000000000000     ,
              1.750000000000000     ,
              1.750000000000000     ,
              1.750000000000000     ,
              1.750000000000000     ,
              1.750000000000000     ,
              1.750000000000000     ,
              1.750000000000000     ,
              1.750000000000000     ,
              1.750000000000000     ,
              1.750000000000000     ,
              1.750000000000000     ,
              1.750000000000000     ,
              1.750000000000000     ,
              1.750000000000000     ,
              1.750000000000000     ,
              1.750000000000000     ,
              1.750000000000000     ,
              1.750000000000000     ,
              1.750000000000000     ,
              1.750000000000000     ,
              1.750000000000000     ,
              1.750000000000000     ,
              1.750000000000000     ,
              1.750000000000000     ,
              1.750000000000000     ,
              1.750000000000000     ,
              1.750000000000000     ,
              1.750000000000000     ,
              1.750000000000000     ,
              1.750000000000000     ,
              1.750000000000000     ,
              1.750000000000000     ,
              1.750000000000000     ,
              1.750000000000000     ,
              1.750000000000000     ,
              1.750000000000000     ,
              1.750000000000000     ,
              1.750000000000000     ,
              1.750000000000000     ,
              1.750000000000000     ,
              1.750000000000000     ,
              1.750000000000000     ,
              1.750000000000000     ,
              1.750000000000000     ,
              1.750000000000000     ,
              1.750000000000000     ,
              1.750000000000000     ,
              1.750000000000000     ,
              1.750000000000000     ,
              1.750000000000000     ,
              1.750000000000000     ,
 OMEGA_IN =    0.000000000000000     ,
               0.000000000000000     ,
               0.000000000000000     ,
               0.000000000000000     ,
               0.000000000000000     ,
               0.000000000000000     ,
               0.000000000000000     ,
               0.000000000000000     ,
               0.000000000000000     ,
               0.000000000000000     ,
               0.000000000000000     ,
               0.000000000000000     ,
               0.000000000000000     ,
               0.000000000000000     ,
               0.000000000000000     ,
               0.000000000000000     ,
               0.000000000000000     ,
               0.000000000000000     ,
               0.000000000000000     ,
               0.000000000000000     ,
               0.000000000000000     ,
               0.000000000000000     ,
               0.000000000000000     ,
               0.000000000000000     ,
               0.000000000000000     ,
               0.000000000000000     ,
               0.000000000000000     ,
               0.000000000000000     ,
               0.000000000000000     ,
               0.000000000000000     ,
               0.000000000000000     ,
               0.000000000000000     ,
               0.000000000000000     ,
               0.000000000000000     ,
               0.000000000000000     ,
               0.000000000000000     ,
               0.000000000000000     ,
               0.000000000000000     ,
               0.000000000000000     ,
               0.000000000000000     ,
               0.000000000000000     ,
               0.000000000000000     ,
               0.000000000000000     ,
               0.000000000000000     ,
               0.000000000000000     ,
               0.000000000000000     ,
               0.000000000000000     ,
               0.000000000000000     ,
               0.000000000000000     ,
               0.000000000000000     ,
               0.000000000000000     ,
               0.000000000000000     ,
               0.000000000000000     ,
               0.000000000000000     ,
               0.000000000000000     ,
               0.000000000000000     ,
               0.000000000000000     ,
               0.000000000000000     ,
               0.000000000000000     ,
               0.000000000000000     ,
               0.000000000000000     ,
               0.000000000000000     ,
               0.000000000000000     ,
               0.000000000000000     ,
               0.000000000000000     ,
               0.000000000000000     ,
               0.000000000000000     ,
               0.000000000000000     ,
               0.000000000000000     ,
               0.000000000000000     ,
               0.000000000000000     ,
               0.000000000000000     ,
               0.000000000000000     ,
               0.000000000000000     ,
               0.000000000000000     ,
               0.000000000000000     ,
               0.000000000000000     ,
               0.000000000000000     ,
               0.000000000000000     ,
               0.000000000000000     ,
               0.000000000000000     ,
               0.000000000000000     ,
               0.000000000000000     ,
               0.000000000000000     ,
               0.000000000000000     ,
               0.000000000000000     ,
               0.000000000000000     ,
               0.000000000000000     ,
               0.000000000000000     ,
               0.000000000000000     ,
               0.000000000000000     ,
               0.000000000000000     ,
               0.000000000000000     ,
               0.000000000000000     ,
               0.000000000000000     ,
               0.000000000000000     ,
               0.000000000000000     ,
               0.000000000000000     ,
               0.000000000000000     ,
               0.000000000000000     ,
               0.000000000000000     ,
               0.000000000000000     ,
               0.000000000000000     ,
               0.000000000000000     ,
               0.000000000000000     ,
               0.000000000000000     ,
               0.000000000000000     ,
               0.000000000000000     ,
               0.000000000000000     ,
               0.000000000000000     ,
               0.000000000000000     ,
               0.000000000000000     ,
               0.000000000000000     ,
               0.000000000000000     ,
               0.000000000000000     ,
               0.000000000000000     ,
               0.000000000000000     ,
               0.000000000000000     ,
               0.000000000000000     ,
               0.000000000000000     ,
               0.000000000000000     ,
               0.000000000000000     ,
               0.000000000000000     ,
               0.000000000000000     ,
               0.000000000000000     ,
               0.000000000000000     ,
               0.000000000000000     ,
               0.000000000000000     ,
               0.000000000000000     ,
               0.000000000000000     ,
               0.000000000000000     ,
               0.000000000000000     ,
               0.000000000000000     ,
               0.000000000000000     ,
               0.000000000000000     ,
               0.000000000000000     ,
               0.000000000000000     ,
               0.000000000000000     ,
               0.000000000000000     ,
               0.000000000000000     ,
               0.000000000000000     ,
               0.000000000000000     ,
               0.000000000000000     ,
               0.000000000000000     ,
               0.000000000000000     ,
               0.000000000000000     ,
               0.000000000000000     ,
               0.000000000000000     ,
               0.000000000000000     ,
               0.000000000000000     ,
               0.000000000000000     ,
               0.000000000000000     ,
               0.000000000000000     ,
               0.000000000000000     ,
               0.000000000000000     ,
               0.000000000000000     ,
               0.000000000000000     ,
               0.000000000000000     ,
               0.000000000000000     ,
               0.000000000000000     ,
               0.000000000000000     ,
               0.000000000000000     ,
               0.000000000000000     ,
               0.000000000000000     ,
               0.000000000000000     ,
               0.000000000000000     ,
               0.000000000000000     ,
               0.000000000000000     ,
               0.000000000000000     ,
               0.000000000000000     ,
               0.000000000000000     ,
               0.000000000000000     ,
               0.000000000000000     ,
               0.000000000000000     ,
               0.000000000000000     ,
               0.000000000000000     ,
               0.000000000000000     ,
               0.000000000000000     ,
               0.000000000000000     ,
               0.000000000000000     ,
               0.000000000000000     ,
               0.000000000000000     ,
               0.000000000000000     ,
               0.000000000000000     ,
               0.000000000000000     ,
               0.000000000000000     ,
               0.000000000000000     ,
               0.000000000000000     ,
               0.000000000000000     ,
               0.000000000000000     ,
               0.000000000000000     ,
               0.000000000000000     ,
               0.000000000000000     ,
               0.000000000000000     ,
               0.000000000000000     ,
               0.000000000000000     ,
               0.000000000000000     ,
               0.000000000000000     ,
               0.000000000000000     ,
               0.000000000000000     ,
               0.000000000000000     ,
 VLOOP_IN =   0.5309187857768001     ,
              0.5310032014332483     ,
              0.5314584409470638     ,
              0.5333533318231698     ,
              0.5380361044789589     ,
              0.5463305738736377     ,
              0.5580571757568679     ,
              0.5721513363841283     ,
              0.5869859606514966     ,
              0.6007611222916313     ,
              0.6122965242152867     ,
              0.6216638181448032     ,
              0.6298283335179562     ,
              0.6378753517419413     ,
              0.6463465208686117     ,
              0.6550521237310108     ,
              0.6635682318209785     ,
              0.6717244443884005     ,
              0.6796195612522948     ,
              0.6873771628222499     ,
              0.6950095802075722     ,
              0.7024680824465825     ,
              0.7097464905672118     ,
              0.7169787912526998     ,
              0.7242549765578492     ,
              0.7313205236609895     ,
              0.7379919497651020     ,
              0.7444356432492356     ,
              0.7507633969759711     ,
              0.7570219054335185     ,
              0.7632693518276892     ,
              0.7694236991829584     ,
              0.7753677349616911     ,
              0.7810910133281000     ,
              0.7866973095230618     ,
              0.7923655197440207     ,
              0.7979362808222433     ,
              0.8032116099791982     ,
              0.8083124137341761     ,
              0.8133187575826244     ,
              0.8182406270359373     ,
              0.8230311121622252     ,
              0.8276077755886269     ,
              0.8321085735981298     ,
              0.8366395363113607     ,
              0.8409535760739569     ,
              0.8449637269230419     ,
              0.8488873762012459     ,
              0.8528230088019801     ,
              0.8566274322773645     ,
              0.8601962141411258     ,
              0.8635545367068265     ,
              0.8667203497075817     ,
              0.8697054205240334     ,
              0.8725992495278585     ,
              0.8754596445210914     ,
              0.8782013064619690     ,
              0.8807164489204929     ,
              0.8830158045561614     ,
              0.8852206318518304     ,
              0.8873629803482155     ,
              0.8893466274158346     ,
              0.8911088325148616     ,
              0.8926403436842871     ,
              0.8939869616147120     ,
              0.8952733621934983     ,
              0.8965077878816070     ,
              0.8975487228878158     ,
              0.8983254942548018     ,
              0.8989488439392715     ,
              0.8995413312091721     ,
              0.9000133891722508     ,
              0.9002308615092107     ,
              0.9002758617621587     ,
              0.9002876561002423     ,
              0.9001853914790672     ,
              0.8998485775543934     ,
              0.8993732492028630     ,
              0.8988585559190346     ,
              0.8981862345616596     ,
              0.8973130381892801     ,
              0.8963765623955453     ,
              0.8953665748117351     ,
              0.8941579480616837     ,
              0.8928232119600085     ,
              0.8914700931392432     ,
              0.8899769124462774     ,
              0.8883207327934582     ,
              0.8866297232251755     ,
              0.8848594201367145     ,
              0.8829408683212780     ,
              0.8809651696839852     ,
              0.8789581298798281     ,
              0.8768158661892308     ,
              0.8745855517085994     ,
              0.8723660297508518     ,
              0.8700667133630107     ,
              0.8676609665327795     ,
              0.8652533394137402     ,
              0.8628304631709164     ,
              0.8603183509617603     ,
              0.8577745626220872     ,
              0.8552635264147191     ,
              0.8527166129002783     ,
              0.8501161221601548     ,
              0.8475482810440762     ,
              0.8450219066456141     ,
              0.8424675133888684     ,
              0.8398950320666280     ,
              0.8373858714802352     ,
              0.8349446837791918     ,
              0.8325093859352082     ,
              0.8300892119358102     ,
              0.8277579665822471     ,
              0.8255293040732575     ,
              0.8233569266099509     ,
              0.8212246520411622     ,
              0.8191717795086417     ,
              0.8172519774412828     ,
              0.8154634447172671     ,
              0.8137717654314012     ,
              0.8121741047256987     ,
              0.8106906254854459     ,
              0.8093633544590420     ,
              0.8082212644533572     ,
              0.8072426598634110     ,
              0.8064125844821705     ,
              0.8057414337655693     ,
              0.8052398453510407     ,
              0.8049198727877135     ,
              0.8048010616219653     ,
              0.8049107146548594     ,
              0.8052578160268454     ,
              0.8058311439113341     ,
              0.8066298662366863     ,
              0.8076644552334510     ,
              0.8089445416181035     ,
              0.8104778487423668     ,
              0.8122718290777314     ,
              0.8143363006816037     ,
              0.8166813666233453     ,
              0.8193145050943325     ,
              0.8222431597620332     ,
              0.8254764714048841     ,
              0.8290222208710462     ,
              0.8328834861608431     ,
              0.8370654503798334     ,
              0.8415802453214359     ,
              0.8464396535312469     ,
              0.8516488467823614     ,
              0.8572148973708998     ,
              0.8631559945730131     ,
              0.8694988554830444     ,
              0.8762595077037304     ,
              0.8834427266170687     ,
              0.8910668083586872     ,
              0.8991603037005709     ,
              0.9077391364753409     ,
              0.9168324684439243     ,
              0.9265138907063364     ,
              0.9368581280402587     ,
              0.9478938122615082     ,
              0.9596625534350763     ,
              0.9722808207583782     ,
              0.9859046460114012     ,
               1.000671750125927     ,
               1.016724432980684     ,
               1.034279589588055     ,
               1.053614729803307     ,
               1.075000573662376     ,
               1.098756830651320     ,
               1.125351014314711     ,
               1.155423977947813     ,
               1.189978039701920     ,
               1.230167342731087     ,
               1.277097302263893     ,
               1.332079228981646     ,
               1.396580297911000     ,
               1.472746648958427     ,
               1.563989404128310     ,
               1.675437929111026     ,
               1.815200992179568     ,
               1.993611410094539     ,
               2.220635184898941     ,
               2.507531946330720     ,
               2.863132016144635     ,
               3.306751653389545     ,
               3.882568091028556     ,
               4.659477744899005     ,
               5.753116251771273     ,
               7.326889087898826     ,
               9.604320602162625     ,
               12.92871953902299     ,
               17.81930139595152     ,
               25.06061379299323     ,
               35.70228887368508     ,
               50.70161971664665     ,
               70.27064649763442     ,
               93.55146039651319     ,
               120.1475455669151     ,
               148.5467860478955     ,
 N0W_IN =    1023196443089.195     ,
             1020487856073.412     ,
             1018962737210.591     ,
             1019125025643.508     ,
             1020650909276.316     ,
             1023168469204.890     ,
             1026330239100.269     ,
             1030021808582.073     ,
             1034260086281.476     ,
             1039064468515.480     ,
             1044455503082.623     ,
             1050454981270.342     ,
             1057081938252.387     ,
             1064340544412.450     ,
             1072231905129.960     ,
             1080757929337.425     ,
             1089921299324.541     ,
             1099725442138.840     ,
             1110174502383.845     ,
             1121273352473.891     ,
             1133029000796.807     ,
             1145451118104.603     ,
             1158550293310.537     ,
             1172337903061.937     ,
             1186826111461.843     ,
             1202027870732.056     ,
             1217956922742.602     ,
             1234627801334.347     ,
             1252055835347.799     ,
             1270257001483.440     ,
             1289247541076.687     ,
             1309044344663.672     ,
             1329665061564.697     ,
             1351128100131.152     ,
             1373452628035.860     ,
             1396658572516.226     ,
             1420766620477.873     ,
             1445798218364.593     ,
             1471775571698.244     ,
             1498721646882.145     ,
             1526661093000.683     ,
             1555621694750.148     ,
             1585632597751.025     ,
             1616724001374.881     ,
             1648927180474.328     ,
             1682274507451.476     ,
             1716799474618.720     ,
             1752536716802.898     ,
             1789522034140.548     ,
             1827792415008.656     ,
             1867386059031.651     ,
             1908342400101.441     ,
             1950702724396.434     ,
             1994512224298.476     ,
             2039818381959.661     ,
             2086670384899.574     ,
             2135119179651.364     ,
             2185217526934.381     ,
             2237020058364.797     ,
             2290583334717.915     ,
             2345965905754.376     ,
             2403228371620.589     ,
             2462433445831.646     ,
             2523646019842.934     ,
             2586933229214.063     ,
             2652364783157.024     ,
             2720015119392.083     ,
             2789962614071.425     ,
             2862288594796.476     ,
             2937077440582.244     ,
             3014416694927.163     ,
             3094397182969.814     ,
             3177113132864.833     ,
             3262662301513.774     ,
             3351146104790.087     ,
             3442669752400.726     ,
             3537342387530.305     ,
             3635277231417.220     ,
             3736591733014.487     ,
             3841407995083.870     ,
             3949855036531.320     ,
             4062068089119.029     ,
             4178187737364.964     ,
             4298360127795.270     ,
             4422737195416.027     ,
             4551476899558.728     ,
             4684743469486.097     ,
             4822707660161.128     ,
             4965547018598.099     ,
             5113446161231.159     ,
             5266597062754.107     ,
             5425199356902.628     ,
             5589460649669.524     ,
             5759596879528.222     ,
             5935835227352.790     ,
             6118416666929.878     ,
             6307592877910.172     ,
             6503626326802.243     ,
             6706790759169.498     ,
             6917371715519.049     ,
             7135667072077.363     ,
             7361987607710.129     ,
             7596657598310.144     ,
             7840015440046.754     ,
             8092414302944.097     ,
             8354222816332.958     ,
             8625825787803.308     ,
             8907624957370.594     ,
             9200040185890.877     ,
             9503514258292.938     ,
             9818512684859.939     ,
             10145522397477.97     ,
             10485052775631.01     ,
             10837636761044.98     ,
             11203832031397.74     ,
             11584222236411.47     ,
             11979418299840.40     ,
             12390059791075.96     ,
             12816816370310.90     ,
             13260389311442.05     ,
             13721513107138.13     ,
             14200957160767.61     ,
             14699527725370.58     ,
             15218091318092.12     ,
             15757602980347.43     ,
             16319075739460.27     ,
             16903579071728.36     ,
             17512242400646.12     ,
             18146258833276.52     ,
             18806889152387.95     ,
             19495466083370.27     ,
             20213398856467.11     ,
             20962178086508.94     ,
             21743380994121.60     ,
             22558676994334.65     ,
             23409833680620.95     ,
             24298723341687.08     ,
             25227343459231.89     ,
             26197840292716.11     ,
             27212496842486.27     ,
             28273739258866.54     ,
             29384146836959.49     ,
             30546462779034.54     ,
             31763605788545.15     ,
             33038682565571.54     ,
             34375001279778.44     ,
             35776086103885.13     ,
             37245692898223.39     ,
             38787826145266.91     ,
             40406757245188.31     ,
             42107571409877.26     ,
             43897830826698.65     ,
             45786399983914.96     ,
             47783109211907.59     ,
             49898866812117.03     ,
             52145787438392.84     ,
             54537339285570.27     ,
             57088513070639.64     ,
             59816016303691.06     ,
             62738496955332.13     ,
             65876801354386.50     ,
             69254272018652.04     ,
             72897107971387.95     ,
             76834862417868.77     ,
             81100868385036.53     ,
             85732747013095.77     ,
             90773045230609.48     ,
             96269980961225.97     ,
             102278315614885.3     ,
             108860377762493.3     ,
             116087266801521.9     ,
             124040271419724.7     ,
             132812545015668.5     ,
             142534904241437.2     ,
             153480286449901.9     ,
             166025167448656.9     ,
             180644997075153.3     ,
             197947209246994.1     ,
             218718252267650.6     ,
             243990914249526.1     ,
             275141482144255.8     ,
             314031425951128.3     ,
             363175845927927.2     ,
             425369267093139.5     ,
             503682623236714.8     ,
             601883393117302.5     ,
             724527813556051.1     ,
             877016569632488.3     ,
             1065597640362564.     ,
             1297280991150301.     ,
             1578630557567247.     ,
             1910614541474712.     ,
             2287017746156136.     ,
             2692325740421657.     ,
             3099595353012712.     ,
             3470421688710480.     ,
             3776028810374941.     ,
             4024333731861906.     ,
             4238170886818181.     ,
             4448122166653677.     ,
             4669540979842240.     ,
 N0V_IN =    320124432956.8154     ,
             318891209816.3922     ,
             317986082754.1490     ,
             317529743139.5036     ,
             317394724425.0049     ,
             317439399271.3622     ,
             317531717820.8284     ,
             317627417151.0580     ,
             317731231424.8997     ,
             317848435469.4074     ,
             317984313216.9766     ,
             318144160366.4952     ,
             318332180646.3913     ,
             318548244335.9775     ,
             318791160471.8634     ,
             319059741292.4567     ,
             319352801234.4826     ,
             319669155976.0590     ,
             320007621525.8197     ,
             320367031110.4158     ,
             320746928956.4856     ,
             321147799758.3901     ,
             321570198445.1469     ,
             322014686719.0811     ,
             322481833407.8640     ,
             322972214827.8090     ,
             323486415158.7598     ,
             324025026830.8975     ,
             324588650920.0952     ,
             325177860106.5413     ,
             325793106527.5887     ,
             326434822833.0715     ,
             327103450341.8852     ,
             327799439338.7726     ,
             328523249379.1829     ,
             329275349602.4713     ,
             330056219053.7481     ,
             330866347014.6696     ,
             331706233343.4931     ,
             332576388814.0632     ,
             333477331877.4009     ,
             334409583736.3058     ,
             335373676147.7188     ,
             336370153122.1708     ,
             337399571312.8807     ,
             338462500416.2135     ,
             339559523583.9193     ,
             340691237847.5653     ,
             341858254555.6077     ,
             343061199823.5693     ,
             344300714997.7841     ,
             345577457133.2188     ,
             346892077842.3712     ,
             348245153232.4324     ,
             349637250433.5983     ,
             351068951985.9853     ,
             352540856233.1721     ,
             354053577727.5201     ,
             355607747647.8017     ,
             357204014229.5544     ,
             358843043208.5822     ,
             360525518278.0304     ,
             362252141559.5002     ,
             364023634088.6592     ,
             365840736315.8486     ,
             367704208726.6749     ,
             369614833179.8201     ,
             371573413034.3948     ,
             373580773263.5936     ,
             375637761036.4412     ,
             377745246321.6317     ,
             379904122510.3508     ,
             382115307058.7428     ,
             384379742150.6880     ,
             386698395381.5904     ,
             389072260463.9028     ,
             391502357955.1375     ,
             393989736009.1432     ,
             396535471151.4533     ,
             399140661739.1408     ,
             401806373852.6614     ,
             404533671279.7013     ,
             407323646441.6758     ,
             410177421367.1475     ,
             413096148461.5329     ,
             416081011301.0114     ,
             419133225451.4242     ,
             422254039312.9773     ,
             425444734991.5839     ,
             428706629197.7187     ,
             432041074173.6844     ,
             435449458650.2252     ,
             438933208833.4548     ,
             442493788904.6920     ,
             446132663861.5822     ,
             449851272822.4441     ,
             453651086821.0192     ,
             457533615800.5496     ,
             461500409591.3047     ,
             465553058917.8870     ,
             469693196437.2076     ,
             473922497808.0739     ,
             478242682793.3359     ,
             482655516395.5977     ,
             487162810027.5110     ,
             491766422717.7220     ,
             496468262353.5662     ,
             501270286961.6464     ,
             506174486385.7975     ,
             511182693776.3654     ,
             516296661115.3680     ,
             521518179565.1091     ,
             526849081836.4493     ,
             532291242918.7853     ,
             537846580826.4726     ,
             543517057361.8765     ,
             549304678895.2062     ,
             555211497161.3408     ,
             561239610073.7985     ,
             567391162556.0503     ,
             573668347390.3572     ,
             580073406084.3134     ,
             586608631164.0048     ,
             593276557844.3016     ,
             600080170276.0945     ,
             607022579087.6868     ,
             614106979113.7758     ,
             621336651921.9385     ,
             628714968422.3965     ,
             636245391564.0499     ,
             643931479119.8423     ,
             651776886564.6841     ,
             659785370049.2334     ,
             667960789472.9922     ,
             676307111660.3232     ,
             684828413643.0706     ,
             693528880852.5310     ,
             702412164870.9490     ,
             711480716763.8632     ,
             720736858521.3932     ,
             730182924549.7871     ,
             739821259728.3639     ,
             749654217383.8804     ,
             759684157179.7479     ,
             769913442917.4836     ,
             780344440247.8702     ,
             790979514289.2894     ,
             801821027150.7825     ,
             812871335357.3706     ,
             824132787216.4740     ,
             835614670359.4933     ,
             847353317058.5610     ,
             859393357656.7200     ,
             871781801594.9725     ,
             884568193259.6356     ,
             897804794361.2484     ,
             911546795250.5360     ,
             925852557848.7745     ,
             940783893189.7262     ,
             956406376944.3160     ,
             972789706734.5564     ,
             990008105548.0677     ,
             1008136654957.600     ,
             1027227673383.731     ,
             1047325363833.452     ,
             1068476755368.180     ,
             1090731922463.980     ,
             1114144186093.978     ,
             1138770330251.411     ,
             1164670835161.903     ,
             1191910128543.868     ,
             1220556856396.653     ,
             1250684174927.900     ,
             1282538627589.214     ,
             1317191008682.987     ,
             1356067670265.158     ,
             1400770777393.749     ,
             1453130756264.914     ,
             1515280494805.584     ,
             1589757533794.610     ,
             1679643356397.988     ,
             1788753069389.090     ,
             1921801403994.947     ,
             2083335082836.518     ,
             2277899405504.267     ,
             2511083531002.045     ,
             2789750694486.798     ,
             3122293010135.553     ,
             3518944024842.083     ,
             3992159748876.640     ,
             4553674472414.198     ,
             5200591548395.726     ,
             5917268443422.466     ,
             6674344593975.353     ,
             7426015852699.478     ,
             8110004838201.645     ,
             8682156635097.603     ,
             9158040690509.182     ,
             9573365979149.020     ,
             9973692538290.428     ,
             10384846413018.10     ,
 T0_IN =    1.696310619628387     ,
            1.700024187209301     ,
            1.702353876566788     ,
            1.702760372156038     ,
            1.701778967326631     ,
            1.700015232051638     ,
            1.698032502676330     ,
            1.695994381858892     ,
            1.693842162466030     ,
            1.691515017480576     ,
            1.688952486692188     ,
            1.686094565643094     ,
            1.682894644669577     ,
            1.679356936116799     ,
            1.675498116092193     ,
            1.671334887382611     ,
            1.666883951886655     ,
            1.662161984649185     ,
            1.657185609507564     ,
            1.651971233985905     ,
            1.646529489062282     ,
            1.640863529662654     ,
            1.634976094669501     ,
            1.628870022612753     ,
            1.622548252918995     ,
            1.616013826806862     ,
            1.609269887822061     ,
            1.602319682007467     ,
            1.595166557748551     ,
            1.587814389808175     ,
            1.580268604849253     ,
            1.572535000663066     ,
            1.564619421501910     ,
            1.556527753584881     ,
            1.548265920446041     ,
            1.539839878136573     ,
            1.531255610293677     ,
            1.522519123089899     ,
            1.513636440077482     ,
            1.504613595807174     ,
            1.495456250089362     ,
            1.486169141680649     ,
            1.476756893027822     ,
            1.467224148114526     ,
            1.457575568435564     ,
            1.447815828916036     ,
            1.437949613787792     ,
            1.427981612435753     ,
            1.417916515226719     ,
            1.407759009333231     ,
            1.397513774564958     ,
            1.387185479219911     ,
            1.376778712650967     ,
            1.366297778684976     ,
            1.355746892341081     ,
            1.345130247779191     ,
            1.334452015072675     ,
            1.323716337047273     ,
            1.312927326192908     ,
            1.302089061654332     ,
            1.291205586306196     ,
            1.280280903917717     ,
            1.269318976411783     ,
            1.258323721222879     ,
            1.247299008757852     ,
            1.236248650230295     ,
            1.225176321729144     ,
            1.214085605304358     ,
            1.202980030334876     ,
            1.191863072088917     ,
            1.180738150035477     ,
            1.169608626258681     ,
            1.158477803975444     ,
            1.147348926156647     ,
            1.136225174251725     ,
            1.125109667016304     ,
            1.114005459442277     ,
            1.102915541789459     ,
            1.091842838717694     ,
            1.080790221473857     ,
            1.069760601382646     ,
            1.058756870231284     ,
            1.047781844716644     ,
            1.036838265788164     ,
            1.025928798488757     ,
            1.015056031883083     ,
            1.004222479070503     ,
           0.9934305772798843     ,
           0.9826826880434050     ,
           0.9719810974464334     ,
           0.9613280164505148     ,
           0.9507255812864607     ,
           0.9401758539145162     ,
           0.9296808234321982     ,
           0.9192424702969852     ,
           0.9088628053438432     ,
           0.8985437684577083     ,
           0.8882872191076628     ,
           0.8780949374528731     ,
           0.8679686254879289     ,
           0.8579099082245982     ,
           0.8479203349070734     ,
           0.8380013802578615     ,
           0.8281544457515566     ,
           0.8183808609137965     ,
           0.8086818846427991     ,
           0.7990587065509454     ,
           0.7895124483239665     ,
           0.7800441904540155     ,
           0.7706552102513751     ,
           0.7613468615818135     ,
           0.7521204149951848     ,
           0.7429770576572883     ,
           0.7339178954673361     ,
           0.7249439551725655     ,
           0.7160561864775481     ,
           0.7072554641458897     ,
           0.6985425900921212     ,
           0.6899182954617146     ,
           0.6813832426972729     ,
           0.6729380275890546     ,
           0.6645831813081137     ,
           0.6563191709007895     ,
           0.6481462001800423     ,
           0.6400640222714425     ,
           0.6320723127221771     ,
           0.6241707202527653     ,
           0.6163588681387325     ,
           0.6086363555387312     ,
           0.6010027587713338     ,
           0.5934576325426096     ,
           0.5860005111264946     ,
           0.5786309094998590     ,
           0.5713483244340922     ,
           0.5641522355449236     ,
           0.5570421063021215     ,
           0.5500173792607895     ,
           0.5430767822014900     ,
           0.5362177093785976     ,
           0.5294374828028483     ,
           0.5227335128395246     ,
           0.5161032967570919     ,
           0.5095444173087069     ,
           0.5030545413464550     ,
           0.4966314184678808     ,
           0.4902728796941337     ,
           0.4839768361788273     ,
           0.4777412779464875     ,
           0.4715642726593187     ,
           0.4654439643947124     ,
           0.4593759242310782     ,
           0.4533460417230669     ,
           0.4473386178960040     ,
           0.4413387876352436     ,
           0.4353325155279058     ,
           0.4293065962326693     ,
           0.4232486588882720     ,
           0.4171471750672378     ,
           0.4109914697745203     ,
           0.4047717349818010     ,
           0.3984790451778657     ,
           0.3921053744044442     ,
           0.3856400380570669     ,
           0.3790501294139638     ,
           0.3722961872456940     ,
           0.3653423657934654     ,
           0.3581566632152387     ,
           0.3507111452699146     ,
           0.3429821840365461     ,
           0.3349507016205989     ,
           0.3266024082682889     ,
           0.3179280238924773     ,
           0.3089234717633166     ,
           0.2995683059040502     ,
           0.2897530199260205     ,
           0.2793632403579737     ,
           0.2683129744116858     ,
           0.2565470817496077     ,
           0.2440435102494536     ,
           0.2308149546349923     ,
           0.2169096009281951     ,
           0.2024106519905026     ,
           0.1874361398111068     ,
           0.1721566698510310     ,
           0.1567746848704697     ,
           0.1414954754079261     ,
           0.1265194776579233     ,
           0.1120352556647096     ,
           9.8213048707676789E-002,
           8.5199255257004211E-002,
           7.3192940333031101E-002,
           6.2594795734050926E-002,
           5.3630126062233233E-002,
           4.6328281518034774E-002,
           4.0608320493634144E-002,
           3.6346133606780892E-002,
           3.3277422833623775E-002,
           3.0969661270549072E-002,
           2.9087010258210005E-002,
           2.7379872522077693E-002,
           2.5758908414005598E-002,
 F0W_IN =   1.9670274914085705E+021,
 DN0OUT =    5000000000000.000     
 /
 &DNUBEAM_DIFB
 DIFB_0 =    5000.000000000000     ,
 DIFB_A =    5000.000000000000     ,
 DIFB_IN =    1.000000000000000     ,
 DIFB_OUT =    1.000000000000000     ,
 NKDIFB =            0
 /
