     0.352701     0.383359     0.416699     0.451666     0.479151     0.525122
     0.649780     0.568590     0.291437     0.199125     0.236751     0.339125
     0.345181     0.193544     0.130276     0.206829     0.174035    0.0955620
     0.168756     0.303018     0.313402     0.214211     0.156062     0.116986
    0.0881062    0.0657678    0.0504693    0.0493210    0.0698474    0.0887812
    0.0889267    0.0976761     0.138394     0.170522     0.220829     0.264552
     0.246528     0.215746     0.193425     0.177413     0.165859     0.157552
     0.151611     0.147363     0.144296     0.142029     0.140285     0.138858
     0.137591     0.136363     0.135077     0.133658     0.132045     0.130195
     0.128080     0.125689     0.123024     0.120099     0.116937     0.113569
     0.110029     0.106355     0.102583    0.0987483    0.0948339
     0.389380     0.427598     0.468112     0.509472     0.543636     0.586084
     0.435402     0.235821     0.108125    0.0327723     0.117113     0.207121
     0.259050     0.250922     0.213673     0.242347     0.234851     0.192844
     0.224170     0.239183     0.211117     0.166313     0.127579    0.0962903
    0.0697946    0.0454973    0.0209048   0.00820023    0.0427640    0.0619766
    0.0462427    0.0708741     0.116837     0.159623     0.211989     0.265294
     0.248577     0.221004     0.201679     0.187956     0.178011     0.170751
     0.165458     0.161616     0.158840     0.156828     0.155347     0.154206
     0.153252     0.152353     0.151398     0.150291     0.148946     0.147292
     0.145268     0.142832     0.139959     0.136645     0.132906     0.128781
     0.124325     0.119610     0.114713     0.109713     0.104626
     0.407207     0.458696     0.518473     0.602938     0.554373     0.414342
     0.296423     0.216535     0.226865     0.192525     0.189531     0.211770
     0.241059     0.252113     0.244166     0.246885     0.238469     0.218253
     0.211768     0.191124     0.156092     0.127792     0.104683    0.0852166
    0.0688278    0.0555772    0.0469039    0.0467043    0.0592702    0.0860117
     0.118197     0.135524     0.164474     0.181609     0.207357     0.218586
     0.214881     0.204935     0.195912     0.188678     0.183071     0.178838
     0.175739     0.173555     0.172095     0.171185     0.170671     0.170409
     0.170266     0.170116     0.169838     0.169316     0.168438     0.167098
     0.165205     0.162686     0.159493     0.155614     0.151073     0.145932
     0.140288     0.134262     0.127988     0.121602     0.115158
     0.402644     0.450277     0.505385     0.569659     0.521271     0.396410
     0.358136     0.322988     0.294905     0.260539     0.238207     0.228183
     0.223565     0.218738     0.211546     0.202105     0.190159     0.175977
     0.160245     0.142684     0.124066     0.106576    0.0916788    0.0798084
    0.0710588    0.0656699    0.0642788    0.0679692    0.0779911    0.0946761
     0.113659     0.130506     0.147353     0.161232     0.173255     0.180181
     0.183744     0.185184     0.185216     0.184645     0.184001     0.183566
     0.183461     0.183720     0.184327     0.185231     0.186364     0.187637
     0.188947     0.190177     0.191197     0.191862     0.192018     0.191499
     0.190149     0.187826     0.184430     0.179920     0.174325     0.167752
     0.160373     0.152411     0.144113     0.135718     0.127383
     0.379146     0.410052     0.441694     0.468037     0.467925     0.420995
     0.373753     0.333571     0.296620     0.267719     0.245303     0.227890
     0.213660     0.200816     0.188091     0.174826     0.160798     0.146083
     0.130968     0.115911     0.101571    0.0887493    0.0781652    0.0702967
    0.0653832    0.0635218    0.0647705    0.0691838    0.0767020    0.0869139
    0.0989716     0.111920     0.124950     0.137343     0.148497     0.157995
     0.165740     0.171894     0.176758     0.180696     0.184053     0.187109
     0.190063     0.193047     0.196137     0.199367     0.202734     0.206200
     0.209693     0.213108     0.216298     0.219080     0.221222     0.222450
     0.222458     0.220941     0.217653     0.212473     0.205424     0.196685
     0.186576     0.175541     0.164076     0.152632     0.141599
     0.346188     0.374013     0.387429     0.393008     0.390815     0.371219
     0.340263     0.310390     0.283402     0.259453     0.238390     0.219739
     0.202838     0.187004     0.171675     0.156487     0.141290     0.126121
     0.111181    0.0968079    0.0834594    0.0716868    0.0621023    0.0553225
    0.0518406    0.0518204    0.0549844    0.0608063    0.0687533    0.0783675
    0.0892098     0.100825     0.112750     0.124544     0.135822     0.146301
     0.155817     0.164342     0.171952     0.178802     0.185082     0.190988
     0.196693     0.202346     0.208064     0.213932     0.220006     0.226305
     0.232804     0.239430     0.246038     0.252406     0.258209     0.262998
     0.266144     0.266844     0.264426     0.258621     0.249479     0.237249
     0.222445     0.206022     0.189189     0.172905     0.157986
     0.261597     0.329590     0.361413     0.352092     0.338602     0.324105
     0.306340     0.286667     0.266564     0.246912     0.228096     0.210181
     0.193048     0.176498     0.160333     0.144407     0.128657     0.113104
    0.0978513    0.0830754    0.0690304    0.0560818    0.0448247    0.0363429
    0.0323714    0.0341694    0.0405751    0.0495591    0.0598389    0.0708994
    0.0824749    0.0943610     0.106351     0.118230     0.129799     0.140894
     0.151410     0.161307     0.170609     0.179395     0.187784     0.195921
     0.203955     0.212040     0.220323     0.228945     0.238039     0.247718
     0.258072     0.269146     0.280908     0.293195     0.305640     0.317686
     0.328781     0.335450     0.334996     0.328426     0.316444     0.299101
     0.275580     0.247338     0.220626     0.196624     0.176280
     0.272034     0.292672     0.308292     0.312516     0.307600     0.297540
     0.284429     0.269373     0.253182     0.236469     0.219638     0.202920
     0.186411     0.170125     0.154041     0.138130     0.122378     0.106795
    0.0914079    0.0762521    0.0613579    0.0467347    0.0323714    0.0183792
   0.00769443    0.0158945    0.0294742    0.0426927    0.0554092    0.0679162
    0.0803140    0.0926337     0.104845     0.116883     0.128671     0.140137
     0.151235     0.161955     0.172320     0.182394     0.192273     0.202085
     0.211978     0.222119     0.232698     0.243927     0.256049     0.269338
     0.284114     0.300745     0.319637     0.341198     0.365731     0.393016
     0.416362     0.428525     0.416135     0.408510     0.390726     0.368856
     0.347929     0.301077     0.257833     0.222804     0.195102
     0.221434     0.279496     0.310089     0.303981     0.293551     0.283985
     0.272750     0.259874     0.245769     0.230859     0.215487     0.199904
     0.184274     0.168696     0.153227     0.137906     0.122763     0.107831
    0.0931474    0.0787631    0.0647523    0.0512585    0.0386387    0.0279586
    0.0186687    0.0206796    0.0343274    0.0485108    0.0605486    0.0723992
    0.0843909    0.0963822     0.108325     0.120167     0.131861     0.143372
     0.154681     0.165793     0.176740     0.187585     0.198418     0.209366
     0.220580     0.232250     0.244604     0.257926     0.272570     0.288994
     0.307803     0.329838     0.356312     0.389071     0.430902     0.483697
     0.520911     0.483743     0.429371     0.398752     0.366113     0.345930
     0.358908     0.351674     0.299731     0.250280     0.210915
     0.241215     0.262967     0.282366     0.289459     0.287056     0.279789
     0.269773     0.257939     0.244864     0.230973     0.216588     0.201952
     0.187239     0.172575     0.158053     0.143751     0.129741     0.116106
     0.102947    0.0904071    0.0786978    0.0681583    0.0593414    0.0492854
    0.0396769    0.0375827    0.0440730    0.0564035    0.0706838    0.0838199
    0.0948244     0.105612     0.116697     0.127872     0.139076     0.150260
     0.161402     0.172506     0.183599     0.194740     0.206014     0.217539
     0.229468     0.241993     0.255356     0.269871     0.285945     0.304116
     0.325125     0.350023     0.380356     0.418515     0.468289     0.534281
     0.589730     0.514818     0.391549     0.290031     0.204564     0.165636
     0.233869     0.344901     0.328918     0.272965     0.220700
     0.229572     0.273758     0.302182     0.303291     0.295286     0.286294
     0.275576     0.263486     0.250480     0.236927     0.223092     0.209171
     0.195308     0.181616     0.168187     0.155112     0.142485     0.130421
     0.119058     0.108572    0.0991855    0.0911561    0.0810375    0.0693447
    0.0609604    0.0574613    0.0597562    0.0672607    0.0784314    0.0921220
     0.106470     0.119144     0.129527     0.139593     0.149981     0.160498
     0.171124     0.181843     0.192673     0.203659     0.214871     0.226414
     0.238415     0.251045     0.264519     0.279116     0.295198     0.313237
     0.333855     0.357894     0.386489     0.421157     0.463885     0.517560
     0.587189     0.602511     0.437115     0.314282     0.196569    0.0624855
     0.123694     0.268214     0.337294     0.284705     0.222799
     0.265326     0.298926     0.318644     0.321752     0.314489     0.303018
     0.289857     0.276080     0.262154     0.248293     0.234606     0.221165
     0.208032     0.195261     0.182912     0.171054     0.159770     0.149168
     0.139385     0.130614     0.123134     0.113576     0.101321    0.0907982
    0.0829242    0.0786209    0.0785295    0.0826756    0.0904656     0.101050
     0.113595     0.127710     0.142039     0.154377     0.164265     0.173767
     0.183593     0.193585     0.203767     0.214178     0.224867     0.235902
     0.247374     0.259400     0.272135     0.285771     0.300555     0.316793
     0.334863     0.355245     0.378534     0.405491     0.437135     0.475091
     0.523816     0.603484     0.561826     0.430623     0.422327     0.338863
     0.314549     0.298300     0.359584     0.283388     0.195519
     0.298916     0.369757     0.384692     0.374940     0.352453     0.330252
     0.311031     0.294014     0.278463     0.263943     0.250210     0.237133
     0.224649     0.212729     0.201376     0.190611     0.180472     0.171003
     0.162247     0.154217     0.146852     0.136246     0.123963     0.113724
     0.105884     0.100927    0.0992674     0.101057     0.106106     0.113958
     0.124052     0.135871     0.148951     0.163176     0.177390     0.189360
     0.198698     0.207553     0.216697     0.226161     0.235938     0.246040
     0.256496     0.267357     0.278697     0.290607     0.303198     0.316592
     0.330921     0.346316     0.362888     0.380703     0.399717     0.419625
     0.439448     0.457871     0.485210     0.466773     0.433506     0.429707
     0.359356     0.355107     0.271698     0.207986     0.169484
     0.235390     0.284389     0.463501     0.437889     0.384629     0.354207
     0.331752     0.313132     0.296830     0.282120     0.268595     0.256015
     0.244237     0.233177     0.222789     0.213056     0.203980     0.195575
     0.187861     0.180865     0.171043     0.158511     0.147203     0.137482
     0.129717     0.124286     0.121514     0.121590     0.124500     0.130033
     0.137839     0.147517     0.158685     0.171025     0.184244     0.198333
     0.212200     0.223368     0.231079     0.239418     0.248066     0.256970
     0.266094     0.275428     0.284972     0.294730     0.304704     0.314875
     0.325193     0.335560     0.345799     0.355625     0.364583     0.372000
     0.376971     0.378293     0.373902     0.361010     0.340115     0.313017
     0.280514     0.244495     0.205257     0.166582     0.133892
     0.137579     0.237288     0.339886     0.385582     0.383371     0.366434
     0.347942     0.330803     0.315331     0.301326     0.288540     0.276775
     0.265891     0.255792     0.246415     0.237726     0.229707     0.222347
     0.215645     0.206086     0.193703     0.182091     0.171492     0.162185
     0.154476     0.148675     0.145058     0.143825     0.145046     0.148651
     0.154442     0.162140     0.171439     0.182049     0.193729     0.206322
     0.219735     0.234271     0.245603     0.253853     0.261359     0.269001
     0.276629     0.284245     0.291811     0.299277     0.306580     0.313622
     0.320260     0.326297     0.331464     0.335402     0.337648     0.337632
     0.334689     0.328089     0.317138     0.301395     0.280930     0.256305
     0.228413     0.198391     0.167599     0.137609     0.109611
     0.258571     0.280928     0.516714     0.462354     0.406690     0.381614
     0.363231     0.347509     0.333485     0.320796     0.309224     0.298614
     0.288855     0.279866     0.271598     0.264025     0.257133     0.250889
     0.241725     0.229623     0.218041     0.207113     0.197022     0.187991
     0.180270     0.174123     0.169796     0.167490     0.167321     0.169300
     0.173331     0.179231     0.186762     0.195670     0.205714     0.216693
     0.228456     0.240903     0.253898     0.266429     0.276175     0.282856
     0.288711     0.294506     0.300024     0.305217     0.310002     0.314252
     0.317797     0.320421     0.321860     0.321800     0.319877     0.315689
     0.308834     0.298944     0.285760     0.269196     0.249401     0.226774
     0.201941     0.175704     0.148983     0.122721    0.0972991
    0.0383459     0.203692     0.335116     0.393392     0.399873     0.389312
     0.375869     0.362919     0.351015     0.340135     0.330163     0.321001
     0.312573     0.304829     0.297748     0.291356     0.285764     0.277676
     0.266179     0.254895     0.243983     0.233580     0.223842     0.214955
     0.207134     0.200612     0.195619     0.192356     0.190968     0.191520
     0.193985     0.198250     0.204132     0.211405     0.219831     0.229181
     0.239245     0.249842     0.260806     0.271991     0.283527     0.294514
     0.302426     0.306914     0.310275     0.313238     0.315737     0.317615
     0.318692     0.318769     0.317625     0.315015     0.310676     0.304342
     0.295766     0.284746     0.271167     0.255022     0.236442     0.215712
     0.193260     0.169646     0.145518     0.121567    0.0983117
     0.243674     0.300944     0.537170     0.474401     0.420896     0.400923
     0.388030     0.377429     0.367945     0.359234     0.351171     0.343694
     0.336760     0.330326     0.324338     0.318712     0.313294     0.304332
     0.292848     0.281932     0.271449     0.261402     0.251874     0.243006
     0.234984     0.228020     0.222338     0.218144     0.215611     0.214843
     0.215867     0.218625     0.222978     0.228729     0.235648     0.243490
     0.252023     0.261035     0.270349     0.279826     0.289386     0.298947
     0.308652     0.317612     0.322869     0.323556     0.324115     0.324081
     0.323272     0.321531     0.318696     0.314594     0.309044     0.301870
     0.292912     0.282044     0.269195     0.254353     0.237590     0.219071
     0.199060     0.177929     0.156160     0.134332     0.113517
     0.143256     0.264087     0.341981     0.390409     0.403371     0.402216
     0.397077     0.390888     0.384530     0.378317     0.372379     0.366779
     0.361545     0.356675     0.352149     0.347930     0.340643     0.330210
     0.319949     0.309864     0.299956     0.290264     0.280878     0.271930
     0.263598     0.256093     0.249642     0.244472     0.240783     0.238721
     0.238362     0.239697     0.242627     0.246984     0.252545     0.259060
     0.266278     0.273962     0.281913     0.289972     0.298035     0.306056
     0.314067     0.322157     0.330768     0.335071     0.335190     0.333768
     0.331537     0.328518     0.324638     0.319797     0.313877     0.306765
     0.298359     0.288574     0.277355     0.264672     0.250528     0.234966
     0.218079     0.200035     0.181111     0.161745     0.143769
    0.0498704     0.233394     0.361820     0.407005     0.412724     0.411904
     0.409306     0.405827     0.401948     0.397970     0.394074     0.390378
     0.386958     0.383852     0.381049     0.375177     0.366151     0.357076
     0.347913     0.338649     0.329296     0.319904     0.310564     0.301412
     0.292629     0.284436     0.277080     0.270815     0.265879     0.262470
     0.260717     0.260660     0.262245     0.265329     0.269699     0.275096
     0.281245     0.287881     0.294770     0.301721     0.308598     0.315322
     0.321872     0.328269     0.334565     0.340714     0.346013     0.347192
     0.343352     0.339256     0.334728     0.329653     0.323942     0.317527
     0.310357     0.302395     0.293620     0.284016     0.273562     0.262229
     0.249951     0.236626     0.222149     0.206612     0.193092
    0.0375551     0.257309     0.406021     0.436554     0.430671     0.427331
     0.425051     0.422878     0.420659     0.418449     0.416337     0.414421
     0.412814     0.411675     0.407845     0.400475     0.392845     0.384941
     0.376721     0.368154     0.359239     0.350014     0.340566     0.331033
     0.321604     0.312515     0.304043     0.296484     0.290127     0.285234
     0.281996     0.280519     0.280796     0.282713     0.286064     0.290575
     0.295940     0.301851     0.308030     0.314239     0.320302     0.326105
     0.331596     0.336779     0.341710     0.346489     0.351298     0.356613
     0.357150     0.352560     0.347821     0.342899     0.337775     0.332448
     0.326945     0.321307     0.315603     0.309914     0.304329     0.298929
     0.293747     0.288688     0.283255     0.275667     0.271770
    0.0888628     0.253876     0.377083     0.429373     0.440807     0.442227
     0.441769     0.440989     0.440204     0.439503     0.438928     0.438508
     0.438227     0.437951     0.434074     0.427336     0.420603     0.413585
     0.406107     0.398064     0.389414     0.380171     0.370407     0.360257
     0.349919     0.339652     0.329771     0.320626     0.312575     0.305961
     0.301063     0.298063     0.297020     0.297855     0.300365     0.304254
     0.309168     0.314740     0.320627     0.326533     0.332229     0.337564
     0.342461     0.346917     0.351003     0.354861     0.358709     0.362841
     0.367576     0.367674     0.362859     0.358198     0.353744     0.349571
     0.345793     0.342560     0.340076     0.338605     0.338491     0.340199
     0.344354     0.351791     0.363403     0.374332     0.396479
    0.0434981     0.293805     0.463865     0.477287     0.462931     0.459751
     0.459302     0.459567     0.460114     0.460865     0.461830     0.463074
     0.464731     0.463644     0.458967     0.453907     0.448408     0.442326
     0.435516     0.427863     0.419301     0.409824     0.399490     0.388431
     0.376855     0.365049     0.353373     0.342245     0.332116     0.323432
     0.316589     0.311877     0.309441     0.309251     0.311109     0.314679
     0.319540     0.325237     0.331336     0.337458     0.343306     0.348674
     0.353453     0.357621     0.361248     0.364479     0.367535     0.370699
     0.374301     0.378727     0.378763     0.374182     0.370149     0.366804
     0.364338     0.363000     0.363121     0.365138     0.369647     0.377489
     0.389907     0.408968     0.439469     0.510132     0.614157
     0.122388     0.275288     0.394219     0.451455     0.468612     0.473535
     0.475901     0.477881     0.479914     0.482094     0.484444     0.486949
     0.489482     0.488510     0.484615     0.480576     0.476032     0.470716
     0.464417     0.456976     0.448294     0.438334     0.427138     0.414828
     0.401622     0.387837     0.373886     0.360270     0.347552     0.336318
     0.327117     0.320395     0.316417     0.315228     0.316635     0.320247
     0.325536     0.331921     0.338838     0.345790     0.352385     0.358344
     0.363513     0.367841     0.371387     0.374297     0.376797     0.379180
     0.381794     0.385044     0.389390     0.389595     0.385443     0.382232
     0.380213     0.379690     0.381050     0.384799     0.391614     0.402422
     0.418474     0.441420     0.473469     0.519509     0.576303
    0.0639735     0.340695     0.527295     0.512532     0.491327     0.490273
     0.492861     0.496135     0.499584     0.503203     0.507095     0.511440
     0.513125     0.511352     0.509139     0.506352     0.502758     0.498109
     0.492174     0.484761     0.475732     0.465022     0.452644     0.438709
     0.423439     0.407174     0.390388     0.373673     0.357726     0.343310
     0.331186     0.322014     0.316248     0.314044     0.315224     0.319313
     0.325624     0.333388     0.341850     0.350353     0.358374     0.365546
     0.371652     0.376612     0.380471     0.383376     0.385563     0.387340
     0.389068     0.391163     0.394081     0.398336     0.398552     0.394480
     0.391735     0.390621     0.391470     0.394710     0.400930     0.410957
     0.425961     0.447584     0.477386     0.508374     0.538456
     0.166886     0.297490     0.401364     0.463567     0.490954     0.502769
     0.509370     0.514386     0.519018     0.523695     0.528557     0.533540
     0.535249     0.534118     0.532833     0.530940     0.528071     0.523902
     0.518145     0.510557     0.500953     0.489224     0.475350     0.459415
     0.441636     0.422370     0.402141     0.381635     0.361701     0.343317
     0.327519     0.315278     0.307339     0.304047     0.305259     0.310369
     0.318448     0.328439     0.339316     0.350201     0.360409     0.369464
     0.377087     0.383164     0.387734     0.390953     0.393076     0.394431
     0.395399     0.396405     0.397893     0.400302     0.403993     0.402864
     0.398098     0.395087     0.393837     0.394535     0.397501     0.403216
     0.412393     0.426202     0.446777     0.475640     0.512153
    0.0453563     0.328564     0.502800     0.533458     0.526087     0.526202
     0.529319     0.533491     0.538296     0.543730     0.549935     0.553772
     0.554448     0.554794     0.554598     0.553539     0.551261     0.547414
     0.541663     0.533715     0.523331     0.510352     0.494710     0.476453
     0.455773     0.433028     0.408771     0.383767     0.359013     0.335726
     0.315291     0.299125     0.288430     0.283890     0.285446     0.292288
     0.303091     0.316353     0.330664     0.344856     0.358056     0.369675
     0.379378     0.387035     0.392690     0.396521     0.398816     0.399939
     0.400314     0.400418     0.400781     0.402017     0.404900     0.404375
     0.398680     0.393598     0.389478     0.386479     0.384687     0.384141
     0.384795     0.386404     0.388276     0.389362     0.396241
     0.109451     0.326141     0.478530     0.533494     0.541990     0.544324
     0.547073     0.550831     0.555556     0.561185     0.567695     0.571611
     0.572652     0.573630     0.574088     0.573585     0.571692     0.567992
     0.562092     0.553637     0.542329     0.527948     0.510368     0.489587
     0.465751     0.439190     0.410453     0.380344     0.349963     0.320754
     0.294499     0.273220     0.258869     0.252774     0.255084     0.264641
     0.279431     0.297245     0.316131     0.334584     0.351541     0.366330
     0.378587     0.388195     0.395227     0.399900     0.402543     0.403559
     0.403399     0.402554     0.401525     0.400809     0.400838     0.401849
     0.397646     0.389094     0.381429     0.374392     0.367790     0.361402
     0.354914     0.347883     0.339716     0.329687     0.319369
    0.0920083     0.336557     0.502151     0.553157     0.557212     0.558528
     0.561069     0.564836     0.569701     0.575566     0.582374     0.586623
     0.588075     0.589528     0.590451     0.590330     0.588671     0.584994
     0.578846     0.569811     0.557531     0.541720     0.522193     0.498879
     0.471865     0.441420     0.408041     0.372499     0.335911     0.299839
     0.266411     0.238386     0.218924     0.210675     0.214350     0.228112
     0.248617     0.272499     0.297123     0.320660     0.341942     0.360286
     0.375368     0.387121     0.395680     0.401320     0.404422     0.405437
     0.404855     0.403196     0.400992     0.398788     0.397163     0.396803
     0.392401     0.382272     0.371930     0.361567     0.351115     0.340383
     0.329104     0.316965     0.303628     0.288767     0.273434
    0.0899564     0.347959     0.519590     0.565979     0.566807     0.567809
     0.570679     0.574901     0.580238     0.586519     0.593493     0.597817
     0.599652     0.601550     0.602877     0.603061     0.601559     0.597849
     0.591431     0.581839     0.568661     0.551555     0.530274     0.504680
     0.474786     0.440780     0.403062     0.362292     0.319463     0.276039
     0.234209     0.197306     0.170216     0.158516     0.164678     0.185190
     0.213774     0.245295     0.276510     0.305516     0.331235     0.353112
     0.370942     0.384760     0.394786     0.401367     0.404945     0.406019
     0.405113     0.402767     0.399509     0.395841     0.392212     0.388958
     0.386191     0.377634     0.363968     0.350641     0.337277     0.323599
     0.309368     0.294383     0.278476     0.261543     0.244324
     0.132956     0.341538     0.492969     0.553482     0.566610     0.571260
     0.575625     0.580903     0.587278     0.594863     0.600483     0.603488
     0.606441     0.609028     0.610805     0.611267     0.609888     0.606139
     0.599495     0.589462     0.575586     0.557486     0.534864     0.507527
     0.475421     0.438650     0.397503     0.352484     0.304349     0.254215
     0.203781     0.155986     0.116836    0.0982283     0.109704     0.141773
     0.181095     0.221022     0.258642     0.292552     0.322048     0.346833
     0.366873     0.382327     0.393508     0.400831     0.404794     0.405939
     0.404825     0.402017     0.398065     0.393496     0.388803     0.384444
     0.380880     0.371874     0.357039     0.342199     0.327178     0.311810
     0.295948     0.279481     0.262348     0.244540     0.226609
    0.0688954     0.367474     0.553543     0.579491     0.570051     0.571475
     0.576428     0.582650     0.589746     0.597749     0.603321     0.606279
     0.609418     0.612222     0.614179     0.614758     0.613422     0.609630
     0.602844     0.592552     0.578284     0.559633     0.536275     0.507986
     0.474672     0.436384     0.393336     0.345912     0.294671     0.240358
     0.183927     0.126684    0.0712175    0.0327423    0.0612022     0.111134
     0.160595     0.206722     0.248488     0.285342     0.317005     0.343404
     0.364644     0.380970     0.392753     0.400455     0.404606     0.405773
     0.404535     0.401477     0.397164     0.392145     0.386938     0.382035
     0.377921     0.368360     0.352885     0.337297     0.321472     0.305300
     0.288684     0.271567     0.253934     0.235820     0.217677
     0.192115     0.334077     0.449994     0.519527     0.550958     0.565231
     0.573932     0.581274     0.588697     0.596755     0.602258     0.605120
     0.608190     0.610946     0.612864     0.613410     0.612042     0.608218
     0.601402     0.591084     0.576793     0.558125     0.534757     0.506468
     0.473166     0.434904     0.391900     0.344542     0.293396     0.239217
     0.182987     0.126088    0.0714103    0.0354284    0.0636933     0.112957
     0.162066     0.207953     0.249529     0.286223     0.317745     0.344019
     0.365147     0.381373     0.393066     0.400686     0.404762     0.405858
     0.404552     0.401426     0.397043     0.391947     0.386656     0.381658
     0.377437     0.367753     0.352142     0.336410     0.320441     0.304133
     0.287400     0.270199     0.252524     0.234419     0.216311
    0.0233676     0.378541     0.588748     0.592372     0.571166     0.569644
     0.573153     0.578414     0.584781     0.592202     0.597292     0.599839
     0.602619     0.605116     0.606817     0.607202     0.605744     0.601916
     0.595197     0.585098     0.571172     0.553039     0.530409     0.503096
     0.471052     0.434391     0.393412     0.348635     0.300842     0.251191
     0.201465     0.154777     0.117427     0.101162     0.113952     0.146033
     0.184948     0.224406     0.261574     0.295065     0.324178     0.348614
     0.368338     0.383507     0.394430     0.401521     0.405272     0.406219
     0.404913     0.401915     0.397763     0.392978     0.388043     0.383407
     0.379524     0.370145     0.354887     0.339590     0.324100     0.308276
     0.292007     0.275222     0.257896     0.240058     0.222176
     0.144978     0.337939     0.481419     0.545093     0.560930     0.565009
     0.567942     0.571796     0.576936     0.583481     0.588226     0.590495
     0.592796     0.594822     0.596135     0.596247     0.594653     0.590853
     0.584355     0.574704     0.561494     0.544394     0.523164     0.497680
     0.467968     0.434232     0.396894     0.356642     0.314512     0.272033
     0.231485     0.196309     0.171387     0.161890     0.169558     0.190618
     0.219099     0.250209     0.280896     0.309344     0.334518     0.355882
     0.373240     0.386630     0.396270     0.402505     0.405769     0.406554
     0.405372     0.402752     0.399206     0.395223     0.391232     0.387554
     0.384281     0.375084     0.360672     0.346511     0.332249     0.317651
     0.302536     0.286779     0.270300     0.253079     0.235701
    0.0401509     0.352006     0.541707     0.572660     0.561483     0.557980
     0.558127     0.560282     0.563952     0.568868     0.574717     0.578100
     0.579100     0.580281     0.581021     0.580771     0.579018     0.575282
     0.569109     0.560089     0.547870     0.532180     0.512846     0.489814
     0.463189     0.433266     0.400569     0.365904     0.330434     0.295771
     0.264084     0.238121     0.220880     0.214659     0.219775     0.234235
     0.254822     0.278393     0.302496     0.325422     0.346072     0.363803
     0.378314     0.389548     0.397645     0.402876     0.405617     0.406309
     0.405427     0.403476     0.400965     0.398418     0.396385     0.395522
     0.390471     0.379462     0.368049     0.356414     0.344497     0.332143
     0.319157     0.305343     0.290526     0.274574     0.258277
     0.121103     0.332151     0.482528     0.536716     0.543063     0.542354
     0.542255     0.543715     0.546718     0.551105     0.556733     0.559994
     0.560583     0.561298     0.561627     0.561084     0.559216     0.555594
     0.549822     0.541550     0.530491     0.516437     0.499282     0.479042
     0.455887     0.430174     0.402480     0.373637     0.344773     0.317346
     0.293114     0.274007     0.261782     0.257503     0.261089     0.271303
     0.286208     0.303744     0.322114     0.339927     0.356205     0.370325
     0.381960     0.391008     0.397552     0.401810     0.404106     0.404833
     0.404426     0.403358     0.402105     0.401131     0.400834     0.401403
     0.396495     0.386959     0.377993     0.369279     0.360568     0.351606
     0.342095     0.331695     0.320034     0.306733     0.292887
    0.0906763     0.328341     0.488929     0.530004     0.525681     0.521731
     0.520768     0.522029     0.524976     0.529299     0.534821     0.537933
     0.538273     0.538652     0.538640     0.537838     0.535865     0.532367
     0.527012     0.519521     0.509670     0.497316     0.482414     0.465032
     0.445387     0.423859     0.401020     0.377650     0.354743     0.333489
     0.315205     0.301177     0.292429     0.289459     0.292073     0.299430
     0.310271     0.323212     0.336970     0.350484     0.362964     0.373881
     0.382938     0.390028     0.395211     0.398669     0.400687     0.401623
     0.401886     0.401936     0.402278     0.403493     0.406313     0.405581
     0.399374     0.393474     0.388127     0.383351     0.379050     0.375037
     0.371006     0.366507     0.360916     0.353444     0.345711
     0.134741     0.335008     0.472610     0.501915     0.494921     0.492130
     0.492880     0.495454     0.499203     0.503925     0.509630     0.513072
     0.513401     0.513432     0.513014     0.511883     0.509746     0.506315
     0.501327     0.494561     0.485856     0.475125     0.462369     0.447696
     0.431338     0.413670     0.395218     0.376661     0.358818     0.342607
     0.328968     0.318742     0.312522     0.310528     0.312544     0.317965
     0.325933     0.335493     0.345733     0.355872     0.365308     0.373623
     0.380581     0.386100     0.390234     0.393149     0.395105     0.396426
     0.397487     0.398701     0.400493     0.403275     0.407371     0.406475
     0.401736     0.398515     0.396686     0.396252     0.397260     0.399758
     0.403727     0.408955     0.414773     0.420221     0.432925
     0.189884     0.289865     0.374210     0.422687     0.444570     0.454860
     0.461173     0.466264     0.471088     0.475990     0.481061     0.486202
     0.487978     0.486890     0.485726     0.484090     0.481668     0.478202
     0.473473     0.467314     0.459611     0.450322     0.439484     0.427223
     0.413770     0.399472     0.384785     0.370274     0.356581     0.344389
     0.334353     0.327012     0.322705     0.321506     0.323208     0.327363
     0.333362     0.340533     0.348227     0.355879     0.363046     0.369419
     0.374830     0.379227     0.382680     0.385351     0.387486     0.389401
     0.391461     0.394083     0.397724     0.402889     0.404044     0.400862
     0.399031     0.398797     0.400407     0.404169     0.410498     0.419974
     0.433446     0.452300     0.479035     0.515477     0.560881
    0.0545306     0.315546     0.443327     0.431941     0.423577     0.427877
     0.433395     0.438645     0.443595     0.448425     0.453300     0.458351
     0.460204     0.458800     0.457180     0.455102     0.452357     0.448764
     0.444170     0.438460     0.431568     0.423484     0.414269     0.404054
     0.393057     0.381582     0.370011     0.358796     0.348427     0.339400
     0.332160     0.327047     0.324244     0.323749     0.325374     0.328776
     0.333511     0.339098     0.345072     0.351028     0.356649     0.361719
     0.366125     0.369856     0.372994     0.375703     0.378230     0.380888
     0.384048     0.388137     0.393635     0.395178     0.392511     0.391038
     0.391018     0.392764     0.396673     0.403259     0.413216     0.427512
     0.447510     0.475117     0.512153     0.550568     0.587953
     0.171038     0.263743     0.337424     0.378351     0.395161     0.403167
     0.408649     0.413277     0.417545     0.421697     0.425939     0.430518
     0.432364     0.430661     0.428487     0.425827     0.422611     0.418740
     0.414121     0.408682     0.402388     0.395255     0.387352     0.378808
     0.369818     0.360640     0.351586     0.343008     0.335272     0.328730
     0.323679     0.320326     0.318760     0.318937     0.320687     0.323743
     0.327773     0.332427     0.337369     0.342309     0.347023     0.351367
     0.355277     0.358765     0.361926     0.364924     0.367998     0.371467
     0.375726     0.381208     0.382599     0.379655     0.377673     0.376833
     0.377385     0.379654     0.384075     0.391225     0.401886     0.417128
     0.438405     0.467643     0.507432     0.563438     0.631503
    0.0529474     0.273527     0.390126     0.391790     0.382710     0.383986
     0.386911     0.389945     0.392853     0.395672     0.398485     0.401366
     0.404331     0.404151     0.400710     0.397040     0.393083     0.388742
     0.383931     0.378590     0.372699     0.366280     0.359406     0.352193
     0.344811     0.337472     0.330427     0.323944     0.318293     0.313717
     0.310412     0.308495     0.307996     0.308849     0.310903     0.313944
     0.317719     0.321967     0.326443     0.330938     0.335299     0.339431
     0.343305     0.346952     0.350465     0.353985     0.357713     0.361936
     0.367235     0.368302     0.364838     0.362033     0.359982     0.358824
     0.358763     0.360072     0.363122     0.368412     0.376622     0.388722
     0.406151     0.431324     0.469895     0.555236     0.679583
     0.145080     0.239034     0.311648     0.347927     0.359912     0.364191
     0.366480     0.368130     0.369503     0.370762     0.372011     0.373316
     0.374684     0.376020     0.373789     0.368824     0.364013     0.359127
     0.354038     0.348686     0.343053     0.337165     0.331089     0.324929
     0.318828     0.312960     0.307520     0.302713     0.298732     0.295744
     0.293871     0.293172     0.293640     0.295198     0.297715     0.301014
     0.304898     0.309169     0.313645     0.318177     0.322656     0.327029
     0.331293     0.335498     0.339745     0.344154     0.348756     0.353022
     0.353634     0.349753     0.346309     0.343250     0.340598     0.338426
     0.336859     0.336072     0.336301     0.337853     0.341127     0.346656
     0.355145     0.367499     0.384557     0.401146     0.433240
    0.0688488     0.239014     0.340292     0.354870     0.349307     0.348419
     0.348283     0.347987     0.347508     0.346997     0.346604     0.346465
     0.346714     0.347524     0.345805     0.340659     0.335421     0.330135
     0.324795     0.319391     0.313930     0.308447     0.303003     0.297690
     0.292626     0.287951     0.283817     0.280377     0.277768     0.276101
     0.275447     0.275827     0.277211     0.279522     0.282641     0.286424
     0.290715     0.295362     0.300226     0.305198     0.310200     0.315202
     0.320221     0.325347     0.330731     0.336877     0.338988     0.337242
     0.334433     0.331329     0.328051     0.324655     0.321174     0.317647
     0.314128     0.310692     0.307438     0.304484     0.301952     0.299962
     0.298576     0.297725     0.296960     0.294734     0.297067
     0.114592     0.215461     0.290992     0.324613     0.332812     0.333621
     0.332005     0.329466     0.326684     0.324016     0.321667     0.319763
     0.318381     0.317560     0.317290     0.314160     0.308095     0.302248
     0.296584     0.291083     0.285743     0.280590     0.275675     0.271072
     0.266879     0.263207     0.260172     0.257886     0.256446     0.255921
     0.256348     0.257724     0.260007     0.263122     0.266965     0.271420
     0.276365     0.281682     0.287267     0.293034     0.298920     0.304900
     0.310933     0.317199     0.322826     0.324912     0.322616     0.320429
     0.317952     0.315083     0.311763     0.307948     0.303601     0.298693
     0.293209     0.287146     0.280517     0.273342     0.265639     0.257415
     0.248647     0.239275     0.229240     0.218619     0.210318
     0.112272     0.225395     0.295199     0.327156     0.330692     0.325609
     0.319045     0.312582     0.306636     0.301362     0.296826     0.293058
     0.290063     0.287822     0.286301     0.285451     0.281864     0.275485
     0.269538     0.263985     0.258791     0.253963     0.249537     0.245576
     0.242160     0.239375     0.237310     0.236044     0.235643     0.236147
     0.237571     0.239899     0.243083     0.247052     0.251718     0.256993
     0.262791     0.269030     0.275631     0.282539     0.289669     0.297199
     0.304153     0.308098     0.308669     0.308107     0.307208     0.305920
     0.304121     0.301693     0.298523     0.294506     0.289541     0.283538
     0.276427     0.268156     0.258707     0.248090     0.236352     0.223582
     0.209915     0.195561     0.180815     0.166070     0.153135
     0.138353     0.221730     0.404455     0.383392     0.340060     0.320225
     0.306550     0.295495     0.286142     0.278190     0.271497     0.265969
     0.261527     0.258093     0.255595     0.253970     0.253163     0.249726
     0.243657     0.238252     0.233321     0.228876     0.224953     0.221619
     0.218944     0.216996     0.215836     0.215515     0.216074     0.217537
     0.219909     0.223169     0.227270     0.232138     0.237688     0.243871
     0.250666     0.258041     0.265897     0.274400     0.282438     0.287825
     0.290201     0.291620     0.292928     0.293850     0.294316     0.294226
     0.293449     0.291838     0.289232     0.285469     0.280386     0.273827
     0.265669     0.255821     0.244255     0.231007     0.216195     0.200032
     0.182827     0.164993     0.147046     0.129580     0.113821
    0.0725543     0.185805     0.281771     0.320762     0.319511     0.305471
     0.290054     0.276052     0.263940     0.253682     0.245128     0.238120
     0.232504     0.228142     0.224913     0.222726     0.221524     0.221306
     0.218735     0.214226     0.209635     0.205641     0.202229     0.199529
     0.197612     0.196512     0.196250     0.196845     0.198316     0.200681
     0.203955     0.208139     0.213205     0.219058     0.225474     0.232506
     0.240337     0.249185     0.257801     0.264179     0.267911     0.270871
     0.273984     0.276967     0.279747     0.282202     0.284212     0.285634
     0.286303     0.286029     0.284597     0.281776     0.277321     0.270993
     0.262585     0.251946     0.239013     0.223842     0.206618     0.187672
     0.167468     0.146590     0.125705     0.105533    0.0868196
     0.285345     0.245179     0.443155     0.378378     0.321566     0.293347
     0.272075     0.254471     0.239740     0.227510     0.217478     0.209371
     0.202939     0.197964     0.194257     0.191661     0.190044     0.189293
     0.189299     0.189445     0.187790     0.184625     0.181525     0.179491
     0.178449     0.178307     0.179006     0.180518     0.182845     0.186013
     0.190076     0.195123     0.201287     0.208718     0.215708     0.222944
     0.231051     0.237715     0.242237     0.246214     0.250610     0.255130
     0.259716     0.264273     0.268706     0.272909     0.276758     0.280105
     0.282764     0.284515     0.285090     0.284180     0.281435     0.276484
     0.268970     0.258600     0.245204     0.228800     0.209623     0.188130
     0.164965     0.140919     0.116854    0.0936311    0.0715548
     0.184919     0.248607     0.296861     0.314682     0.299596     0.274704
     0.250744     0.230237     0.213323     0.199602     0.188599     0.179882
     0.173086     0.167906     0.164089     0.161428     0.159754     0.158932
     0.158852     0.159431     0.160789     0.162121     0.162072     0.161368
     0.161715     0.162839     0.164634     0.167071     0.170152     0.173905
     0.178388     0.183731     0.190238     0.196392     0.201587     0.207279
     0.213018     0.217983     0.223387     0.229008     0.234847     0.240856
     0.246989     0.253193     0.259409     0.265562     0.271561     0.277283
     0.282563     0.287183     0.290855     0.293209     0.293778     0.292005
     0.287268     0.278931     0.266479     0.249727     0.228955     0.204811
     0.178197     0.150211     0.122133    0.0953174    0.0703737
     0.295918     0.318760     0.430493     0.369924     0.299994     0.257672
     0.226709     0.202980     0.184517     0.170083     0.158819     0.150098
     0.143447     0.138494     0.134945     0.132559     0.131141     0.130532
     0.130608     0.131277     0.132485     0.134174     0.136547     0.138464
     0.140452     0.142731     0.145409     0.148542     0.152164     0.156282
     0.160870     0.165834     0.170923     0.175505     0.180940     0.186918
     0.193219     0.199692     0.206399     0.213337     0.220505     0.227897
     0.235506     0.243325     0.251347     0.259556     0.267927     0.276414
     0.284931     0.293345     0.301437     0.308873     0.315151     0.319560
     0.321180     0.318770     0.310279     0.294194     0.272009     0.244687
     0.213531     0.179698     0.144226     0.111250    0.0840177
     0.435918     0.482689     0.409396     0.328034     0.269084     0.226119
     0.194730     0.171256     0.153348     0.139550     0.128920     0.120814
     0.114763     0.110405     0.107439     0.105615     0.104719     0.104572
     0.105028     0.105975     0.107332     0.109039     0.111053     0.113248
     0.115667     0.118386     0.121480     0.125007     0.129006     0.133492
     0.138451     0.143839     0.149584     0.155625     0.162068     0.168895
     0.176055     0.183504     0.191224     0.199214     0.207479     0.216043
     0.224934     0.234196     0.243886     0.254069     0.264825     0.276238
     0.288390     0.301353     0.315168     0.329813     0.345124     0.360598
     0.374974     0.388172     0.410749     0.367074     0.355965     0.318263
     0.277937     0.260539     0.184213     0.139294     0.109885
     0.473157     0.429287     0.345005     0.267635     0.217183     0.182588
     0.157006     0.137313     0.121896     0.109788     0.100366    0.0931976
    0.0879582    0.0843702    0.0821725    0.0811131    0.0809532    0.0814801
    0.0825164    0.0839273    0.0856210    0.0875442    0.0896763    0.0920197
    0.0946176    0.0975381     0.100856     0.104639     0.108937     0.113778
     0.119162     0.125067     0.131450     0.138271     0.145497     0.153091
     0.161014     0.169235     0.177738     0.186524     0.195616     0.205060
     0.214922     0.225296     0.236306     0.248110     0.260915     0.274974
     0.290604     0.308203     0.328268     0.351441     0.378619     0.411496
     0.456379     0.523844     0.417359     0.337514     0.319348     0.257205
     0.243224     0.236341     0.271821     0.189624     0.133795
     0.473661     0.253309     0.216443     0.194963     0.164842     0.141233
     0.122121     0.106537    0.0937656    0.0833288    0.0749545    0.0685046
    0.0638882    0.0609829    0.0595894    0.0594325    0.0602013    0.0615998
    0.0633845    0.0653809    0.0674850    0.0696554    0.0719035    0.0742830
    0.0768810    0.0798040    0.0831619    0.0870524    0.0915477    0.0966866
     0.102472     0.108873     0.115838     0.123298     0.131186     0.139433
     0.147987     0.156806     0.165874     0.175196     0.184806     0.194769
     0.205182     0.216177     0.227937     0.240697     0.254773     0.270580
     0.288671     0.309792     0.334946     0.365459     0.403081     0.450718
     0.508440     0.456220     0.309639     0.241011     0.113545    0.0627459
     0.125003     0.251715     0.249507     0.202964     0.156396
     0.358822     0.228239     0.154136     0.136313     0.122054     0.106972
    0.0935369    0.0817665    0.0713282    0.0620789    0.0541051    0.0476575
    0.0430424    0.0404586    0.0398298    0.0407750    0.0427583    0.0452790
    0.0479682    0.0506007    0.0530714    0.0553683    0.0575512    0.0597354
    0.0620755    0.0647470    0.0679242    0.0717563    0.0763474    0.0817447
    0.0879371    0.0948653     0.102436     0.110540     0.119064     0.127908
     0.136990     0.146256     0.155678     0.165264     0.175053     0.185122
     0.195583     0.206592     0.218356     0.231145     0.245325     0.261384
     0.279999     0.302145     0.329275     0.363652     0.408772     0.465796
     0.478354     0.385701     0.295185     0.207755     0.152673     0.134912
     0.228798     0.277357     0.244234     0.200380     0.162352
     0.527065     0.135420     0.131695     0.117391    0.0902909    0.0797340
    0.0718234    0.0640241    0.0558121    0.0473046    0.0389355    0.0313685
    0.0255239    0.0224769    0.0227072    0.0253839    0.0291708    0.0331340
    0.0367954    0.0399536    0.0425645    0.0446849    0.0464483    0.0480521
    0.0497459    0.0518112    0.0545270    0.0581265    0.0627570    0.0684607
    0.0751815    0.0827907    0.0911190    0.0999839     0.109213     0.118657
     0.128203     0.137776     0.147341     0.156904     0.166510     0.176242
     0.186220     0.196596     0.207569     0.219389     0.232378     0.246953
     0.263677     0.283346     0.307125     0.336808     0.374884     0.418910
     0.425697     0.379831     0.341104     0.314860     0.286343     0.281073
     0.291859     0.269927     0.225836     0.189438     0.160386
     0.328836     0.172661    0.0588915    0.0480676    0.0563672    0.0587775
    0.0582228    0.0546939    0.0485101    0.0404142    0.0312248    0.0217002
    0.0126449   0.00621939   0.00877378    0.0152011    0.0213087    0.0265099
    0.0306915    0.0338612    0.0360920    0.0375143    0.0383232    0.0387919
    0.0392836    0.0402416    0.0421352    0.0453546    0.0501058    0.0563755
    0.0639781    0.0726360    0.0820460    0.0919183     0.102001     0.112091
     0.122043     0.131766     0.141228     0.150445     0.159477     0.168419
     0.177393     0.186544     0.196042     0.206076     0.216867     0.228667
     0.241766     0.256503     0.273252     0.292388     0.314211     0.337135
     0.352908     0.353133     0.340478     0.333920     0.312982     0.298892
     0.272086     0.233090     0.200264     0.173653     0.152397
     0.599916     0.105371     0.121854    0.0574816    0.0369172    0.0517637
    0.0579951    0.0569592    0.0513378    0.0430806    0.0335964    0.0240111
    0.0155566    0.0106827    0.0123196    0.0173627    0.0225626    0.0269613
    0.0302913    0.0324891    0.0335818    0.0336604    0.0328875    0.0315330
    0.0300397    0.0291000    0.0296247    0.0324256    0.0377728    0.0453578
    0.0546201    0.0649966    0.0759973    0.0872130    0.0983152     0.109057
     0.119274     0.128887     0.137890     0.146339     0.154332     0.162001
     0.169485     0.176926     0.184468     0.192241     0.200371     0.208962
     0.218094     0.227800     0.238031     0.248605     0.259148     0.269197
     0.277940     0.281209     0.278668     0.271374     0.259508     0.242883
     0.220725     0.197064     0.175650     0.156763     0.140843
     0.361306     0.296376     0.168878    0.0945570    0.0849026    0.0901963
    0.0847201    0.0767439    0.0673279    0.0571971    0.0474073    0.0389574
    0.0327613    0.0294420    0.0288860    0.0301689    0.0321621    0.0340260
    0.0352612    0.0356019    0.0349229    0.0331836    0.0304018    0.0266657
    0.0222289    0.0178414    0.0155697    0.0183965    0.0261826    0.0368383
    0.0490247    0.0619503    0.0750365    0.0878160    0.0999181     0.111078
     0.121150     0.130108     0.138030     0.145066     0.151403     0.157239
     0.162754     0.168102     0.173409     0.178766     0.184235     0.189839
     0.195559     0.201325     0.207002     0.212380     0.217155     0.220898
     0.223005     0.222785     0.219786     0.213913     0.205283     0.194181
     0.181184     0.167256     0.153403     0.140285     0.128419
     0.303563     0.278998     0.251021     0.225248     0.192131     0.156043
     0.136834     0.119552     0.100733    0.0861181    0.0742574    0.0649885
    0.0581515    0.0534449    0.0504562    0.0486659    0.0475116    0.0464768
    0.0451478    0.0432282    0.0405407    0.0369959    0.0325252    0.0270278
    0.0203551    0.0123357   0.00324030   0.00931521    0.0224740    0.0372009
    0.0527455    0.0683726    0.0834723    0.0975091     0.110030     0.120738
     0.129580     0.136703     0.142377     0.146943     0.150739     0.154057
     0.157118     0.160076     0.163032     0.166037     0.169105     0.172211
     0.175299     0.178276     0.181012     0.183343     0.185061     0.185921
     0.185659     0.184025     0.180845     0.176062     0.169747     0.162100
     0.153443     0.144179     0.134726     0.125434     0.116581
     0.311395     0.324744     0.343745     0.373603     0.294873     0.144409
     0.147712     0.163624     0.159381     0.135873     0.118209     0.104895
    0.0941136    0.0854696    0.0786000    0.0731594    0.0686266    0.0645432
    0.0605775    0.0562727    0.0514863    0.0464644    0.0413789    0.0362758
    0.0313056    0.0270955    0.0253749    0.0289964    0.0396885    0.0565537
    0.0752240    0.0923410     0.108825     0.122990     0.134896     0.142638
     0.147357     0.150086     0.151324     0.151709     0.151755     0.151783
     0.151965     0.152379     0.153040     0.153927     0.154990     0.156158
     0.157345     0.158449     0.159355     0.159935     0.160054     0.159570
     0.158349     0.156280     0.153293     0.149372     0.144566     0.138985
     0.132796     0.126197     0.119396     0.112586     0.105885
     0.315022     0.343993     0.380970     0.441988     0.396522     0.240758
    0.0469594     0.109296     0.192289     0.214229     0.190032     0.162493
     0.142829     0.127160     0.113436     0.104998    0.0969504    0.0884848
    0.0841312    0.0774083    0.0682860    0.0614091    0.0564250    0.0530120
    0.0512987    0.0518056    0.0553777    0.0629513    0.0749654    0.0934772
     0.125177     0.121627     0.157693     0.155601     0.186402     0.181948
     0.178412     0.171155     0.163806     0.157603     0.152666     0.148879
     0.146080     0.144102     0.142785     0.141979     0.141547     0.141358
     0.141290     0.141230     0.141067     0.140697     0.140019     0.138943
     0.137391     0.135302     0.132646     0.129418     0.125648     0.121399
     0.116759     0.111837     0.106745     0.101593    0.0964261
     0.299096     0.323466     0.351550     0.383482     0.415669     0.436523
     0.312003     0.178757     0.175471     0.297534     0.258088     0.220181
     0.192014     0.161670     0.137261     0.129669     0.115715     0.100861
     0.102383    0.0974692    0.0864377    0.0780929    0.0731557    0.0713182
    0.0725436    0.0773928    0.0871252     0.104129     0.134045     0.165632
    0.0972298    0.0699198    0.0968520     0.128065     0.184324     0.262536
     0.222638     0.192799     0.173464     0.159891     0.150099     0.142988
     0.137840     0.134146     0.131523     0.129675     0.128370     0.127422
     0.126679     0.126016     0.125326     0.124521     0.123519     0.122257
     0.120683     0.118760     0.116468     0.113809     0.110799     0.107474
     0.103886     0.100095    0.0961679    0.0921706    0.0881146
     0.267108     0.290352     0.317365     0.346457     0.366713     0.415579
     0.561280     0.462239     0.244361     0.379541     0.278635     0.246754
     0.221840     0.174205     0.141266     0.142161     0.120202    0.0989417
     0.109834     0.114684     0.104724    0.0901224    0.0845375    0.0838036
    0.0868185    0.0938324     0.106064     0.125839     0.156572     0.173481
     0.132756    0.0667028     0.121009     0.122301     0.201411     0.252094
     0.227146     0.193275     0.169397     0.152493     0.140462     0.131937
     0.125946     0.121760     0.118833     0.116765     0.115264     0.114115
     0.113159     0.112271     0.111359     0.110347     0.109180     0.107818
     0.106236     0.104423     0.102381     0.100123    0.0976683    0.0950406
    0.0922698    0.0893845    0.0864162    0.0833940    0.0803052
