      1.10433   -0.0500000
      1.10321    0.0500000
      1.10563     0.109646
      1.11270     0.200000
      1.12553     0.300000
      1.13454     0.350000
      1.15710     0.450000
      1.17153     0.500000
      1.18790     0.550000
      1.21187     0.616060
      1.23844     0.678583
      1.26500     0.733136
      1.29156     0.780686
      1.31813     0.821380
      1.34469     0.855065
      1.39240     0.900000
      1.42438     0.921791
      1.47750     0.943628
      1.50406     0.950558
      1.55719     0.954004
      1.58674     0.950000
      1.63688     0.937315
      1.69000     0.916947
      1.72152     0.900000
      1.76969     0.870845
      1.79869     0.850000
      1.84938     0.809993
      1.87594     0.786483
      1.91444     0.750000
      1.95563     0.708533
      1.98219     0.678817
      2.00875     0.646844
      2.04529     0.600000
      2.07966     0.550000
      2.11037     0.500000
      2.13796     0.450000
      2.16297     0.400000
      2.18582     0.350000
      2.20676     0.300000
      2.22575     0.250000
      2.24781     0.179792
      2.26733     0.100000
      2.27546    0.0500000
      2.27873   -0.0500000
      2.27382    -0.100000
      2.25527    -0.200000
      2.24125    -0.250000
      2.22125    -0.311968
      2.19469    -0.381135
      2.16812    -0.441885
      2.14156    -0.495936
      2.11500    -0.544446
      2.08844    -0.588419
      2.06188    -0.628687
      2.03531    -0.665806
      2.00848    -0.700000
      1.96791    -0.750000
      1.92906    -0.795118
      1.90250    -0.825701
      1.87594    -0.855066
      1.83303    -0.900000
      1.79625    -0.938647
      1.76969    -0.966258
      1.73446     -1.00000
      1.69000     -1.04427
      1.66344     -1.07129
      1.63097     -1.10000
      1.58375     -1.14548
      1.55719     -1.17446
      1.53001     -1.20000
      1.47768     -1.24136
      1.45094     -1.18363
      1.42438     -1.11542
      1.40085     -1.05000
      1.38019     -1.00000
      1.35923    -0.950000
      1.33841    -0.900000
      1.31813    -0.849508
      1.29156    -0.785916
      1.26500    -0.720396
      1.23844    -0.650433
      1.21964    -0.600000
      1.20191    -0.550000
      1.18531    -0.498950
      1.15875    -0.408551
      1.14441    -0.350000
      1.13219    -0.290211
      1.11747    -0.200000
      1.10740    -0.100000
      1.10433   -0.0500000
      0.00000      0.00000