      1.10647    -0.100000
      1.10366   -0.0500000
      1.10280    0.0500000
      1.10563     0.115729
      1.11225     0.200000
      1.12517     0.300000
      1.13425     0.350000
      1.15739     0.450000
      1.17221     0.500000
      1.18920     0.550000
      1.21187     0.609738
      1.23844     0.669742
      1.26500     0.721760
      1.29156     0.766766
      1.31813     0.804958
      1.35757     0.850000
      1.39781     0.885663
      1.42438     0.903315
      1.47750     0.926884
      1.53062     0.937221
      1.58375     0.937636
      1.63688     0.929359
      1.69000     0.912456
      1.71713     0.900000
      1.76969     0.871533
      1.80190     0.850000
      1.84938     0.815458
      1.87594     0.793291
      1.92433     0.750000
      1.95563     0.720396
      1.98219     0.692504
      2.01998     0.650000
      2.05961     0.600000
      2.08844     0.560498
      2.11500     0.519359
      2.14156     0.473627
      2.16812     0.422867
      2.19469     0.366606
      2.22125     0.304101
      2.24133     0.250000
      2.25831     0.200000
      2.27437     0.141943
      2.29204    0.0500000
      2.29594   -0.0500000
      2.28448    -0.150000
      2.27313    -0.200000
      2.24781    -0.286823
      2.22602    -0.350000
      2.20605    -0.400000
      2.18394    -0.450000
      2.15937    -0.500000
      2.13191    -0.550000
      2.10114    -0.600000
      2.06682    -0.650000
      2.03531    -0.691179
      2.00875    -0.724441
      1.98219    -0.756050
      1.94259    -0.800000
      1.90250    -0.843640
      1.87594    -0.872341
      1.84849    -0.900000
      1.80059    -0.950000
      1.76969    -0.981804
      1.74312     -1.00816
      1.69868     -1.05000
      1.66344     -1.08464
      1.63688     -1.10985
      1.59095     -1.15000
      1.55719     -1.18307
      1.53062     -1.20778
      1.47909     -1.24283
      1.45094     -1.18452
      1.42438     -1.11898
      1.39805     -1.05000
      1.37666     -1.00000
      1.35500    -0.950000
      1.33346    -0.900000
      1.31225    -0.850000
      1.29156    -0.799382
      1.26500    -0.735002
      1.23844    -0.667327
      1.21404    -0.600000
      1.19670    -0.550000
      1.18059    -0.500000
      1.15875    -0.422817
      1.14125    -0.350000
      1.13115    -0.300000
      1.11583    -0.200000
      1.10647    -0.100000
      0.00000      0.00000
      0.00000      0.00000
      0.00000      0.00000
      0.00000      0.00000
