    0.0517823    0.0437288    0.0348941    0.0252466    0.0148561   0.00389247
  -0.00723668   -0.0184236   -0.0313105   -0.0303530   -0.0346937   -0.0424147
   -0.0548039   -0.0627903   -0.0623755   -0.0695321   -0.0713442   -0.0660362
   -0.0684533   -0.0625687   -0.0489852   -0.0397392   -0.0330403   -0.0280537
   -0.0243590   -0.0217539   -0.0201784   -0.0196987   -0.0205291   -0.0229778
   -0.0249110   -0.0227026   -0.0202206   -0.0134772  -0.00644459   0.00543853
    0.0177048    0.0285478    0.0383483    0.0474183    0.0559725    0.0641621
    0.0720938    0.0798399    0.0874459    0.0949374     0.102324     0.109605
     0.116768     0.123796     0.130663     0.137341     0.143799     0.150003
     0.155919     0.161517     0.166768     0.171648     0.176139     0.180231
     0.183920     0.187207     0.190104     0.192626     0.194791
    0.0499919    0.0407770    0.0304347    0.0188192   0.00608062  -0.00727297
   -0.0229986   -0.0290792   -0.0352731   -0.0345842   -0.0361478   -0.0404896
   -0.0468418   -0.0517089   -0.0541847   -0.0575150   -0.0586139   -0.0570905
   -0.0561059   -0.0519867   -0.0447945   -0.0383342   -0.0330504   -0.0288487
   -0.0256134   -0.0232802   -0.0218553   -0.0214352   -0.0222465   -0.0246473
   -0.0266802   -0.0242079   -0.0218937   -0.0148632  -0.00799002   0.00421731
    0.0166671    0.0277846    0.0379762    0.0475337    0.0566489    0.0654532
    0.0740380    0.0824659    0.0907775    0.0989952     0.107127     0.115168
     0.123103     0.130908     0.138549     0.145987     0.153178     0.160076
     0.166632     0.172801     0.178543     0.183823     0.188616     0.192909
     0.196699     0.199992     0.202807     0.205170     0.207112
    0.0505382    0.0407877    0.0295447    0.0162645  0.000105274   -0.0116073
   -0.0210883   -0.0247080   -0.0267866   -0.0270823   -0.0282290   -0.0305544
   -0.0334946   -0.0363977   -0.0388454   -0.0406435   -0.0415639   -0.0414901
   -0.0404269   -0.0383370   -0.0354167   -0.0321468   -0.0289496   -0.0260609
   -0.0235894   -0.0215838   -0.0200705   -0.0190666   -0.0185628   -0.0183841
   -0.0175374   -0.0150129   -0.0111910  -0.00543961   0.00171544    0.0108336
    0.0207799    0.0306215    0.0402221    0.0496039    0.0588157    0.0679061
    0.0769164    0.0858773    0.0948087     0.103719     0.112606     0.121455
     0.130242     0.138930     0.147474     0.155818     0.163898     0.171644
     0.178986     0.185855     0.192189     0.197936     0.203061     0.207544
     0.211384     0.214599     0.217220     0.219290     0.220862
    0.0540199    0.0447440    0.0341432    0.0218240   0.00779604  -0.00117647
  -0.00621707  -0.00924568   -0.0114239   -0.0136464   -0.0159819   -0.0184640
   -0.0210074   -0.0234407   -0.0255812   -0.0272755   -0.0284089   -0.0289132
   -0.0287714   -0.0280229   -0.0267713   -0.0251713   -0.0233862   -0.0215490
   -0.0197477   -0.0180259   -0.0163858   -0.0147829   -0.0131068   -0.0111549
  -0.00864470  -0.00531265 -0.000989932   0.00440359    0.0108543    0.0182479
    0.0263547    0.0349152    0.0437432    0.0527375    0.0618519    0.0710694
    0.0803861    0.0898025    0.0993171     0.108924     0.118608     0.128347
     0.138105     0.147833     0.157468     0.166931     0.176132     0.184965
     0.193322     0.201093     0.208180     0.214498     0.219994     0.224640
     0.228442     0.231435     0.233679     0.235249     0.236232
    0.0601786    0.0521779    0.0433933    0.0339355    0.0244697    0.0171300
    0.0118725   0.00744142   0.00356283  6.07445e-05  -0.00319266  -0.00625589
  -0.00912780   -0.0117647   -0.0141016   -0.0160711   -0.0176175   -0.0187057
   -0.0193259   -0.0194963   -0.0192601   -0.0186779   -0.0178151   -0.0167285
   -0.0154568   -0.0140144   -0.0123881   -0.0105340  -0.00837590  -0.00580851
  -0.00271048   0.00103296   0.00550822    0.0107597    0.0167840    0.0235312
    0.0309157    0.0388368    0.0472012    0.0559364    0.0649924    0.0743373
    0.0839515    0.0938219     0.103938     0.114286     0.124848     0.135596
     0.146490     0.157472     0.168465     0.179365     0.190041     0.200338
     0.210082     0.219091     0.227196     0.234257     0.240181     0.244931
     0.248529     0.251049     0.252606     0.253339     0.253394
    0.0682131    0.0616371    0.0544143    0.0469078    0.0396228    0.0329429
    0.0270054    0.0217350    0.0170013    0.0126947   0.00873779   0.00508496
   0.00171946  -0.00135284  -0.00411160  -0.00653049  -0.00858460   -0.0102559
   -0.0115367   -0.0124302   -0.0129495   -0.0131137   -0.0129425   -0.0124510
   -0.0116444   -0.0105158  -0.00904518  -0.00719927  -0.00493258  -0.00218979
   0.00108851   0.00495776   0.00946116    0.0146234    0.0204477    0.0269165
    0.0339960    0.0416436    0.0498151    0.0584716    0.0675818    0.0771232
    0.0870807    0.0974445     0.108207     0.119362     0.130897     0.142794
     0.155022     0.167528     0.180234     0.193020     0.205715     0.218088
     0.229853     0.240688     0.250284     0.258383     0.264820     0.269541
     0.272604     0.274178     0.274499     0.273834     0.272435
    0.0776447    0.0728036    0.0654288    0.0581910    0.0514961    0.0451769
    0.0392495    0.0337206    0.0285728    0.0237778    0.0193090    0.0151475
    0.0112851   0.00772276   0.00446899   0.00153627  -0.00106196  -0.00331386
  -0.00521076  -0.00674743  -0.00792123  -0.00872995  -0.00916896  -0.00922802
  -0.00888874  -0.00812470  -0.00690885  -0.00521558  -0.00302136 -0.000298896
   0.00298092   0.00684586    0.0113188    0.0164146    0.0221389    0.0284881
    0.0354511    0.0430117    0.0511528    0.0598582    0.0691159    0.0789185
    0.0892639     0.100155     0.111599     0.123604     0.136183     0.149341
     0.163079     0.177383     0.192209     0.207466     0.222983     0.238455
     0.253404     0.267187     0.279162     0.288841     0.295925     0.300317
     0.302146     0.301804     0.299849     0.296830     0.293177
    0.0841333    0.0793106    0.0737074    0.0676273    0.0614545    0.0553863
    0.0495067    0.0438564    0.0384562    0.0333157    0.0284396    0.0238313
    0.0194955    0.0154393    0.0116720   0.00820423   0.00504749   0.00221291
 -0.000288962  -0.00244805  -0.00425388  -0.00569381  -0.00675037  -0.00739705
  -0.00759128  -0.00726078  -0.00636454  -0.00488247  -0.00283342 -0.000210439
   0.00299746   0.00680403    0.0112223    0.0162628    0.0219323    0.0282340
    0.0351679    0.0427323    0.0509254    0.0597466    0.0691988    0.0792892
    0.0900304     0.101441     0.113548     0.126385     0.139992     0.154419
     0.169723     0.185967     0.203209     0.221495     0.240818     0.261044
     0.281711     0.300909     0.316888     0.329081     0.337093     0.340676
     0.339714     0.334991     0.328685     0.321763     0.314777
    0.0926623    0.0889547    0.0827591    0.0763978    0.0703099    0.0643023
    0.0583829    0.0525852    0.0469418    0.0414795    0.0362200    0.0311809
    0.0263774    0.0218235    0.0175325    0.0135173   0.00979045   0.00636412
   0.00325016  0.000460293  -0.00199332  -0.00409730  -0.00583599  -0.00719088
  -0.00814253  -0.00835696  -0.00781771  -0.00644807  -0.00453893  -0.00202519
   0.00109111   0.00482253   0.00917904    0.0141703    0.0198048    0.0260896
    0.0330310    0.0406352    0.0489098    0.0578641    0.0675115    0.0778703
    0.0889654     0.100830     0.113508     0.127055     0.141543     0.157066
     0.173743     0.191728     0.211226     0.232511     0.255962     0.282104
     0.311364     0.340418     0.360387     0.377318     0.386470     0.389050
     0.386163     0.372894     0.358919     0.346322     0.335095
    0.0988252    0.0948750    0.0899411    0.0843184    0.0783880    0.0723405
    0.0662682    0.0602320    0.0542801    0.0484514    0.0427774    0.0372843
    0.0319935    0.0269240    0.0220922    0.0175133    0.0132013   0.00916931
   0.00542961   0.00199384  -0.00112711  -0.00392264  -0.00638115  -0.00848509
  -0.00991163   -0.0106295   -0.0106102  -0.00982414  -0.00825419  -0.00581044
  -0.00279894  0.000853305   0.00514496    0.0100887    0.0156940    0.0219706
    0.0289280    0.0365767    0.0449288    0.0539992    0.0638069    0.0743762
    0.0857390    0.0979362     0.111021     0.125062     0.140147     0.156393
     0.173954     0.193035     0.213918     0.237001     0.262862     0.292375
     0.326717     0.363597     0.389214     0.409526     0.421752     0.424175
     0.421565     0.404365     0.383592     0.365538     0.350460
     0.107201     0.103921    0.0985155    0.0923918    0.0861855    0.0798482
    0.0734362    0.0670159    0.0606436    0.0543640    0.0482123    0.0422171
    0.0364018    0.0307865    0.0253887    0.0202246    0.0153087    0.0106549
   0.00627581   0.00218260  -0.00161623  -0.00511782  -0.00833180   -0.0109207
   -0.0128457   -0.0140746   -0.0145779   -0.0143272   -0.0132942   -0.0114475
  -0.00876758  -0.00515686 -0.000942671   0.00395248   0.00952651    0.0157925
    0.0227607    0.0304427    0.0388515    0.0480028    0.0579165    0.0686175
    0.0801375    0.0925168     0.105807     0.120072     0.135396     0.151888
     0.169685     0.188971     0.209986     0.233048     0.258575     0.287111
     0.319383     0.356458     0.390597     0.408780     0.427407     0.429351
     0.428918     0.417656     0.394349     0.373600     0.356805
     0.114899     0.111555     0.106623     0.100542    0.0938935    0.0869944
    0.0800075    0.0730234    0.0660980    0.0592700    0.0525682    0.0460161
    0.0396335    0.0334379    0.0274456    0.0216716    0.0161308    0.0108376
   0.00580642   0.00105236  -0.00340855  -0.00755735   -0.0113676   -0.0145032
   -0.0169576   -0.0187124   -0.0197437   -0.0200252   -0.0195292   -0.0182270
   -0.0160893   -0.0130833  -0.00918871  -0.00430118   0.00122820   0.00748035
    0.0144512    0.0221529    0.0305951    0.0397902    0.0497546    0.0605092
    0.0720797    0.0844979    0.0978029     0.112043     0.127276     0.143578
     0.161036     0.179760     0.199881     0.221552     0.244948     0.270256
     0.297693     0.327723     0.362750     0.382884     0.395239     0.409909
     0.402583     0.405964     0.384927     0.365622     0.351382
     0.126027     0.123397     0.117386     0.109635     0.101624    0.0936884
    0.0858660    0.0781610    0.0705793    0.0631301    0.0558242    0.0486731
    0.0416888    0.0348836    0.0282704    0.0218620    0.0156721   0.00971507
   0.00400599  -0.00143879  -0.00660173   -0.0114639   -0.0157266   -0.0193563
   -0.0223245   -0.0246033   -0.0261642   -0.0269784   -0.0270168   -0.0262502
   -0.0246494   -0.0221848   -0.0188269   -0.0145423  -0.00931144  -0.00302466
   0.00393883    0.0116592    0.0201238    0.0293373    0.0393117    0.0500621
    0.0616050    0.0739592    0.0871458     0.101189     0.116114     0.131952
     0.148732     0.166479     0.185213     0.204929     0.225580     0.247035
     0.269002     0.290838     0.311196     0.328236     0.341145     0.349695
     0.353701     0.353570     0.349625     0.343323     0.336441
     0.138994     0.138275     0.128415     0.117592     0.108139    0.0992153
    0.0905842    0.0821640    0.0739207    0.0658397    0.0579163    0.0501512
    0.0425490    0.0351167    0.0278634    0.0207995    0.0139369   0.00728911
  0.000871242  -0.00529942   -0.0112042   -0.0165562   -0.0213242   -0.0254753
   -0.0289768   -0.0317958   -0.0338998   -0.0352564   -0.0358342   -0.0356024
   -0.0345311   -0.0325912   -0.0297543   -0.0259919   -0.0212757   -0.0155736
  -0.00886890  -0.00105157   0.00745175    0.0166722    0.0266357    0.0373541
    0.0488347    0.0610816    0.0740966    0.0878789     0.102424     0.117721
     0.133752     0.150480     0.167849     0.185762     0.204067     0.222531
     0.240800     0.258378     0.274642     0.288959     0.300833     0.309984
     0.316342     0.320047     0.321449     0.321080     0.319533
     0.139392     0.137024     0.130620     0.121805     0.112378     0.102999
    0.0938038    0.0847990    0.0759693    0.0673005    0.0587841    0.0504166
    0.0421987    0.0341344    0.0262304    0.0184952    0.0109389   0.00357304
  -0.00358821   -0.0105240   -0.0169545   -0.0228478   -0.0281698   -0.0328847
   -0.0369557   -0.0403461   -0.0430190   -0.0449386   -0.0460702   -0.0463806
   -0.0458385   -0.0444145   -0.0420805   -0.0388099   -0.0345759   -0.0293497
   -0.0230977   -0.0157707  -0.00730956   0.00185670    0.0117971    0.0224870
    0.0339194    0.0460804    0.0589529    0.0725146    0.0867366     0.101581
     0.116997     0.132918     0.149252     0.165875     0.182624     0.199287
     0.215597     0.231238     0.245872     0.259170     0.270863     0.280772
     0.288826     0.295069     0.299646     0.302777     0.304719
     0.149962     0.149691     0.137410     0.125379     0.115027     0.105136
    0.0954819    0.0860034    0.0766741    0.0674796    0.0584116    0.0494669
    0.0406459    0.0319528    0.0233938    0.0149773   0.00671190  -0.00139622
  -0.00934900   -0.0168532   -0.0238704   -0.0303640   -0.0362959   -0.0416264
   -0.0463146   -0.0503189   -0.0535979   -0.0561114   -0.0578207   -0.0586894
   -0.0586841   -0.0577745   -0.0559331   -0.0531358   -0.0493610   -0.0445890
   -0.0388015   -0.0319823   -0.0241211   -0.0152233  -0.00518883   0.00552691
    0.0169867    0.0291469    0.0419786    0.0554422    0.0694917    0.0840735
    0.0991230     0.114561     0.130291     0.146195     0.162128     0.177923
     0.193388     0.208313     0.222486     0.235704     0.247796     0.258634
     0.268143     0.276304     0.283152     0.288760     0.293229
     0.143874     0.141302     0.134696     0.125554     0.115625     0.105609
    0.0956697    0.0858293    0.0760819    0.0664205    0.0568412    0.0473441
    0.0379325    0.0286130    0.0193952    0.0102920   0.00131968  -0.00750013
   -0.0161370   -0.0243017   -0.0319789   -0.0391386   -0.0457430   -0.0517490
   -0.0571109   -0.0617816   -0.0657139   -0.0688618   -0.0711817   -0.0726328
   -0.0731784   -0.0727863   -0.0714291   -0.0690843   -0.0657344   -0.0613666
   -0.0559723   -0.0495472   -0.0420900   -0.0336016   -0.0240781   -0.0135321
  -0.00186471    0.0104210    0.0233726    0.0369182    0.0509994    0.0655578
    0.0805265    0.0958283     0.111373     0.127058     0.142765     0.158365
     0.173716     0.188671     0.203079     0.216800     0.229703     0.241679
     0.252643     0.262534     0.271316     0.278976     0.285517
     0.151610     0.150959     0.137976     0.125646     0.115010     0.104733
    0.0945608    0.0844297    0.0743226    0.0642359    0.0541718    0.0441356
    0.0341346    0.0241789    0.0142810   0.00445691  -0.00527373   -0.0148874
   -0.0241262   -0.0329524   -0.0413273   -0.0492082   -0.0565476   -0.0632942
   -0.0693943   -0.0747930   -0.0794352   -0.0832676   -0.0862397   -0.0883049
   -0.0894217   -0.0895546   -0.0886745   -0.0867595   -0.0837945   -0.0797712
   -0.0746878   -0.0685479   -0.0613594   -0.0531332   -0.0438806   -0.0336130
   -0.0223356   -0.0100712   0.00327447    0.0171253    0.0314587    0.0462394
    0.0614082    0.0768944    0.0926193     0.108497     0.124433     0.140329
     0.156079     0.171573     0.186701     0.201352     0.215418     0.228795
     0.241382     0.253080     0.263795     0.273438     0.281930
     0.141170     0.138002     0.131383     0.122510     0.112747     0.102651
    0.0923925    0.0820310    0.0715930    0.0610952    0.0505504    0.0399704
    0.0293669    0.0187524   0.00814060  -0.00245173   -0.0130007   -0.0232571
   -0.0331860   -0.0427459   -0.0518897   -0.0605650   -0.0687147   -0.0762779
   -0.0831910   -0.0893891   -0.0948077   -0.0993840    -0.103059    -0.105777
    -0.107492    -0.108162    -0.107756    -0.106250    -0.103629   -0.0998900
   -0.0950350   -0.0890750   -0.0820268   -0.0739110   -0.0647502   -0.0545661
   -0.0433755   -0.0311861   -0.0179825  -0.00373312    0.0109894    0.0262114
    0.0418372    0.0577905    0.0740009    0.0903988     0.106913     0.123469
     0.139992     0.156402     0.172618     0.188556     0.204125     0.219225
     0.233742     0.247543     0.260470     0.272344     0.282974
     0.140180     0.136980     0.129648     0.120245     0.110296     0.100054
    0.0895868    0.0789369    0.0681341    0.0572004    0.0461530    0.0350071
    0.0237764    0.0124733   0.00110781   -0.0103171   -0.0215412   -0.0325271
   -0.0432336   -0.0536132   -0.0636115   -0.0731674   -0.0822141   -0.0906801
   -0.0984907    -0.105569    -0.111840    -0.117228    -0.121664    -0.125083
    -0.127429    -0.128655    -0.128723    -0.127608    -0.125295    -0.121781
    -0.117076    -0.111195    -0.104165   -0.0960181   -0.0867890   -0.0765146
   -0.0652295   -0.0529650   -0.0397472   -0.0256029   -0.0105713   0.00544221
    0.0218030    0.0384767    0.0554210    0.0725905    0.0899385     0.107418
     0.124981     0.142580     0.160166     0.177688     0.195082     0.212273
     0.229156     0.245581     0.261331     0.276098     0.289491
     0.139939     0.136872     0.128489     0.118215     0.107813    0.0972243
    0.0864144    0.0753882    0.0641598    0.0527445    0.0411571    0.0294124
    0.0175256   0.00551432  -0.00659985   -0.0187872   -0.0307942   -0.0426026
   -0.0541758   -0.0654641   -0.0764073   -0.0869357   -0.0969722    -0.106434
    -0.115233    -0.123280    -0.130485    -0.136760    -0.142023    -0.146196
    -0.149212    -0.151016    -0.151565    -0.150827    -0.148788    -0.145446
    -0.140815    -0.134918    -0.127790    -0.119476    -0.110025   -0.0994871
   -0.0879144   -0.0753538   -0.0618456   -0.0474194   -0.0320876   -0.0158305
   0.00139336    0.0189407    0.0367821    0.0548893    0.0732366    0.0918015
     0.110566     0.129517     0.148645     0.167945     0.187409     0.207023
     0.226751     0.246509     0.266120     0.285207     0.302941
     0.136822     0.132985     0.125399     0.115621     0.105083    0.0941762
    0.0829854    0.0715334    0.0598321    0.0478919    0.0357231    0.0233366
    0.0107442  -0.00203935   -0.0149927   -0.0278908   -0.0407013   -0.0533860
   -0.0658966   -0.0781741   -0.0901484    -0.101740    -0.112859    -0.123410
    -0.133291    -0.142396    -0.150621    -0.157861    -0.164019    -0.169002
    -0.172733    -0.175143    -0.176180    -0.175811    -0.174017    -0.170798
    -0.166171    -0.160167    -0.152834    -0.144226    -0.134408    -0.123447
    -0.111411   -0.0983636   -0.0843613   -0.0694475   -0.0536485   -0.0369688
   -0.0193879 -0.000857996    0.0179840    0.0371226    0.0565494    0.0762639
    0.0962759     0.116607     0.137292     0.158384     0.179951     0.202083
     0.224888     0.248493     0.273022     0.298522     0.323980
     0.137980     0.134802     0.124915     0.113525     0.102362    0.0910223
    0.0794069    0.0674971    0.0552923    0.0427962    0.0300139    0.0169503
   0.00360849   -0.0100145   -0.0236870   -0.0373823   -0.0510666   -0.0646961
   -0.0782159   -0.0915586    -0.104645    -0.117383    -0.129672    -0.141401
    -0.152451    -0.162702    -0.172028    -0.180310    -0.187429    -0.193280
    -0.197768    -0.200812    -0.202351    -0.202344    -0.200769    -0.197628
    -0.192942    -0.186751    -0.179113    -0.170097    -0.159783    -0.148257
    -0.135606    -0.121913    -0.107252   -0.0916871   -0.0752623   -0.0580016
   -0.0399034   -0.0209363  -0.00103480    0.0191700    0.0396819    0.0605166
    0.0817048     0.103296     0.125365     0.148012     0.171379     0.195655
     0.221099     0.248069     0.277099     0.309199     0.348975
     0.133180     0.128728     0.120786     0.110586    0.0994347    0.0877958
    0.0757777    0.0634037    0.0506804    0.0376113    0.0242000    0.0104511
  -0.00362744   -0.0180170   -0.0324960   -0.0470585   -0.0616782   -0.0763123
   -0.0909019    -0.105373    -0.119638    -0.133594    -0.147126    -0.160107
    -0.172403    -0.183872    -0.194372    -0.203760    -0.211902    -0.218670
    -0.223953    -0.227657    -0.229708    -0.230057    -0.228681    -0.225579
    -0.220779    -0.214330    -0.206300    -0.196777    -0.185858    -0.173648
    -0.160256    -0.145787    -0.130337    -0.113989   -0.0968111   -0.0788457
   -0.0601110   -0.0405945   -0.0202487   0.00101434    0.0225618    0.0444155
    0.0666148    0.0892229     0.112332     0.136068     0.160606     0.186178
     0.213099     0.241798     0.272843     0.307004     0.345568
     0.136198     0.132837     0.121038     0.108636    0.0967854    0.0847035
    0.0722481    0.0593939    0.0461386    0.0324828    0.0184251   0.00396146
   -0.0109188   -0.0260050   -0.0412812   -0.0567265   -0.0723082   -0.0879787
    -0.103674    -0.119314    -0.134800    -0.150020    -0.164843    -0.179127
    -0.192720    -0.205460    -0.217184    -0.227728    -0.236934    -0.244655
    -0.250761    -0.255141    -0.257711    -0.258410    -0.257212    -0.254117
    -0.249157    -0.242391    -0.233902    -0.223793    -0.212183    -0.199198
    -0.184969    -0.169627    -0.153289    -0.136064    -0.118041   -0.0992841
   -0.0798329   -0.0596953   -0.0388452   -0.0172181   0.00529328    0.0280347
    0.0510326    0.0743490    0.0980734     0.122324     0.147258     0.173079
     0.200060     0.228572     0.259112     0.292256     0.327413
     0.129486     0.124387     0.116245     0.105838    0.0941928    0.0818364
    0.0689550    0.0556074    0.0418105    0.0275664    0.0128725  -0.00227341
   -0.0178645   -0.0337029   -0.0497965   -0.0661330   -0.0826816   -0.0993931
    -0.116200    -0.133015    -0.149732    -0.166226    -0.182355    -0.197959
    -0.212866    -0.226897    -0.239863    -0.251580    -0.261867    -0.270554
    -0.277492    -0.282552    -0.285635    -0.286674    -0.285634    -0.282519
    -0.277365    -0.270241    -0.261245    -0.250499    -0.238140    -0.224321
    -0.209197    -0.192922    -0.175640    -0.157483    -0.138562    -0.118966
   -0.0987552   -0.0779574   -0.0565679   -0.0345461   -0.0118168    0.0117220
    0.0353048    0.0590248    0.0829627     0.107204     0.131849     0.157013
     0.182839     0.209499     0.237214     0.266306     0.296926
     0.132787     0.128599     0.117975     0.105270    0.0925183    0.0794781
    0.0660358    0.0521519    0.0378054    0.0229780   0.00764869  -0.00820990
   -0.0244074   -0.0409456   -0.0578207   -0.0750162   -0.0924994    -0.110219
    -0.128103    -0.146060    -0.163974    -0.181710    -0.199112    -0.216006
    -0.232201    -0.247496    -0.261682    -0.274550    -0.285896    -0.295531
    -0.303282    -0.309003    -0.312582    -0.313940    -0.313041    -0.309885
    -0.304516    -0.297012    -0.287488    -0.276082    -0.262956    -0.248285
    -0.232248    -0.215026    -0.196788    -0.177690    -0.157867    -0.137428
    -0.116454   -0.0949919   -0.0730509   -0.0505985   -0.0275497  -0.00374853
    0.0200840    0.0439199    0.0677700    0.0916582     0.115609     0.139636
     0.163732     0.187835     0.211775     0.235156     0.257171
     0.130969     0.126110     0.116298     0.103925    0.0908415    0.0773357
    0.0634122    0.0490435    0.0341998    0.0188524   0.00297207   -0.0134713
   -0.0302856   -0.0474934   -0.0651003   -0.0830942    -0.101444    -0.120098
    -0.138981    -0.157997    -0.177025    -0.195918    -0.214508    -0.232607
    -0.250006    -0.266486    -0.281815    -0.295763    -0.308104    -0.318626
    -0.327138    -0.333475    -0.337512    -0.339161    -0.338379    -0.335168
    -0.329578    -0.321697    -0.311652    -0.299603    -0.285732    -0.270236
    -0.253320    -0.235188    -0.216034    -0.196037    -0.175355    -0.154120
    -0.132431    -0.110357   -0.0879302   -0.0651471   -0.0419692   -0.0183302
   0.00583925    0.0297392    0.0534031    0.0768344     0.100015     0.122900
     0.145408     0.167402     0.188667     0.208885     0.227646
     0.130813     0.125985     0.115609     0.102684    0.0892071    0.0753352
    0.0610389    0.0462828    0.0310326    0.0152548  -0.00108422   -0.0180194
   -0.0353689   -0.0531611   -0.0714064   -0.0900963    -0.109201    -0.128670
    -0.148427    -0.168370    -0.188372    -0.208280    -0.227914    -0.247072
    -0.265532    -0.283055    -0.299393    -0.314294    -0.327513    -0.338818
    -0.347998    -0.354875    -0.359310    -0.361206    -0.360517    -0.357245
    -0.351443    -0.343211    -0.332689    -0.320052    -0.305503    -0.289260
    -0.271550    -0.252599    -0.232624    -0.211824    -0.190378    -0.168435
    -0.146116    -0.123506    -0.100655   -0.0775767   -0.0542432   -0.0305829
  -0.00646255    0.0173562    0.0407945    0.0638035    0.0863332     0.108318
     0.129666     0.150252     0.169913     0.188449     0.205640
     0.130209     0.125379     0.114596     0.101310    0.0875888    0.0734814
    0.0589324    0.0439009    0.0283509    0.0122478  -0.00444314   -0.0217587
   -0.0395267   -0.0577793   -0.0765303   -0.0957735    -0.115481    -0.135601
    -0.156056    -0.176742    -0.197527    -0.218250    -0.238725    -0.258737
    -0.278053    -0.296418    -0.313570    -0.329240    -0.343167    -0.355101
    -0.364819    -0.372128    -0.376877    -0.378965    -0.378340    -0.375006
    -0.369019    -0.360487    -0.349563    -0.336435    -0.321322    -0.304460
    -0.286094    -0.266469    -0.245818    -0.224361    -0.202291    -0.179775
    -0.156947    -0.133909    -0.110726   -0.0874300   -0.0640195   -0.0404639
   -0.0167138   0.00727322    0.0306275    0.0533551    0.0754292    0.0967981
     0.117388     0.137105     0.155837     0.173460     0.189843
     0.127856     0.122539     0.112434    0.0996640    0.0860070    0.0718261
    0.0571507    0.0419578    0.0262167   0.00989554  -0.00703519   -0.0245976
   -0.0426394   -0.0611985   -0.0802908   -0.0999113    -0.120032    -0.140601
    -0.161538    -0.182739    -0.204067    -0.225357    -0.246415    -0.267022
    -0.286932    -0.305883    -0.323600    -0.339805    -0.354222    -0.366591
    -0.376678    -0.384280    -0.389241    -0.391452    -0.390860    -0.387468
    -0.381338    -0.372583    -0.361362    -0.347876    -0.332354    -0.315045
    -0.296207    -0.276099    -0.254967    -0.233043    -0.210532    -0.187611
    -0.164425    -0.141086    -0.117669   -0.0942141   -0.0707269   -0.0471792
   -0.0235080  0.000387909    0.0235977    0.0461004    0.0678626    0.0888373
     0.108965     0.128173     0.146383     0.163511     0.179476
     0.128775     0.124159     0.112376    0.0985343    0.0847002    0.0704980
    0.0557940    0.0405403    0.0247050   0.00825371  -0.00885692   -0.0264683
   -0.0446076   -0.0632971   -0.0825456    -0.102345    -0.122665    -0.143452
    -0.164626    -0.186080    -0.207675    -0.229244    -0.250591    -0.271490
    -0.291692    -0.310931    -0.328925    -0.345388    -0.360042    -0.372618
    -0.382878    -0.390614    -0.395666    -0.397923    -0.397330    -0.393892
    -0.387672    -0.378786    -0.367398    -0.353714    -0.337970    -0.320421
    -0.301332    -0.280969    -0.259585    -0.237417    -0.214677    -0.191549
    -0.168181    -0.144691    -0.121157   -0.0976245   -0.0741000   -0.0505560
   -0.0269279  -0.00311279    0.0199869    0.0423431    0.0639202    0.0846739
     0.104552     0.123494     0.141439     0.158322     0.174083
     0.123618     0.117728     0.108512    0.0967772    0.0836222    0.0696262
    0.0549881    0.0397571    0.0239302   0.00748251  -0.00962160   -0.0272079
   -0.0453183   -0.0639792   -0.0832006    -0.102973    -0.123268    -0.144029
    -0.165177    -0.186604    -0.208172    -0.229713    -0.251029    -0.271896
    -0.292066    -0.311271    -0.329229    -0.345657    -0.360273    -0.372812
    -0.383034    -0.390733    -0.395748    -0.397969    -0.397342    -0.393872
    -0.387622    -0.378709    -0.367297    -0.353592    -0.337830    -0.320267
    -0.301168    -0.280797    -0.259408    -0.237239    -0.214501    -0.191377
    -0.168017    -0.144538    -0.121020   -0.0975058   -0.0740053   -0.0504909
   -0.0268988  -0.00312707    0.0199211    0.0422174    0.0637264    0.0844047
     0.104202     0.123061     0.140925     0.157733     0.173430
     0.129211     0.125093     0.112118    0.0976663    0.0837067    0.0694912
    0.0548251    0.0396423    0.0239031   0.00756987  -0.00939832   -0.0268291
   -0.0447649   -0.0632325   -0.0822414    -0.101782    -0.121825    -0.142316
    -0.163174    -0.184294    -0.205537    -0.226740    -0.247707    -0.268218
    -0.288029    -0.306878    -0.324489    -0.340585    -0.354891    -0.367148
    -0.377122    -0.384613    -0.389465    -0.391570    -0.390878    -0.387392
    -0.381175    -0.372340    -0.361049    -0.347502    -0.331928    -0.314578
    -0.295708    -0.275577    -0.254432    -0.232503    -0.209996    -0.187088
    -0.163925    -0.140617    -0.117243   -0.0938424   -0.0704241   -0.0469618
   -0.0233957  0.000372421    0.0234287    0.0457507    0.0673048    0.0880467
     0.107922     0.126867     0.144816     0.161701     0.177457
     0.125170     0.119780     0.109916    0.0973428    0.0837644    0.0696646
    0.0551112    0.0400843    0.0245463   0.00845413  -0.00824151   -0.0253839
   -0.0430009   -0.0611139   -0.0797310   -0.0988425    -0.118418    -0.138405
    -0.158723    -0.179269    -0.199909    -0.220483    -0.240802    -0.260653
    -0.279801    -0.297994    -0.314968    -0.330457    -0.344200    -0.355950
    -0.365483    -0.372610    -0.377183    -0.379100    -0.378313    -0.374827
    -0.368701    -0.360043    -0.349007    -0.335783    -0.320589    -0.303661
    -0.285244    -0.265583    -0.244911    -0.223445    -0.201380    -0.178882
    -0.156086    -0.133094    -0.109973   -0.0867585   -0.0634518   -0.0400271
   -0.0164406   0.00734308    0.0304473    0.0528732    0.0745910    0.0955503
     0.115684     0.134913     0.153148     0.170296     0.186264
     0.127380     0.122959     0.111447    0.0977070    0.0839708    0.0699997
    0.0556750    0.0409372    0.0257414    0.0100486  -0.00617511   -0.0229528
   -0.0401297   -0.0577413   -0.0758012   -0.0943021    -0.113215    -0.132487
    -0.152043    -0.171779    -0.191570    -0.211259    -0.230669    -0.249595
    -0.267817    -0.285096    -0.301185    -0.315834    -0.328799    -0.339849
    -0.348778    -0.355409    -0.359605    -0.361272    -0.360367    -0.356895
    -0.350909    -0.342512    -0.331844    -0.319083    -0.304429    -0.288102
    -0.270327    -0.251329    -0.231323    -0.210511    -0.189067    -0.167143
    -0.144858    -0.122298   -0.0995174   -0.0765310   -0.0533177   -0.0298125
  -0.00589154    0.0176692    0.0407784    0.0633742    0.0853959     0.106771
     0.127408     0.147198     0.166012     0.183706     0.200134
     0.124488     0.119519     0.109588    0.0970647    0.0838478    0.0702723
    0.0563503    0.0420470    0.0273220    0.0121360  -0.00354751   -0.0197644
   -0.0363371   -0.0532928   -0.0706406   -0.0883703    -0.106452    -0.124833
    -0.143439    -0.162173    -0.180913    -0.199512    -0.217803    -0.235595
    -0.252682    -0.268844    -0.283853    -0.297480    -0.309499    -0.319703
    -0.327902    -0.333935    -0.337680    -0.339052    -0.338011    -0.334561
    -0.328753    -0.320679    -0.310465    -0.298272    -0.284280    -0.268687
    -0.251697    -0.233510    -0.214321    -0.194307    -0.173622    -0.152399
    -0.130737    -0.108704   -0.0863361   -0.0636331   -0.0405628   -0.0170687
   0.00690506    0.0305356    0.0538351    0.0767816    0.0993280     0.121401
     0.142896     0.163668     0.183531     0.202258     0.219596
     0.123666     0.119073     0.108879    0.0963335    0.0834871    0.0704166
    0.0570489    0.0433264    0.0292043    0.0146453 -0.000384175   -0.0159163
   -0.0317620   -0.0479401   -0.0644528   -0.0812853   -0.0984049    -0.115760
    -0.133277    -0.150864    -0.168405    -0.185764    -0.202785    -0.219293
    -0.235100    -0.250004    -0.263799    -0.276279    -0.287241    -0.296499
    -0.303884    -0.309253    -0.312497    -0.313541    -0.312350    -0.308929
    -0.303321    -0.295607    -0.285901    -0.274342    -0.261090    -0.246318
    -0.230204    -0.212926    -0.194650    -0.175529    -0.155695    -0.135257
    -0.114292   -0.0928466   -0.0709320   -0.0485180   -0.0255254  -0.00180715
    0.0218913    0.0455189    0.0690563    0.0924865     0.115781     0.138886
     0.161706     0.184084     0.205774     0.226416     0.245541
     0.120938     0.116431     0.106614    0.0947270    0.0826601    0.0703677
    0.0577499    0.0447573    0.0313605    0.0175365   0.00326259   -0.0114876
   -0.0265262   -0.0418483   -0.0574452   -0.0732967   -0.0893678    -0.105607
    -0.121944    -0.138291    -0.154541    -0.170568    -0.186228    -0.201365
    -0.215806    -0.229373    -0.241881    -0.253147    -0.262992    -0.271253
    -0.277780    -0.282450    -0.285167    -0.285865    -0.284515    -0.281121
    -0.275720    -0.268381    -0.259204    -0.248306    -0.235827    -0.221913
    -0.206718    -0.190391    -0.173074    -0.154892    -0.135954    -0.116342
   -0.0961147   -0.0752962   -0.0538800   -0.0318253  -0.00905967    0.0145127
    0.0380998    0.0617742    0.0855857     0.109575     0.133773     0.158198
     0.182841     0.207631     0.232377     0.256625     0.279461
     0.114635     0.109372     0.101685    0.0921573    0.0815703    0.0703320
    0.0585966    0.0464186    0.0338170    0.0207979   0.00736275  -0.00648529
   -0.0207337   -0.0351798   -0.0498256   -0.0646544   -0.0796330   -0.0947119
    -0.109825    -0.124890    -0.139808    -0.154464    -0.168730    -0.182463
    -0.195512    -0.207718    -0.218919    -0.228955    -0.237670    -0.244922
    -0.250583    -0.254546    -0.256729    -0.257076    -0.255561    -0.252186
    -0.246984    -0.240013    -0.231355    -0.221111    -0.209396    -0.196334
    -0.182052    -0.166671    -0.150309    -0.133064    -0.115020   -0.0962343
   -0.0767398   -0.0565373   -0.0355939   -0.0138393   0.00883853    0.0317709
    0.0549788    0.0785139     0.102447     0.126869     0.151887     0.177634
     0.204269     0.231988     0.261043     0.291800     0.324432
     0.115961     0.111827     0.101845    0.0915636    0.0813947    0.0708394
    0.0598467    0.0484280    0.0365999    0.0243751    0.0117622  -0.00123412
   -0.0146117   -0.0281401   -0.0418110   -0.0556023   -0.0694787   -0.0833914
   -0.0972778    -0.111061    -0.124652    -0.137947    -0.150830    -0.163177
    -0.174854    -0.185721    -0.195640    -0.204470    -0.212079    -0.218345
    -0.223159    -0.226429    -0.228086    -0.228083    -0.226396    -0.223028
    -0.218004    -0.211372    -0.203200    -0.193571    -0.182577    -0.170321
    -0.156904    -0.142424    -0.126971    -0.110621   -0.0934303   -0.0754341
   -0.0566390   -0.0370201   -0.0165169   0.00497240    0.0268117    0.0490320
    0.0716814    0.0948314     0.118581     0.143063     0.168454     0.194985
     0.222967     0.252820     0.285111     0.320497     0.358309
     0.111668     0.106795    0.0997719    0.0912007    0.0818052    0.0718901
    0.0615475    0.0508124    0.0397048    0.0282392    0.0164254   0.00426861
  -0.00823371   -0.0208561   -0.0335715   -0.0463486   -0.0591489   -0.0719246
   -0.0846169   -0.0971561    -0.109461    -0.121440    -0.132991    -0.144004
    -0.154364    -0.163950    -0.172643    -0.180323    -0.186878    -0.192203
    -0.196207    -0.198814    -0.199963    -0.199615    -0.197750    -0.194368
    -0.189490    -0.183154    -0.175412    -0.166332    -0.155989    -0.144461
    -0.131828    -0.118166    -0.103542   -0.0880084   -0.0716006   -0.0543300
   -0.0361790   -0.0170980   0.00299916    0.0234862    0.0443854    0.0657336
    0.0875855     0.110019     0.133143     0.157104     0.182098     0.208392
     0.236344     0.266440     0.299330     0.335893     0.377598
     0.113721     0.109941     0.101402    0.0920855    0.0828901    0.0734262
    0.0636318    0.0535069    0.0430636    0.0323165    0.0212798   0.00996741
  -0.00160498   -0.0134157   -0.0252484   -0.0370724   -0.0488534   -0.0605486
   -0.0721060   -0.0834636   -0.0945499    -0.105284    -0.115578    -0.125337
    -0.134460    -0.142845    -0.150390    -0.156995    -0.162563    -0.167008
    -0.170252    -0.172231    -0.172895    -0.172209    -0.170156    -0.166735
    -0.161960    -0.155861    -0.148479    -0.139864    -0.130075    -0.119172
    -0.107215   -0.0942580   -0.0803492   -0.0655229   -0.0497972   -0.0331666
   -0.0155860   0.00302033    0.0220265    0.0414413    0.0612825    0.0815793
     0.102376     0.123738     0.145753     0.168541     0.192263     0.217136
     0.243452     0.271616     0.302231     0.336449     0.379523
     0.111536     0.107192     0.100714    0.0928014    0.0842201    0.0752463
    0.0659575    0.0563846    0.0465484    0.0364666    0.0261560    0.0156333
   0.00491594  -0.00597492   -0.0170115   -0.0279515   -0.0387789   -0.0494620
   -0.0599571   -0.0702107   -0.0801608   -0.0897377   -0.0988651    -0.107462
    -0.115442    -0.122719    -0.129207    -0.134820    -0.139479    -0.143109
    -0.145647    -0.147038    -0.147239    -0.146220    -0.143966    -0.140474
    -0.135752    -0.129822    -0.122713    -0.114464    -0.105116   -0.0947132
   -0.0832970   -0.0709042   -0.0575634   -0.0432940   -0.0281099   -0.0120318
   0.00506221    0.0225564    0.0404498    0.0587406    0.0774318    0.0965339
     0.116067     0.136065     0.156575     0.177659     0.199400     0.221900
     0.245277     0.269667     0.295191     0.321854     0.348477
     0.113454     0.109924     0.102685    0.0943156    0.0858944    0.0772611
    0.0683915    0.0593003    0.0500081    0.0405339    0.0308941    0.0211028
    0.0111719   0.00110985  -0.00908251   -0.0191577   -0.0290819   -0.0388191
   -0.0483280   -0.0575609   -0.0664638   -0.0749766   -0.0830342   -0.0905672
   -0.0975036    -0.103770    -0.109292    -0.114001    -0.117827    -0.120710
    -0.122594    -0.123434    -0.123193    -0.121844    -0.119371    -0.115769
    -0.111043    -0.105205   -0.0982746   -0.0902785   -0.0812446   -0.0712013
   -0.0601739   -0.0481799   -0.0352244   -0.0212849  -0.00631776   0.00911662
    0.0250663    0.0414612    0.0582571    0.0754231    0.0929366     0.110781
     0.128946     0.147427     0.166221     0.185329     0.204748     0.224465
     0.244437     0.264567     0.284644     0.304234     0.322429
     0.112845     0.109119     0.103090    0.0956407    0.0876189    0.0792939
    0.0707640    0.0620790    0.0532681    0.0443500    0.0353384    0.0262445
    0.0170786   0.00785087  -0.00142662   -0.0107358   -0.0198408   -0.0287131
   -0.0373183   -0.0456165   -0.0535620   -0.0611041   -0.0681879   -0.0747547
   -0.0807436   -0.0860928   -0.0907405   -0.0946270   -0.0976952   -0.0998929
    -0.101173    -0.101496    -0.100828   -0.0991461   -0.0964322   -0.0926785
   -0.0878837   -0.0820533   -0.0751981   -0.0673326   -0.0584735   -0.0486368
   -0.0378374   -0.0260819   -0.0133925  0.000329602    0.0145131    0.0291473
    0.0442140    0.0596765    0.0754931    0.0916217     0.108021     0.124651
     0.141470     0.158440     0.175515     0.192649     0.209781     0.226830
     0.243683     0.260172     0.276052     0.290982     0.304525
     0.114487     0.111233     0.105266    0.0976224    0.0894672    0.0811813
    0.0728479    0.0644876    0.0561073    0.0477107    0.0393009    0.0308812
    0.0224565    0.0140331   0.00561969  -0.00277229   -0.0111291   -0.0192095
   -0.0269870   -0.0344300   -0.0415020   -0.0481609   -0.0543607   -0.0600521
   -0.0651837   -0.0697034   -0.0735590   -0.0766998   -0.0790772   -0.0806461
   -0.0813653   -0.0811990   -0.0801166   -0.0780938   -0.0751123   -0.0711595
   -0.0662282   -0.0603159   -0.0534238   -0.0455553   -0.0367156   -0.0269054
   -0.0161424  -0.00433062   0.00801859    0.0209529    0.0344023    0.0483134
    0.0626373    0.0773228    0.0923155     0.107558     0.122989     0.138544
     0.154159     0.169763     0.185282     0.200637     0.215740     0.230489
     0.244764     0.258418     0.271275     0.283132     0.293770
     0.119682     0.118822     0.109554    0.0994814    0.0907325    0.0823857
    0.0742294    0.0661954    0.0582531    0.0503856    0.0425822    0.0348367
    0.0271466    0.0195126    0.0119387   0.00443140  -0.00300026   -0.0103458
   -0.0173565   -0.0240103   -0.0302813   -0.0361346   -0.0415310   -0.0464284
   -0.0507832   -0.0545512   -0.0576880   -0.0601503   -0.0618960   -0.0628851
   -0.0630803   -0.0624478   -0.0609575   -0.0585837   -0.0553051   -0.0511041
   -0.0459660   -0.0398786   -0.0328329   -0.0248179   -0.0158410  -0.00580420
   0.00481954    0.0160867    0.0279452    0.0403573    0.0532757    0.0666485
    0.0804198    0.0945280     0.108906     0.123478     0.138165     0.152879
     0.167527     0.182015     0.196242     0.210110     0.223517     0.236363
     0.248544     0.259956     0.270490     0.280039     0.288502
     0.114202     0.111511     0.105835    0.0982706    0.0902171    0.0822386
    0.0744532    0.0668600    0.0594353    0.0521553    0.0450009    0.0379582
    0.0310187    0.0241786    0.0174383    0.0108018   0.00427576  -0.00213172
  -0.00841360   -0.0143179   -0.0198503   -0.0249667   -0.0296314   -0.0338061
   -0.0374534   -0.0405359   -0.0430163   -0.0448573   -0.0460219   -0.0464735
   -0.0461766   -0.0450970   -0.0432028   -0.0404651   -0.0368588   -0.0323627
   -0.0269499   -0.0205929   -0.0132851  -0.00492176   0.00405728    0.0137182
    0.0240244    0.0349533    0.0464731    0.0585471    0.0711315    0.0841754
    0.0976198     0.111396     0.125424     0.139614     0.153862     0.168054
     0.182068     0.195774     0.209046     0.221760     0.233803     0.245079
     0.255507     0.265024     0.273583     0.281153     0.287715
     0.116689     0.117263     0.106427    0.0964300    0.0882005    0.0805515
    0.0732597    0.0662441    0.0594559    0.0528591    0.0464266    0.0401391
    0.0339844    0.0279564    0.0220547    0.0162839    0.0106532   0.00517731
 -0.000122638  -0.00521427   -0.0101142   -0.0145604   -0.0185620   -0.0220754
   -0.0250705   -0.0275193   -0.0293924   -0.0306585   -0.0312846   -0.0312361
   -0.0304771   -0.0289700   -0.0266765   -0.0235585   -0.0195866   -0.0147638
  -0.00903041  -0.00226209   0.00513140    0.0132257    0.0219975    0.0314375
    0.0415294    0.0522529    0.0635832    0.0754894    0.0879334     0.100868
     0.114236     0.127966     0.141969     0.156139     0.170349     0.184448
     0.198270     0.211637     0.224369     0.236300     0.247294     0.257248
     0.266105     0.273850     0.280504     0.286118     0.290758
     0.105638     0.103094    0.0978535    0.0909891    0.0838570    0.0769834
    0.0704455    0.0642060    0.0582133    0.0524242    0.0468071    0.0413409
    0.0360132    0.0308188    0.0257589    0.0208396    0.0160723    0.0114728
   0.00706142   0.00286206  -0.00110036  -0.00478984  -0.00822353   -0.0111158
   -0.0134869   -0.0153307   -0.0166282   -0.0173536   -0.0174766   -0.0169640
   -0.0157783   -0.0138765   -0.0112049  -0.00768765  -0.00320178   0.00189072
   0.00768456    0.0142180    0.0214572    0.0293936    0.0380175    0.0473203
    0.0572919    0.0679200    0.0791890    0.0910784     0.103561     0.116602
     0.130154     0.144151     0.158507     0.173108     0.187802     0.202396
     0.216654     0.230304     0.243064     0.254678     0.264941     0.273732
     0.281017     0.286850     0.291360     0.294726     0.297139
     0.102078     0.101720    0.0928851    0.0842016    0.0774608    0.0714961
    0.0659757    0.0607512    0.0557411    0.0508979    0.0461935    0.0416128
    0.0371495    0.0328038    0.0285815    0.0244927    0.0205515    0.0167762
    0.0131888   0.00981502   0.00668529   0.00383584   0.00130989 -0.000823465
  -0.00252245  -0.00375436  -0.00448889  -0.00469575  -0.00434394  -0.00340149
  -0.00183556  0.000387263   0.00329979   0.00693042    0.0112918    0.0163493
    0.0221014    0.0285519    0.0356983    0.0435392    0.0520735    0.0613006
    0.0712200    0.0818308    0.0931310     0.105117     0.117780     0.131108
     0.145077     0.159649     0.174763     0.190322     0.206175     0.222097
     0.237755     0.252700     0.266406     0.278388     0.288305     0.295985
     0.301428     0.304801     0.306435     0.306779     0.306282
    0.0847420    0.0816199    0.0773804    0.0727101    0.0682557    0.0640608
    0.0600333    0.0561111    0.0522641    0.0484804    0.0447581    0.0411010
    0.0375168    0.0340161    0.0306120    0.0273201    0.0241585    0.0211480
    0.0183120    0.0156774    0.0132740    0.0111355   0.00929937   0.00780633
   0.00669439   0.00599863   0.00575221   0.00598711   0.00673458   0.00802518
   0.00988849    0.0123524    0.0154422    0.0191781    0.0235735    0.0286336
    0.0343639    0.0407708    0.0478602    0.0556387    0.0641138    0.0732943
    0.0831909    0.0938163     0.105186     0.117316     0.130226     0.143937
     0.158469     0.173836     0.190041     0.207066     0.224846     0.243230
     0.261894     0.280137     0.296633     0.310084     0.320175     0.326641
     0.329561     0.329209     0.326077     0.321615     0.316984
    0.0666241    0.0619753    0.0601655    0.0592058    0.0577099    0.0557087
    0.0533882    0.0508714    0.0482335    0.0455247    0.0427815    0.0400326
    0.0373026    0.0346135    0.0319863    0.0294420    0.0270020    0.0246892
    0.0225281    0.0205452    0.0187692    0.0172312    0.0159641    0.0150021
    0.0143796    0.0141305    0.0142878    0.0148836    0.0159492    0.0175147
    0.0196085    0.0222572    0.0254848    0.0293119    0.0337557    0.0388302
    0.0445479    0.0509207    0.0579603    0.0656797    0.0740933    0.0832185
    0.0930759     0.103691     0.115096     0.127330     0.140442     0.154491
     0.169552     0.185714     0.203084     0.221784     0.241951     0.263732
     0.287319     0.313381     0.343166     0.352045     0.366388     0.369682
     0.367909     0.367389     0.348649     0.335838     0.326133
    0.0523927    0.0464236    0.0469009    0.0484156    0.0486730    0.0481594
    0.0471454    0.0457888    0.0441954    0.0424414    0.0405833    0.0386646
    0.0367200    0.0347785    0.0328654    0.0310044    0.0292184    0.0275307
    0.0259657    0.0245492    0.0233088    0.0222736    0.0214747    0.0209441
    0.0207148    0.0208199    0.0212926    0.0221656    0.0234707    0.0252385
    0.0274983    0.0302769    0.0335992    0.0374871    0.0419601    0.0470356
    0.0527291    0.0590555    0.0660300    0.0736688    0.0819904    0.0910169
     0.100776     0.111300     0.122635     0.134835     0.147970     0.162135
     0.177449     0.194071     0.212209     0.232142     0.254232     0.278947
     0.306953     0.338675     0.360607     0.375957     0.387963     0.387623
     0.387603     0.372969     0.355358     0.340574     0.328777
    0.0477233    0.0425816    0.0410972    0.0414987    0.0420238    0.0421782
    0.0419352    0.0413652    0.0405470    0.0395487    0.0384246    0.0372178
    0.0359621    0.0346852    0.0334111    0.0321612    0.0309568    0.0298194
    0.0287715    0.0278376    0.0270439    0.0264185    0.0259916    0.0257950
    0.0258615    0.0262253    0.0269206    0.0279819    0.0294429    0.0313363
    0.0336931    0.0365419    0.0399089    0.0438174    0.0482878    0.0533379
    0.0589837    0.0652400    0.0721214    0.0796438    0.0878253    0.0966880
     0.106259     0.116575     0.127679     0.139632     0.152511     0.166416
     0.181484     0.197897     0.215910     0.235886     0.258359     0.284131
     0.313920     0.341780     0.360249     0.376171     0.382416     0.384176
     0.378089     0.362569     0.347058     0.334011     0.323175
    0.0381034    0.0311314    0.0331907    0.0358990    0.0370988    0.0376614
    0.0378344    0.0377326    0.0374321    0.0369893    0.0364455    0.0358312
    0.0351692    0.0344771    0.0337702    0.0330631    0.0323713    0.0317119
    0.0311042    0.0305704    0.0301353    0.0298263    0.0296737    0.0297100
    0.0299697    0.0304892    0.0313058    0.0324573    0.0339814    0.0359147
    0.0382918    0.0411443    0.0445006    0.0483848    0.0528170    0.0578137
    0.0633878    0.0695506    0.0763120    0.0836829    0.0916760     0.100307
     0.109598     0.119577     0.130279     0.141755     0.154064     0.167289
     0.181534     0.196938     0.213685     0.232028     0.252322     0.275037
     0.300038     0.321686     0.336839     0.349684     0.354492     0.356166
     0.350343     0.339129     0.328613     0.319260     0.310996
    0.0408142    0.0353966    0.0334511    0.0335385    0.0340528    0.0344474
    0.0346657    0.0347556    0.0347657    0.0347268    0.0346542    0.0345530
    0.0344234    0.0342640    0.0340750    0.0338591    0.0336230    0.0333773
    0.0331374    0.0329226    0.0327567    0.0326670    0.0326847    0.0328444
    0.0331837    0.0337428    0.0345643    0.0356921    0.0371706    0.0390435
    0.0413519    0.0441330    0.0474187    0.0512342    0.0555981    0.0605225
    0.0660139    0.0720749    0.0787063    0.0859084    0.0936832     0.102036
     0.110975     0.120517     0.130680     0.141492     0.152987     0.165206
     0.178195     0.192006     0.206688     0.222272     0.238737     0.255937
     0.273202     0.288441     0.300779     0.309862     0.315355     0.317103
     0.315104     0.310792     0.305662     0.300288     0.294999
    0.0335119    0.0258311    0.0291723    0.0314824    0.0319196    0.0319467
    0.0319432    0.0320350    0.0322484    0.0325651    0.0329502    0.0333646
    0.0337729    0.0341462    0.0344642    0.0347150    0.0348954    0.0350099
    0.0350698    0.0350930    0.0351029    0.0351281    0.0352018    0.0353617
    0.0356495    0.0361114    0.0367975    0.0377613    0.0390587    0.0407458
    0.0428761    0.0454974    0.0486484    0.0523568    0.0566378    0.0614951
    0.0669225    0.0729074    0.0794337    0.0864853    0.0940485     0.102113
     0.110674     0.119729     0.129281     0.139335     0.149896     0.160965
     0.172539     0.184598     0.197094     0.209934     0.222941     0.235815
     0.248091     0.259203     0.268648     0.276080     0.281314     0.284336
     0.285346     0.284748     0.283029     0.280605     0.277786
    0.0448384    0.0390339    0.0350825    0.0324359    0.0305231    0.0292912
    0.0287686    0.0288481    0.0293714    0.0301918    0.0311838    0.0322439
    0.0332909    0.0342648    0.0351249    0.0358473    0.0364218    0.0368497
    0.0371419    0.0373172    0.0374012    0.0374253    0.0374260    0.0374443
    0.0375266    0.0377252    0.0380993    0.0387161    0.0396502    0.0409804
    0.0427847    0.0451326    0.0480781    0.0516543    0.0558705    0.0607135
    0.0661526    0.0721463    0.0786503    0.0856232    0.0930306     0.100846
     0.109049     0.117626     0.126566     0.135857     0.145485     0.155430
     0.165658     0.176119     0.186736     0.197393     0.207932     0.218141
     0.227766     0.236535     0.244200     0.250572     0.255548     0.259119
     0.261373     0.262477     0.262643     0.262089     0.261011
    0.0494513    0.0432144    0.0372480    0.0315444    0.0264531    0.0237450
    0.0234357    0.0241577    0.0255394    0.0273268    0.0292999    0.0312909
    0.0331789    0.0348830    0.0363544    0.0375681    0.0385169    0.0392064
    0.0396527    0.0398803    0.0399207    0.0398113    0.0395930    0.0393097
    0.0390087    0.0387436    0.0385796    0.0385983    0.0389025    0.0396140
    0.0408633    0.0427697    0.0454226    0.0488681    0.0531040    0.0580816
    0.0637164    0.0699080    0.0765606    0.0835956    0.0909560    0.0986022
     0.106508     0.114656     0.123029     0.131613     0.140386     0.149322
     0.158381     0.167509     0.176633     0.185660     0.194473     0.202935
     0.210896     0.218207     0.224734     0.230373     0.235062     0.238791
     0.241595     0.243550     0.244760     0.245342     0.245414
    0.0524905    0.0455514    0.0380244    0.0295382    0.0199437    0.0151951
    0.0150552    0.0171630    0.0205116    0.0240524    0.0275920    0.0309245
    0.0339111    0.0364855    0.0386240    0.0403263    0.0416039    0.0424766
    0.0429710    0.0431214    0.0429717    0.0425730    0.0419761    0.0412251
    0.0403576    0.0394111    0.0384343    0.0375042    0.0367511    0.0363804
    0.0366572    0.0378290    0.0400614    0.0434291    0.0479113    0.0533858
    0.0596318    0.0664001    0.0734970    0.0808041    0.0882583    0.0958294
     0.103504     0.111276     0.119140     0.127087     0.135103     0.143165
     0.151241     0.159285     0.167243     0.175044     0.182608     0.189848
     0.196671     0.202988     0.208722     0.213809     0.218214     0.221924
     0.224952     0.227336     0.229129     0.230398     0.231213
    0.0560046    0.0489758    0.0410782    0.0318337    0.0204455    0.0131761
   0.00906655    0.0107947    0.0148060    0.0210708    0.0270723    0.0321463
    0.0363847    0.0398482    0.0426002    0.0447111    0.0462137    0.0471434
    0.0475440    0.0474363    0.0468813    0.0459897    0.0448488    0.0434976
    0.0419399    0.0401594    0.0381308    0.0358373    0.0333144    0.0308110
    0.0291606    0.0291245    0.0306867    0.0341485    0.0392960    0.0462419
    0.0541571    0.0622035    0.0701323    0.0779050    0.0855401    0.0930703
     0.100528     0.107938     0.115318     0.122677     0.130012     0.137311
     0.144553     0.151708     0.158734     0.165585     0.172206     0.178539
     0.184527     0.190112     0.195247     0.199893     0.204025     0.207632
     0.210720     0.213305     0.215418     0.217097     0.218385
    0.0607361    0.0544565    0.0475844    0.0400159    0.0319051    0.0238026
    0.0142051    0.0137973    0.0143974    0.0227158    0.0303188    0.0365842
    0.0419466    0.0460252    0.0489050    0.0514240    0.0529860    0.0536179
    0.0540259    0.0534143    0.0518570    0.0501447    0.0483384    0.0463821
    0.0441948    0.0416733    0.0386797    0.0350148    0.0303636    0.0240968
    0.0169457    0.0182436    0.0156686    0.0226855    0.0253541    0.0381510
    0.0493387    0.0590205    0.0677727    0.0758909    0.0835647    0.0909249
    0.0980631     0.105043     0.111907     0.118678     0.125368     0.131975
     0.138488     0.144886     0.151142     0.157225     0.163097     0.168720
     0.174056     0.179067     0.183721     0.187994     0.191867     0.195333
     0.198390     0.201048     0.203324     0.205240     0.206822
    0.0663879    0.0613389    0.0559781    0.0503161    0.0444687    0.0386584
    0.0333424    0.0288297    0.0224374    0.0323591    0.0385019    0.0440868
    0.0497996    0.0538377    0.0557631    0.0588078    0.0602255    0.0599702
    0.0609769    0.0597939    0.0568536    0.0544559    0.0522172    0.0499300
    0.0474454    0.0446203    0.0412800    0.0371775    0.0319393    0.0250338
    0.0184193    0.0180881    0.0168647    0.0222286    0.0265573    0.0381255
    0.0495678    0.0593458    0.0679595    0.0757690    0.0830193    0.0898801
    0.0964691     0.102866     0.109121     0.115264     0.121309     0.127259
     0.133105     0.138836     0.144430     0.149866     0.155117     0.160155
     0.164955     0.169491     0.173740     0.177686     0.181314     0.184617
     0.187594     0.190248     0.192589     0.194631     0.196389
