    0.0465055    0.0386254    0.0299841    0.0205502    0.0103900 -0.000334621
   -0.0112337   -0.0222072   -0.0348416   -0.0341817   -0.0386700   -0.0464864
   -0.0589242   -0.0669641   -0.0666320   -0.0738233   -0.0756893   -0.0704649
   -0.0729226   -0.0671174   -0.0536504   -0.0444992   -0.0378841   -0.0329766
   -0.0293606   -0.0268379   -0.0253526   -0.0249756   -0.0259273   -0.0285227
   -0.0305960   -0.0284643   -0.0260564   -0.0193208   -0.0122911 -0.000333220
    0.0120158    0.0229212    0.0327689    0.0418747    0.0504547    0.0586612
    0.0666009    0.0743465    0.0819444    0.0894209    0.0967871     0.104043
     0.111178     0.118175     0.125013     0.131664     0.138098     0.144284
     0.150190     0.155786     0.161046     0.165946     0.170470     0.174608
     0.178355     0.181714     0.184696     0.187313     0.189585
    0.0446229    0.0356225    0.0255318    0.0142096   0.00179908   -0.0112128
   -0.0265202   -0.0325581   -0.0387247   -0.0382905   -0.0400560   -0.0445330
   -0.0509749   -0.0559147   -0.0584580   -0.0618392   -0.0629912   -0.0615276
   -0.0605955   -0.0565419   -0.0494296   -0.0430458   -0.0378346   -0.0337040
   -0.0305411   -0.0282846   -0.0269440   -0.0266203   -0.0275458   -0.0300859
   -0.0322537   -0.0298476   -0.0276049   -0.0205745   -0.0137067  -0.00142367
    0.0111028    0.0222727    0.0324986    0.0420760    0.0511987    0.0599996
    0.0685709    0.0769761    0.0852562    0.0934350     0.101521     0.109512
     0.117393     0.125142     0.132727     0.140113     0.147256     0.154114
     0.160639     0.166790     0.172526     0.177817     0.182638     0.186975
     0.190827     0.194200     0.197110     0.199583     0.201648
    0.0449913    0.0354738    0.0245209    0.0116074  -0.00407914   -0.0154889
   -0.0247571   -0.0283923   -0.0305555   -0.0310150   -0.0323057   -0.0347378
   -0.0377572   -0.0407214   -0.0432192   -0.0450605   -0.0460213   -0.0459878
   -0.0449664   -0.0429214   -0.0400493   -0.0368298   -0.0336845   -0.0308490
   -0.0284331   -0.0264869   -0.0250384   -0.0241065   -0.0236831   -0.0235918
   -0.0228251   -0.0203584   -0.0165788   -0.0108448  -0.00369101   0.00545026
    0.0154258    0.0252875    0.0348965    0.0442748    0.0534713    0.0625350
    0.0715075    0.0804201    0.0892933    0.0981364     0.106948     0.115715
     0.124416     0.133015     0.141470     0.149727     0.157727     0.165402
     0.172686     0.179513     0.185823     0.191568     0.196712     0.201239
     0.205147     0.208452     0.211184     0.213386     0.215105
    0.0481649    0.0391028    0.0287770    0.0168073   0.00319909  -0.00554035
   -0.0104968   -0.0135215   -0.0157342   -0.0179963   -0.0203721   -0.0228906
   -0.0254641   -0.0279220   -0.0300832   -0.0317962   -0.0329478   -0.0334710
   -0.0333500   -0.0326245   -0.0313984   -0.0298262   -0.0280708   -0.0262654
   -0.0244979   -0.0228124   -0.0212114   -0.0196504   -0.0180184   -0.0161106
   -0.0136415   -0.0103442  -0.00604844 -0.000673593   0.00576570    0.0131526
    0.0212531    0.0298030    0.0386125    0.0475783    0.0566528    0.0658184
    0.0750710    0.0844108    0.0938370     0.103344     0.112918     0.122537
     0.132168     0.141765     0.151267     0.160599     0.169675     0.178396
     0.186656     0.194351     0.201387     0.207685     0.213192     0.217882
     0.221761     0.224862     0.227242     0.228973     0.230136
    0.0538605    0.0460198    0.0374593    0.0282797    0.0191087    0.0119893
   0.00687178   0.00254391  -0.00125938  -0.00470705  -0.00792051   -0.0109535
   -0.0138016   -0.0164193   -0.0187407   -0.0206981   -0.0222357   -0.0233184
   -0.0239365   -0.0241078   -0.0238755   -0.0232995   -0.0224448   -0.0213679
   -0.0201070   -0.0186763   -0.0170626   -0.0152222   -0.0130787   -0.0105265
  -0.00744373  -0.00371521  0.000745666   0.00598289    0.0119921    0.0187217
    0.0260839    0.0339754    0.0423010    0.0509861    0.0599794    0.0692477
    0.0787707    0.0885349    0.0985291     0.108741     0.119152     0.129736
     0.140454     0.151252     0.162055     0.172764     0.183255     0.193379
     0.202970     0.211854     0.219870     0.226884     0.232808     0.237605
     0.241296     0.243953     0.245685     0.246625     0.246910
    0.0612312    0.0547282    0.0477260    0.0405217    0.0335393    0.0271267
    0.0214131    0.0163269    0.0117442   0.00756164   0.00370716  0.000139503
  -0.00315468  -0.00616694  -0.00887503   -0.0112513   -0.0132696   -0.0149113
   -0.0161678   -0.0170416   -0.0175448   -0.0176956   -0.0175127   -0.0170099
   -0.0161916   -0.0150502   -0.0135656   -0.0117052  -0.00942495  -0.00667070
  -0.00338417  0.000489278   0.00499213    0.0101483    0.0159599    0.0224083
    0.0294581    0.0370650    0.0451836    0.0537730    0.0628007    0.0722428
    0.0820832    0.0923110     0.102918     0.113897     0.125237     0.136918
     0.148912     0.161168     0.173611     0.186125     0.198549     0.210661
     0.222188     0.232824     0.242270     0.250283     0.256703     0.261479
     0.264668     0.266429     0.266990     0.266603     0.265509
    0.0696843    0.0646155    0.0578600    0.0511784    0.0448744    0.0388782
    0.0332262    0.0279329    0.0229867    0.0183643    0.0140432    0.0100084
   0.00625471   0.00278590 -0.000387451  -0.00325108  -0.00579008  -0.00799133
  -0.00984494   -0.0113445   -0.0124860   -0.0132656   -0.0136769   -0.0137075
   -0.0133363   -0.0125348   -0.0112757  -0.00953546  -0.00729499  -0.00453102
  -0.00121694   0.00267351   0.00716218    0.0122633    0.0179815    0.0243124
    0.0312435    0.0387578    0.0468366    0.0554625    0.0646218    0.0743057
    0.0845105    0.0952378     0.106493     0.118284     0.130619     0.143507
     0.156945     0.170920     0.185390     0.200269     0.215392     0.230470
     0.245045     0.258503     0.270229     0.279757     0.286802     0.291271
     0.293288     0.293227     0.291624     0.288999     0.285765
    0.0763017    0.0714684    0.0660743    0.0603364    0.0545261    0.0487941
    0.0432144    0.0378285    0.0326601    0.0277226    0.0230239    0.0185706
    0.0143703    0.0104323   0.00676789   0.00338964  0.000310407  -0.00245731
  -0.00490171  -0.00701142  -0.00877447   -0.0101764   -0.0111973   -0.0118069
   -0.0119569   -0.0115648   -0.0105878  -0.00901110  -0.00686902  -0.00416607
 -0.000893117   0.00296312   0.00741573    0.0124751    0.0181478    0.0244365
    0.0313403    0.0388567    0.0469824    0.0557159    0.0650582    0.0750148
    0.0855965    0.0968202     0.108709     0.121295     0.134616     0.148718
     0.163655     0.179484     0.196265     0.214038     0.232799     0.252422
     0.272470     0.291111     0.306667     0.318601     0.326539     0.330243
     0.329598     0.325355     0.319608     0.313274     0.306873
    0.0843128    0.0803638    0.0747282    0.0689200    0.0632405    0.0575843
    0.0519759    0.0464547    0.0410571    0.0358130    0.0307471    0.0258796
    0.0212280    0.0168083    0.0126355   0.00872382   0.00508715   0.00173866
  -0.00130890  -0.00404289  -0.00645022  -0.00851640   -0.0102244   -0.0115541
   -0.0124847   -0.0126179   -0.0119415   -0.0103742  -0.00828522  -0.00564741
  -0.00243457   0.00136957   0.00577833    0.0108024    0.0164504    0.0227293
    0.0296449    0.0372026    0.0454087    0.0542715    0.0638026    0.0740184
    0.0849414    0.0966022     0.109041     0.122310     0.136478     0.151632
     0.167884     0.185381     0.204318     0.224956     0.247654     0.272914
     0.301141     0.329162     0.348524     0.364976     0.374011     0.376776
     0.374316     0.361967     0.348941     0.337221     0.326798
    0.0909463    0.0869678    0.0822347    0.0769492    0.0713766    0.0656638
    0.0598946    0.0541312    0.0484245    0.0428161    0.0373403    0.0320250
    0.0268939    0.0219670    0.0172621    0.0127954   0.00858151   0.00463404
  0.000965689  -0.00241181  -0.00548751  -0.00825087   -0.0106900   -0.0127853
   -0.0141477   -0.0147428   -0.0145340   -0.0134733   -0.0115047  -0.00899539
  -0.00587063  -0.00213578   0.00222125   0.00720955    0.0128385    0.0191173
    0.0260549    0.0336612    0.0419474    0.0509271    0.0606178    0.0710416
    0.0822279    0.0942144     0.107051     0.120800     0.135547     0.151401
     0.168506     0.187058     0.207324     0.229681     0.254679     0.283147
     0.316201     0.351660     0.376398     0.396077     0.408052     0.410689
     0.408525     0.392473     0.373011     0.356124     0.342053
    0.0992978    0.0958637    0.0908624    0.0852200    0.0793830    0.0733620
    0.0672316    0.0610658    0.0549249    0.0488565    0.0428977    0.0370786
    0.0314235    0.0259536    0.0206868    0.0156397    0.0108269   0.00626213
   0.00195771  -0.00207585  -0.00583135  -0.00930840   -0.0125219   -0.0150639
   -0.0168955   -0.0179846   -0.0183014   -0.0178168   -0.0165065   -0.0143589
   -0.0112712  -0.00761704  -0.00331260   0.00163764   0.00724645    0.0135234
    0.0204791    0.0281247    0.0364730    0.0455390    0.0553410    0.0659018
    0.0772503    0.0894235     0.102469     0.116447     0.131436     0.147537
     0.164882     0.183643     0.204049     0.226399     0.251092     0.278642
     0.309738     0.345393     0.378246     0.395917     0.413998     0.416202
     0.416131     0.405749     0.383902     0.364470     0.348785
     0.107766     0.104422    0.0996711    0.0938630    0.0874864    0.0808407
    0.0740895    0.0673258    0.0606069    0.0539721    0.0474511    0.0410676
    0.0348416    0.0287907    0.0229309    0.0172772    0.0118436   0.00664396
   0.00169208  -0.00299768  -0.00740957   -0.0115243   -0.0153137   -0.0183758
   -0.0207134   -0.0223141   -0.0231582   -0.0232226   -0.0224831   -0.0209141
   -0.0184847   -0.0151767   -0.0108764  -0.00597745 -0.000390866   0.00587842
    0.0128437    0.0205149    0.0289037    0.0380227    0.0478872    0.0585152
    0.0699294    0.0821578    0.0952360     0.109208     0.124129     0.140068
     0.157108     0.175353     0.194927     0.215972     0.238655     0.263153
     0.289669     0.318644     0.352361     0.371907     0.384046     0.398373
     0.391772     0.395336     0.375668     0.357629     0.344390
     0.119651     0.117094     0.111182     0.103563    0.0957119    0.0879516
    0.0803095    0.0727844    0.0653796    0.0581024    0.0509624    0.0439704
    0.0371376    0.0304758    0.0239967    0.0177124    0.0116352   0.00577772
  0.000153491  -0.00522247   -0.0103329   -0.0151587   -0.0193412   -0.0228523
   -0.0256695   -0.0277702   -0.0291311   -0.0297274   -0.0295337   -0.0285234
   -0.0266688   -0.0239407   -0.0203046   -0.0157404   -0.0101257  -0.00387874
   0.00309255    0.0107804    0.0191959    0.0283464    0.0382406    0.0488882
    0.0603008    0.0724930    0.0854824    0.0992902     0.113941     0.129460
     0.145876     0.163214     0.181489     0.200697     0.220792     0.241648
     0.262986     0.284193     0.303988     0.320618     0.333309     0.341843
     0.346042     0.346292     0.342898     0.337245     0.331020
     0.133205     0.132599     0.122794     0.112042     0.102696    0.0939003
    0.0854097    0.0771376    0.0690463    0.0611187    0.0533482    0.0457342
    0.0382800    0.0309916    0.0238767    0.0169443    0.0102043   0.00366683
  -0.00265719  -0.00875480   -0.0146052   -0.0198591   -0.0244915   -0.0284760
   -0.0317861   -0.0343948   -0.0362751   -0.0373997   -0.0377411   -0.0372719
   -0.0359646   -0.0337913   -0.0307233   -0.0267311   -0.0217798   -0.0158495
  -0.00881169  -0.00111472   0.00733293    0.0165155    0.0264359    0.0370920
    0.0484819    0.0606050    0.0734608    0.0870477     0.101361     0.116391
     0.132118     0.148511     0.165512     0.183030     0.200920     0.218958
     0.236808     0.253996     0.269928     0.283999     0.295738     0.304874
     0.311339     0.315265     0.316983     0.316996     0.315865
     0.133981     0.131726     0.125413     0.116682     0.107349    0.0980769
    0.0890007    0.0801243    0.0714301    0.0629020    0.0545298    0.0463088
    0.0382386    0.0303223    0.0225657    0.0149763   0.00756250  0.000331711
  -0.00671299   -0.0135804   -0.0199006   -0.0256420   -0.0307764   -0.0352757
   -0.0391108   -0.0422519   -0.0446687   -0.0463309   -0.0472087   -0.0472730
   -0.0464959   -0.0448500   -0.0423091   -0.0388471   -0.0344379   -0.0290546
   -0.0226647   -0.0152521  -0.00668444   0.00254983    0.0125343    0.0232334
    0.0346301    0.0467120    0.0594649    0.0728698    0.0869009     0.101524
     0.116692     0.132341     0.148384     0.164703     0.181143     0.197501
     0.213520     0.228901     0.243318     0.256459     0.268062     0.277957
     0.286073     0.292448     0.297217     0.300588     0.302800
     0.144981     0.144856     0.132616     0.120640     0.110370     0.100575
    0.0910290    0.0816681    0.0724650    0.0634040    0.0544760    0.0456766
    0.0370059    0.0284675    0.0200681    0.0118176   0.00372873  -0.00418195
   -0.0118926   -0.0193714   -0.0262600   -0.0325592   -0.0382531   -0.0433166
   -0.0477195   -0.0514292   -0.0544117   -0.0566330   -0.0580598   -0.0586604
   -0.0584052   -0.0572665   -0.0552190   -0.0522396   -0.0483066   -0.0433992
   -0.0374963   -0.0305763   -0.0226115   -0.0135925  -0.00338975   0.00744040
    0.0189116    0.0310261    0.0437644    0.0570961    0.0709828    0.0853767
     0.100218     0.115433     0.130929     0.146593     0.162290     0.177857
     0.193112     0.207853     0.221875     0.234984     0.247014     0.257839
     0.267385     0.275629     0.282601     0.288365     0.293014
     0.139138     0.136703     0.130201     0.121146     0.111302     0.101380
    0.0915431    0.0818146    0.0721886    0.0626575    0.0532171    0.0438668
    0.0346092    0.0254503    0.0163988   0.00746674  -0.00133028  -0.00997230
   -0.0184355   -0.0263983   -0.0338331   -0.0407132   -0.0470085   -0.0526848
   -0.0577049   -0.0620295   -0.0656185   -0.0684321   -0.0704321   -0.0715825
   -0.0718505   -0.0712069   -0.0696261   -0.0670866   -0.0635700   -0.0590605
   -0.0535438   -0.0470049   -0.0394254   -0.0307793   -0.0210190   -0.0100834
   0.00147610    0.0137141    0.0265634    0.0399742    0.0538992    0.0682847
    0.0830681    0.0981759     0.113523     0.129011     0.144528     0.159950
     0.175141     0.189957     0.204256     0.217899     0.230758     0.242726
     0.253716     0.263665     0.272532     0.280298     0.286961
     0.147249     0.146766     0.133832     0.121559     0.111001     0.100811
    0.0907366    0.0807132    0.0707244    0.0607671    0.0508434    0.0409579
    0.0311177    0.0213315    0.0116097   0.00196500  -0.00758616   -0.0170186
   -0.0260171   -0.0345574   -0.0426087   -0.0501356   -0.0570984   -0.0634537
   -0.0691553   -0.0741552   -0.0784052   -0.0818577   -0.0844675   -0.0861927
   -0.0869957   -0.0868441   -0.0857109   -0.0835752   -0.0804213   -0.0762385
   -0.0710203   -0.0647625   -0.0574620   -0.0491155   -0.0397189   -0.0292729
   -0.0177956  -0.00517408   0.00798013    0.0216530    0.0358187    0.0504273
    0.0654184    0.0807241    0.0962699     0.111974     0.127748     0.143495
     0.159115     0.174502     0.189547     0.204143     0.218183     0.231560
     0.244173     0.255920     0.266704     0.276428     0.285008
     0.137025     0.134015     0.127507     0.118717     0.109028    0.0990119
    0.0888438    0.0785845    0.0682621    0.0578936    0.0474924    0.0370703
    0.0266392    0.0162107   0.00579605  -0.00459666   -0.0149684   -0.0249839
   -0.0346138   -0.0438265   -0.0525852   -0.0608470   -0.0685634   -0.0756818
   -0.0821457   -0.0878971   -0.0928775   -0.0970296    -0.100299    -0.102636
    -0.103997    -0.104343    -0.103646    -0.101884   -0.0990423   -0.0951161
   -0.0901057   -0.0840170   -0.0768599   -0.0686460   -0.0593863   -0.0490885
   -0.0377501   -0.0253426   -0.0118184   0.00222268    0.0168173    0.0318729
    0.0473184    0.0630898    0.0791241    0.0953565     0.111720     0.128144
     0.144556     0.160879     0.177034     0.192937     0.208498     0.223615
     0.238171     0.252029     0.265027     0.276978     0.287684
     0.136408     0.133399     0.126135     0.116758     0.106850    0.0966676
    0.0862780    0.0757229    0.0650319    0.0542274    0.0433272    0.0323475
    0.0213039    0.0102136 -0.000903444   -0.0120214   -0.0231042   -0.0338326
   -0.0442031   -0.0541911   -0.0637581   -0.0728551   -0.0814252   -0.0894050
   -0.0967268    -0.103320    -0.109115    -0.114041    -0.118034    -0.121032
    -0.122983    -0.123842    -0.123577    -0.122163    -0.119587    -0.115848
    -0.110954    -0.104919   -0.0977663   -0.0895220   -0.0802137   -0.0698678
   -0.0585067   -0.0461474   -0.0328060   -0.0185113  -0.00314600    0.0126188
    0.0287529    0.0452177    0.0619712    0.0789692    0.0961672     0.113520
     0.130983     0.148510     0.166054     0.183562     0.200973     0.218208
     0.235159     0.251670     0.267516     0.282381     0.295863
     0.136445     0.133593     0.125242     0.114959     0.104578    0.0940354
    0.0832934    0.0723557    0.0612358    0.0499488    0.0385098    0.0269333
    0.0152342   0.00342868  -0.00846379   -0.0204147   -0.0321348   -0.0435986
   -0.0547758   -0.0656265   -0.0761008   -0.0861383   -0.0956702    -0.104620
    -0.112907    -0.120446    -0.127151    -0.132939    -0.137728    -0.141447
    -0.144032    -0.145428    -0.145597    -0.144511    -0.142158    -0.138540
    -0.133670    -0.127574    -0.120287    -0.111850    -0.102308   -0.0917040
   -0.0800800   -0.0674689   -0.0538921   -0.0393523   -0.0238165  -0.00722704
   0.00973865    0.0270514    0.0446826    0.0626056    0.0807962    0.0992344
     0.117904     0.136794     0.155897     0.175207     0.194719     0.214417
     0.234261     0.254162     0.273932     0.293175     0.311046
     0.133399     0.129760     0.122251     0.112493     0.101979    0.0911146
    0.0799876    0.0686210    0.0570267    0.0452152    0.0331974    0.0209840
   0.00858562  -0.00399015   -0.0167439   -0.0293702   -0.0418466   -0.0541445
   -0.0662256   -0.0780409   -0.0895293    -0.100619    -0.111228    -0.121264
    -0.130631    -0.139226    -0.146947    -0.153691    -0.159362    -0.163871
    -0.167140    -0.169104    -0.169716    -0.168944    -0.166775    -0.163213
    -0.158279    -0.152010    -0.144454    -0.135668    -0.125714    -0.114657
    -0.102556   -0.0894635   -0.0754186   -0.0604417   -0.0445289   -0.0276495
  -0.00974155   0.00852623    0.0271348    0.0460709    0.0653282    0.0849091
     0.104826     0.125102     0.145777     0.166904     0.188554     0.210820
     0.233811     0.257653     0.282466     0.308276     0.334018
     0.134727     0.131785     0.121892     0.110468    0.0993168    0.0880159
    0.0764628    0.0646375    0.0525391    0.0401725    0.0275449    0.0146663
   0.00154996   -0.0117851   -0.0253104   -0.0387420   -0.0520843   -0.0653175
   -0.0784029   -0.0912858    -0.103896    -0.116149    -0.127950    -0.139189
    -0.149753    -0.159518    -0.168363    -0.176164    -0.182804    -0.188175
    -0.192184    -0.194752    -0.195821    -0.195353    -0.193333    -0.189768
    -0.184688    -0.178140    -0.170187    -0.160905    -0.150376    -0.138688
    -0.125921    -0.112152   -0.0974421   -0.0818350   -0.0653507   -0.0479818
   -0.0296880   -0.0103911   0.00924767    0.0292247    0.0495470    0.0702334
    0.0913185     0.112855     0.134920     0.157620     0.181100     0.205556
     0.231254     0.258565     0.288043     0.320737     0.361445
     0.129776     0.125514     0.117657     0.107486    0.0963633    0.0847697
    0.0728168    0.0605278    0.0479090    0.0349637    0.0216955   0.00810944
  -0.00578614   -0.0199734   -0.0341951   -0.0484436   -0.0627023   -0.0769406
   -0.0911115    -0.105151    -0.118978    -0.132497    -0.145594    -0.158145
    -0.170014    -0.181057    -0.191128    -0.200080    -0.207774    -0.214081
    -0.218885    -0.222093    -0.223634    -0.223462    -0.221561    -0.217941
    -0.212638    -0.205714    -0.197248    -0.187338    -0.176089    -0.163611
    -0.150015    -0.135401    -0.119856    -0.103451   -0.0862297   -0.0682082
   -0.0493692   -0.0296565  -0.00896900    0.0120319    0.0333593    0.0550399
    0.0771183    0.0996612     0.122764     0.146557     0.171218     0.196990
     0.224198     0.253287     0.284849     0.319685     0.359135
     0.132876     0.129751     0.117890     0.105446    0.0936194    0.0815902
    0.0692072    0.0564422    0.0432916    0.0297545    0.0158284   0.00150558
   -0.0132302   -0.0280983   -0.0430995   -0.0582265   -0.0734593   -0.0887624
    -0.104083    -0.119348    -0.134467    -0.149330    -0.163808    -0.177758
    -0.191020    -0.203429    -0.214812    -0.224997    -0.233817    -0.241119
    -0.246766    -0.250645    -0.252671    -0.252790    -0.250981    -0.247259
    -0.241669    -0.234285    -0.225208    -0.214556    -0.202463    -0.189067
    -0.174506    -0.158909    -0.142393    -0.125055    -0.106966   -0.0881673
   -0.0686655   -0.0484286   -0.0273808  -0.00539614    0.0168485    0.0393760
    0.0622255    0.0854584     0.109163     0.133458     0.158503     0.184509
     0.211758     0.240635     0.271657     0.305423     0.341321
     0.125721     0.120780     0.112748     0.102423    0.0908538    0.0785778
    0.0657848    0.0525353    0.0388473    0.0247241    0.0101623  -0.00484446
   -0.0203055   -0.0359434   -0.0517840   -0.0678329   -0.0840755    -0.100477
    -0.116981    -0.133510    -0.149962    -0.166214    -0.182122    -0.197521
    -0.212232    -0.226062    -0.238812    -0.250280    -0.260274    -0.268611
    -0.275130    -0.279698    -0.282215    -0.282616    -0.280877    -0.277015
    -0.271085    -0.263177    -0.253413    -0.241937    -0.228910    -0.214500
    -0.198875    -0.182199    -0.164616    -0.146252    -0.127205    -0.107544
   -0.0872990   -0.0664646   -0.0449916   -0.0227851  0.000299660    0.0235414
    0.0469529    0.0705793    0.0944846     0.118750     0.143475     0.168780
     0.194812     0.221747     0.249817     0.279357     0.310524
     0.128766     0.124710     0.114219     0.101636    0.0889916    0.0760524
    0.0627103    0.0489299    0.0346947    0.0199924   0.00481193   -0.0108528
   -0.0269948   -0.0433801   -0.0600463   -0.0770059   -0.0942477    -0.111737
    -0.129415    -0.147198    -0.164976    -0.182613    -0.199949    -0.216800
    -0.232964    -0.248221    -0.262345    -0.275106    -0.286280    -0.295657
    -0.303051    -0.308307    -0.311306    -0.311975    -0.310285    -0.306256
    -0.299953    -0.291483    -0.280989    -0.268642    -0.254632    -0.239159
    -0.222424    -0.204621    -0.185925    -0.166491    -0.146445    -0.125880
    -0.104851   -0.0833755   -0.0614281   -0.0389429   -0.0158140   0.00809358
    0.0319071    0.0557012    0.0795251     0.103418     0.127410     0.151520
     0.175739     0.200003     0.224136     0.247727     0.269936
     0.126806     0.122068     0.112382     0.100129    0.0871563    0.0737533
    0.0599273    0.0456532    0.0309034    0.0156504 -0.000136160   -0.0164930
   -0.0331813   -0.0502272   -0.0676515   -0.0854608    -0.103642    -0.122158
    -0.140947    -0.159919    -0.178957    -0.197913    -0.216612    -0.234852
    -0.252407    -0.269034    -0.284479    -0.298482    -0.310792    -0.321169
    -0.329402    -0.335313    -0.338768    -0.339681    -0.338021    -0.333810
    -0.327123    -0.318085    -0.306859    -0.293643    -0.278656    -0.262130
    -0.244297    -0.225381    -0.205589    -0.185102    -0.164073    -0.142616
    -0.120808   -0.0986843   -0.0762346   -0.0533993   -0.0300601  -0.00601903
    0.0179174    0.0416907    0.0652813    0.0886759     0.111851     0.134758
     0.157313     0.179374     0.200714     0.221005     0.239820
     0.126564     0.121846     0.111587    0.0987766    0.0854032    0.0716246
    0.0574131    0.0427348    0.0275568    0.0118462  -0.00443084   -0.0213104
   -0.0385531   -0.0562115   -0.0743184   -0.0928857    -0.111903    -0.131333
    -0.151113    -0.171149    -0.191315    -0.211454    -0.231378    -0.250868
    -0.269678    -0.287542    -0.304181    -0.319308    -0.332645    -0.343926
    -0.352915    -0.359415    -0.363274    -0.364398    -0.362750    -0.358356
    -0.351302    -0.341725    -0.329813    -0.315785    -0.299890    -0.282386
    -0.263538    -0.243595    -0.222793    -0.201339    -0.179406    -0.157132
    -0.134613    -0.111902   -0.0890116   -0.0659096   -0.0425257   -0.0187605
   0.00548562    0.0292844    0.0526635    0.0756147    0.0981020     0.120062
     0.141401     0.161988     0.181653     0.200188     0.217361
     0.125933     0.121203     0.110528    0.0973440    0.0837121    0.0696812
    0.0551976    0.0402218    0.0247191   0.00865624  -0.00800058   -0.0252872
   -0.0429802   -0.0611394   -0.0798041   -0.0989908    -0.118691    -0.138871
    -0.159463    -0.180372    -0.201467    -0.222582    -0.243518    -0.264040
    -0.283889    -0.302778    -0.320406    -0.336465    -0.350652    -0.362681
    -0.372294    -0.379275    -0.383461    -0.384748    -0.383097    -0.378535
    -0.371157    -0.361114    -0.348611    -0.333888    -0.317218    -0.298885
    -0.279176    -0.258366    -0.236713    -0.214444    -0.191754    -0.168795
    -0.145680    -0.122477   -0.0992088   -0.0758553   -0.0523499   -0.0285792
  -0.00437748    0.0193152    0.0424791    0.0650788    0.0870647     0.108371
     0.128915     0.148594     0.167290     0.184870     0.201200
     0.123619     0.118396     0.108386    0.0956989    0.0821103    0.0679826
    0.0533467    0.0381816    0.0224578   0.00614536   -0.0107825   -0.0283417
   -0.0463397   -0.0648449   -0.0839004    -0.103525    -0.123712    -0.144425
    -0.165599    -0.187134    -0.208895    -0.230711    -0.252374    -0.273640
    -0.294237    -0.313863    -0.332203    -0.348931    -0.363728    -0.376291
    -0.386347    -0.393667    -0.398077    -0.399468    -0.397798    -0.393098
    -0.385467    -0.375068    -0.362118    -0.346874    -0.329626    -0.310676
    -0.290328    -0.268879    -0.246599    -0.223733    -0.200489    -0.177032
    -0.153487    -0.129930    -0.106397   -0.0828725   -0.0592962   -0.0355523
   -0.0114565    0.0121649    0.0352033    0.0575908    0.0792697     0.100179
     0.120251     0.139408     0.157565     0.174633     0.190529
     0.124639     0.120112     0.108415    0.0946382    0.0808439    0.0666631
    0.0519655    0.0367052    0.0208504   0.00436571   -0.0127955   -0.0304079
   -0.0485231   -0.0671891   -0.0864401    -0.106291    -0.126733    -0.147729
    -0.169212    -0.191081    -0.213197    -0.235387    -0.257438    -0.279101
    -0.300094    -0.320112    -0.338827    -0.355907    -0.371022    -0.383859
    -0.394139    -0.401625    -0.406138    -0.407564    -0.405863    -0.401066
    -0.393276    -0.382662    -0.369448    -0.353901    -0.336321    -0.317019
    -0.296311    -0.274501    -0.251872    -0.228675    -0.205126    -0.181399
    -0.157623    -0.133887    -0.110231   -0.0866567   -0.0631251   -0.0395634
   -0.0158766   0.00802448    0.0311410    0.0534829    0.0750310    0.0957476
     0.115583     0.134478     0.152368     0.169189     0.184877
     0.119722     0.113933     0.104765    0.0930385    0.0798712    0.0658513
    0.0511801    0.0359066    0.0200265   0.00351338   -0.0136708   -0.0312820
   -0.0493921   -0.0680554   -0.0873077    -0.107164    -0.127614    -0.148622
    -0.170118    -0.192002    -0.214135    -0.236342    -0.258408    -0.280086
    -0.301092    -0.321119    -0.339841    -0.356922    -0.372033    -0.384860
    -0.395122    -0.402585    -0.407068    -0.408458    -0.406714    -0.401870
    -0.394028    -0.383359    -0.370088    -0.354485    -0.336847    -0.317491
    -0.296730    -0.274872    -0.252198    -0.228963    -0.205381    -0.181629
    -0.157838    -0.134095    -0.110447   -0.0868957   -0.0634070   -0.0399075
   -0.0162861   0.00761690    0.0307342    0.0530577    0.0745669    0.0952279
     0.114995     0.133815     0.151629     0.168378     0.184006
     0.125749     0.121800     0.108718    0.0941377    0.0800927    0.0658041
    0.0510666    0.0358093    0.0199889   0.00356491   -0.0135066   -0.0309835
   -0.0489385   -0.0674260   -0.0864813    -0.106119    -0.126328    -0.147072
    -0.168282    -0.189859    -0.211664    -0.233524    -0.255231    -0.276537
    -0.297167    -0.316819    -0.335172    -0.351901    -0.366683    -0.379213
    -0.389217    -0.396467    -0.400788    -0.402070    -0.400275    -0.395436
    -0.387653    -0.377094    -0.363978    -0.348568    -0.331153    -0.312042
    -0.291542    -0.269949    -0.247539    -0.224559    -0.201218    -0.177685
    -0.154087    -0.130507    -0.106986   -0.0835235   -0.0600797   -0.0365825
   -0.0129369    0.0109470    0.0340510    0.0563873    0.0779371    0.0986625
     0.118511     0.137422     0.155328     0.172160     0.187853
     0.121725     0.116460     0.106586    0.0939304    0.0802545    0.0660579
    0.0514091    0.0362861    0.0206483   0.00444947   -0.0123645   -0.0295708
   -0.0472215   -0.0653635   -0.0840295    -0.103232    -0.122962    -0.143180
    -0.163821    -0.184784    -0.205937    -0.227112    -0.248104    -0.268679
    -0.288570    -0.307488    -0.325127    -0.341177    -0.355331    -0.367299
    -0.376823    -0.383686    -0.387725    -0.388836    -0.386983    -0.382199
    -0.374580    -0.364283    -0.351517    -0.336530    -0.319598    -0.301010
    -0.281057    -0.260020    -0.238159    -0.215705    -0.192855    -0.169765
    -0.146552    -0.123288    -0.100001   -0.0766752   -0.0532501   -0.0296125
  -0.00557914    0.0179924    0.0409979    0.0633722    0.0850577     0.105991
     0.126100     0.145300     0.163500     0.180604     0.196518
     0.124131     0.119865     0.108277    0.0943993    0.0805418    0.0664575
    0.0520235    0.0371781    0.0218754   0.00607596   -0.0102528   -0.0271289
   -0.0443564   -0.0620006   -0.0801013   -0.0986736    -0.117708    -0.137167
    -0.156986    -0.177069    -0.197287    -0.217481    -0.237456    -0.256989
    -0.275831    -0.293711    -0.310343    -0.325439    -0.338713    -0.349899
    -0.358758    -0.365092    -0.368749    -0.369636    -0.367721    -0.363034
    -0.355664    -0.345757    -0.333504    -0.319134    -0.302899    -0.285065
    -0.265900    -0.245661    -0.224585    -0.202884    -0.180735    -0.158277
    -0.135611    -0.112794   -0.0898402   -0.0667233   -0.0433768   -0.0197047
   0.00439005    0.0279847    0.0510863    0.0736661    0.0956726     0.117034
     0.137660     0.157436     0.176230     0.193898     0.210288
     0.121234     0.116397     0.106436    0.0938041    0.0804668    0.0667721
    0.0527332    0.0383154    0.0234777   0.00818078  -0.00761196   -0.0239362
   -0.0405620   -0.0575432   -0.0749129   -0.0926822    -0.110839    -0.129346
    -0.148138    -0.167125    -0.186183    -0.205162    -0.223881    -0.242134
    -0.259689    -0.276299    -0.291702    -0.305637    -0.317844    -0.328084
    -0.336142    -0.341840    -0.345043    -0.345669    -0.343688    -0.339129
    -0.332072    -0.322647    -0.311025    -0.297411    -0.282031    -0.265121
    -0.246920    -0.227656    -0.207541    -0.186759    -0.165465    -0.143776
    -0.121774   -0.0994951   -0.0769335   -0.0540345   -0.0306867  -0.00670186
    0.0171064    0.0406644    0.0639300    0.0868620     0.109406     0.131484
     0.152989     0.173772     0.193644     0.212372     0.229698
     0.120472     0.116020     0.105777    0.0931066    0.0801326    0.0669372
    0.0534473    0.0396051    0.0253657    0.0106917  -0.00445091   -0.0200949
   -0.0359914   -0.0521833   -0.0686944   -0.0855292    -0.102672    -0.120083
    -0.137700    -0.155436    -0.173175    -0.190778    -0.208080    -0.224890
    -0.241001    -0.256188    -0.270220    -0.282861    -0.293884    -0.303076
    -0.310248    -0.315245    -0.317950    -0.318289    -0.316240    -0.311826
    -0.305117    -0.296228    -0.285307    -0.272532    -0.258099    -0.242213
    -0.225081    -0.206899    -0.187849    -0.168086    -0.147739    -0.126901
    -0.105632   -0.0839490   -0.0618313   -0.0392173   -0.0160086   0.00791870
    0.0316781    0.0553217    0.0788675     0.102312     0.125631     0.148771
     0.171636     0.194065     0.215808     0.236496     0.255654
     0.117754     0.113389     0.103521    0.0915071    0.0793097    0.0668882
    0.0541433    0.0410266    0.0275091    0.0135680 -0.000820339   -0.0156846
   -0.0307743   -0.0461016   -0.0616760   -0.0774946   -0.0935375    -0.109765
    -0.126118    -0.142512    -0.158842    -0.174979    -0.190775    -0.206059
    -0.220646    -0.234338    -0.246930    -0.258219    -0.268005    -0.276105
    -0.282357    -0.286626    -0.288812    -0.288855    -0.286733    -0.282467
    -0.276116    -0.267779    -0.257580    -0.245669    -0.232213    -0.217385
    -0.201358    -0.184294    -0.166344    -0.147633    -0.128260    -0.108294
   -0.0877657   -0.0666690   -0.0449556   -0.0225332  0.000738449    0.0241278
    0.0476333    0.0712777    0.0950920     0.119109     0.143358     0.167854
     0.192587     0.217484     0.242349     0.266722     0.289670
     0.111395     0.106254    0.0985549    0.0889274    0.0782085    0.0668326
    0.0549621    0.0426543    0.0299296    0.0167946   0.00325260   -0.0106907
   -0.0250162   -0.0394730   -0.0540850   -0.0688540   -0.0837617   -0.0987707
    -0.113824    -0.128845    -0.143737    -0.158386    -0.172656    -0.186399
    -0.199452    -0.211644    -0.222796    -0.232734    -0.241288    -0.248302
    -0.253638    -0.257183    -0.258853    -0.258596    -0.256395    -0.252267
    -0.246261    -0.238456    -0.228958    -0.217889    -0.205386    -0.191589
    -0.176640    -0.160669    -0.143793    -0.126108    -0.107683   -0.0885574
   -0.0687351   -0.0481807   -0.0268146  -0.00450782    0.0180604    0.0409101
    0.0640740    0.0876013     0.111560     0.136035     0.161136     0.186995
     0.213772     0.241666     0.270933     0.301945     0.334879
     0.113125     0.109230    0.0989236    0.0883662    0.0780097    0.0672923
    0.0561513    0.0445949    0.0326390    0.0202961   0.00757484  -0.00551957
   -0.0189846   -0.0325271   -0.0461580   -0.0598716   -0.0736461   -0.0874440
    -0.101212    -0.114878    -0.128358    -0.141547    -0.154328    -0.166572
    -0.178137    -0.188876    -0.198639    -0.207276    -0.214645    -0.220615
    -0.225071    -0.227919    -0.229088    -0.228536    -0.226247    -0.222234
    -0.216538    -0.209222    -0.200369    -0.190078    -0.178457    -0.165619
    -0.151672    -0.136717    -0.120840    -0.104106   -0.0865574   -0.0682037
   -0.0490210   -0.0289449  -0.00786503    0.0135623    0.0353579    0.0575561
    0.0802087     0.103389     0.127196     0.151764     0.177270     0.203949
     0.232117     0.262200     0.294777     0.330516     0.368738
     0.108403     0.103663    0.0966008    0.0878856    0.0783197    0.0682387
    0.0577416    0.0468640    0.0356255    0.0240399    0.0121161 -0.000142160
   -0.0127407   -0.0253870   -0.0380667   -0.0507614   -0.0634443   -0.0760779
   -0.0886120    -0.100983    -0.113114    -0.124916    -0.136285    -0.147111
    -0.157274    -0.166648    -0.175107    -0.182525    -0.188786    -0.193779
    -0.197409    -0.199599    -0.200292    -0.199449    -0.197059    -0.193131
    -0.187695    -0.180799    -0.172510    -0.162904    -0.152063    -0.140072
    -0.127014    -0.112959   -0.0979659   -0.0820728   -0.0652929   -0.0476098
   -0.0289726  -0.00929011    0.0107865    0.0312680    0.0521776    0.0735532
    0.0954513     0.117952     0.141164     0.165238     0.190371     0.216836
     0.244995     0.275344     0.308544     0.345492     0.387687
     0.110576     0.107019    0.0982343    0.0886453    0.0792486    0.0696099
    0.0596578    0.0493896    0.0388163    0.0279517    0.0168096   0.00540453
  -0.00624671   -0.0181186   -0.0299415   -0.0416975   -0.0533642   -0.0649096
   -0.0762905   -0.0874518   -0.0983270    -0.108839    -0.118900    -0.128416
    -0.137286    -0.145404    -0.152665    -0.158966    -0.164209    -0.168304
    -0.171173    -0.172752    -0.172993    -0.171865    -0.169356    -0.165471
    -0.160233    -0.153677    -0.145852    -0.136814    -0.126624    -0.115344
    -0.103031   -0.0897310   -0.0754778   -0.0602843   -0.0441373   -0.0269944
  -0.00877945   0.00985110    0.0288952    0.0483596    0.0682611    0.0886299
     0.109511     0.130971     0.153100     0.176019     0.199893     0.224940
     0.251457     0.279856     0.310748     0.345309     0.388894
     0.107911     0.103693    0.0971600    0.0890910    0.0803340    0.0711932
    0.0617515    0.0520398    0.0420780    0.0318833    0.0214724    0.0108621
  7.13472e-05   -0.0108765   -0.0219493   -0.0328519   -0.0435848   -0.0541283
   -0.0644483   -0.0744991   -0.0842242   -0.0935584    -0.102428    -0.110754
    -0.118451    -0.125432    -0.131611    -0.136901    -0.141223    -0.144502
    -0.146674    -0.147687    -0.147500    -0.146087    -0.143436    -0.139548
    -0.134436    -0.128126    -0.120652    -0.112052    -0.102368   -0.0916404
   -0.0799051   -0.0671891   -0.0535066   -0.0388510   -0.0231782  -0.00641722
    0.0107671    0.0283628    0.0463612    0.0647590    0.0835595     0.102775
     0.122426     0.142549     0.163192     0.184419     0.206313     0.228977
     0.252532     0.277109     0.302828     0.329677     0.356448
     0.109676     0.106321    0.0989099    0.0903035    0.0816959    0.0729022
    0.0638894    0.0546689    0.0452594    0.0356791    0.0259437    0.0160672
   0.00606090  -0.00406784   -0.0143214   -0.0243896   -0.0342480   -0.0438700
   -0.0532225   -0.0622651   -0.0709498   -0.0792215   -0.0870188   -0.0942754
    -0.100921    -0.106885    -0.112093    -0.116477    -0.119970    -0.122511
    -0.124048    -0.124535    -0.123940    -0.122237    -0.119414    -0.115468
    -0.110406    -0.104242   -0.0969959   -0.0886917   -0.0793530   -0.0690012
   -0.0576527   -0.0453170   -0.0320023   -0.0177279  -0.00236417    0.0134280
    0.0296344    0.0462351    0.0632093    0.0805380    0.0982051     0.116199
     0.134511     0.153137     0.172079     0.191337     0.210908     0.230779
     0.250905     0.271186     0.291404     0.311117     0.329412
     0.108483     0.104859    0.0987686    0.0911796    0.0830159    0.0745587
    0.0659063    0.0571079    0.0481921    0.0391774    0.0300773    0.0209031
    0.0116648   0.00237276  -0.00696054   -0.0163150   -0.0254008   -0.0341987
   -0.0426830   -0.0508207   -0.0585726   -0.0658934   -0.0727326   -0.0790356
   -0.0847447   -0.0898007   -0.0941444   -0.0977178    -0.100466    -0.102339
    -0.103292    -0.103287    -0.102294    -0.100290   -0.0972609   -0.0931989
   -0.0881034   -0.0819790   -0.0748336   -0.0666763   -0.0575143   -0.0473490
   -0.0361704   -0.0239417   -0.0106068   0.00323863    0.0176432    0.0325276
    0.0478363    0.0635237    0.0795486    0.0958716     0.112454     0.129258
     0.146246     0.163379     0.180614     0.197903     0.215187     0.232384
     0.249379     0.266001     0.282005     0.297042     0.310676
     0.109540     0.106347     0.100366    0.0926535    0.0844074    0.0760235
    0.0675921    0.0591367    0.0506657    0.0421835    0.0336935    0.0251993
    0.0167059   0.00821968 -0.000250226  -0.00869170   -0.0170901   -0.0251518
   -0.0328586   -0.0401859   -0.0471031   -0.0535743   -0.0595588   -0.0650123
   -0.0698873   -0.0741352   -0.0777067   -0.0805537   -0.0826302   -0.0838936
   -0.0843054   -0.0838321   -0.0824455   -0.0801229   -0.0768469   -0.0726052
   -0.0673895   -0.0611944   -0.0540170   -0.0458542   -0.0367025   -0.0265507
   -0.0154070  -0.00314712   0.00961515    0.0228752    0.0366170    0.0508022
    0.0653842    0.0803122    0.0955329     0.110990     0.126624     0.142373
     0.158171     0.173951     0.189638     0.205155     0.220412     0.235308
     0.249720     0.263502     0.276476     0.288436     0.299162
     0.114336     0.113552     0.104217    0.0940514    0.0852206    0.0767920
    0.0685540    0.0604396    0.0524193    0.0444768    0.0366017    0.0287879
    0.0210328    0.0133368   0.00570383  -0.00185967  -0.00934462   -0.0167400
   -0.0237440   -0.0303396   -0.0365049   -0.0422128   -0.0474316   -0.0521252
   -0.0562549   -0.0597798   -0.0626583   -0.0648495   -0.0663138   -0.0670142
   -0.0669165   -0.0659898   -0.0642062   -0.0615413   -0.0579741   -0.0534858
   -0.0480591   -0.0416773   -0.0343256   -0.0259843   -0.0166533  -0.00620696
   0.00480823    0.0164581    0.0286793    0.0414252    0.0546527    0.0683145
    0.0823573    0.0967217     0.111341     0.126143     0.141047     0.155966
     0.170811     0.185484     0.199889     0.213924     0.227489     0.240484
     0.252803     0.264342     0.274991     0.284643     0.293195
     0.108352     0.105691    0.0999932    0.0923730    0.0842508    0.0762011
    0.0683452    0.0606830    0.0531914    0.0458466    0.0386293    0.0315253
    0.0245255    0.0176253    0.0108241   0.00412452  -0.00246805  -0.00894656
   -0.0153033   -0.0212258   -0.0267016   -0.0317151   -0.0362407   -0.0402491
   -0.0437079   -0.0465816   -0.0488333   -0.0504261   -0.0513247   -0.0514963
   -0.0509103   -0.0495367   -0.0473461   -0.0443105   -0.0404041   -0.0356036
   -0.0298767   -0.0231885   -0.0155263  -0.00676006   0.00260288    0.0126417
    0.0233159    0.0346013    0.0464633    0.0588627    0.0717558    0.0850925
    0.0988148     0.112855     0.127134     0.141563     0.156038     0.170446
     0.184665     0.198566     0.212022     0.224909     0.237115     0.248543
     0.259111     0.268757     0.277433     0.285108     0.291762
     0.110484     0.111124     0.100176    0.0900787    0.0817750    0.0740597
    0.0667061    0.0596321    0.0527883    0.0461378    0.0396530    0.0333136
    0.0271063    0.0210238    0.0150637   0.00922770   0.00352082  -0.00205002
  -0.00747777   -0.0127586   -0.0175743   -0.0219472   -0.0258379   -0.0292216
   -0.0320725   -0.0343583   -0.0360397   -0.0370793   -0.0374441   -0.0371063
   -0.0360422   -0.0342226   -0.0316117   -0.0281709   -0.0238679   -0.0187064
   -0.0126150  -0.00544376   0.00233220    0.0108023    0.0199413    0.0297402
    0.0401819    0.0512452    0.0629042    0.0751270    0.0878752     0.101102
     0.114750     0.128747     0.143007     0.157423     0.171868     0.186191
     0.200227     0.213796     0.226719     0.238830     0.249991     0.260101
     0.269102     0.276978     0.283751     0.289472     0.294208
    0.0988825    0.0963395    0.0910622    0.0841387    0.0769456    0.0700164
    0.0634289    0.0571444    0.0511101    0.0452813    0.0396256    0.0341206
    0.0287529    0.0235162    0.0184099    0.0134386   0.00861133   0.00394136
 -0.000552845  -0.00484577  -0.00889914   -0.0127403   -0.0160419   -0.0188416
   -0.0211407   -0.0229120   -0.0240810   -0.0246029   -0.0244437   -0.0235825
   -0.0220375   -0.0197795   -0.0167526   -0.0128694  -0.00798455  -0.00251713
   0.00364345    0.0105429    0.0181429    0.0264343    0.0354069    0.0450515
    0.0553574    0.0663118    0.0778983    0.0900962     0.102878     0.116209
     0.130039     0.144307     0.158924     0.173776     0.188712     0.203538
     0.218017     0.231878     0.244837     0.256637     0.267073     0.276024
     0.283455     0.289421     0.294051     0.297524     0.300035
    0.0948802    0.0945408    0.0856036    0.0768282    0.0700315    0.0640268
    0.0584754    0.0532249    0.0481919    0.0433270    0.0386014    0.0339989
    0.0295124    0.0251416    0.0208913    0.0167709    0.0127941   0.00897868
   0.00534734   0.00192799  -0.00124529  -0.00413287  -0.00666917  -0.00882939
   -0.0106157   -0.0120690   -0.0128057   -0.0128410   -0.0121326   -0.0105745
  -0.00853027  -0.00589611  -0.00260451   0.00139146   0.00611356    0.0115249
    0.0176256    0.0244205    0.0319074    0.0400844    0.0489500    0.0585032
    0.0687430    0.0796680    0.0912759     0.103562     0.116519     0.130133
     0.144381     0.159224     0.174602     0.190417     0.206520     0.222683
     0.238573     0.253739     0.267654     0.279831     0.289927     0.297771
     0.303361     0.306865     0.308616     0.309067     0.308665
    0.0768617    0.0736969    0.0694202    0.0647240    0.0602571    0.0560581
    0.0520302    0.0481088    0.0442625    0.0404789    0.0367557    0.0330963
    0.0295084    0.0260022    0.0225908    0.0192897    0.0161173    0.0130947
    0.0102465   0.00760078   0.00518958   0.00304856   0.00121686 -0.000269220
  -0.00137307  -0.00204734  -0.00220713  -0.00180313 -0.000801118  0.000816083
   0.00302121   0.00582535   0.00925058    0.0133183    0.0180431    0.0234302
    0.0294855    0.0362153    0.0436254    0.0517220    0.0605122    0.0700043
    0.0802085    0.0911372     0.102805     0.115228     0.128427     0.142421
     0.157229     0.172868     0.189340     0.206628     0.224665     0.243301
     0.262212     0.280694     0.297416     0.311073     0.321351     0.327983
     0.331048     0.330822     0.327797     0.323430     0.318888
    0.0579729    0.0532224    0.0514378    0.0505508    0.0491164    0.0471624
    0.0448796    0.0423938    0.0397823    0.0370964    0.0343733    0.0316423
    0.0289284    0.0262538    0.0236400    0.0211082    0.0186804    0.0163802
    0.0142331    0.0122670    0.0105121   0.00900131   0.00776956   0.00685339
   0.00629143   0.00612572   0.00640155   0.00715844   0.00842840    0.0102351
    0.0125940    0.0155221    0.0190376    0.0231580    0.0278988    0.0332726
    0.0392912    0.0459656    0.0533070    0.0613276    0.0700414    0.0794649
    0.0896185     0.100527     0.112222     0.124742     0.138136     0.152464
     0.167800     0.184233     0.201871     0.220837     0.241270     0.263317
     0.287172     0.313508     0.343579     0.352649     0.367204     0.370660
     0.369020     0.368636     0.349946     0.337206     0.327579
    0.0430755    0.0369428    0.0375165    0.0391768    0.0395383    0.0391049
    0.0381560    0.0368543    0.0353087    0.0335975    0.0317785    0.0298964
    0.0279865    0.0260784    0.0241979    0.0223692    0.0206159    0.0189619
    0.0174328    0.0160554    0.0148588    0.0138740    0.0131341    0.0126738
    0.0125293    0.0127381    0.0133375    0.0143632    0.0158473    0.0178184
    0.0203016    0.0233195    0.0268933    0.0310425    0.0357842    0.0411343
    0.0471069    0.0537159    0.0609753    0.0689006    0.0775092    0.0868226
    0.0968673     0.107677     0.119293     0.131773     0.145186     0.159624
     0.175209     0.192099     0.210504     0.230704     0.253062     0.278050
     0.306339     0.338357     0.360541     0.376115     0.388328     0.388143
     0.388278     0.373731     0.356188     0.341480     0.329765
    0.0380873    0.0328023    0.0313230    0.0318092    0.0324299    0.0326711
    0.0325044    0.0320022    0.0312458    0.0303048    0.0292352    0.0280809
    0.0268765    0.0256500    0.0244258    0.0232260    0.0220720    0.0209861
    0.0199917    0.0191142    0.0183811    0.0178222    0.0174693    0.0173562
    0.0175182    0.0179917    0.0188133    0.0200188    0.0216426    0.0237168
    0.0262710    0.0293322    0.0329247    0.0370699    0.0417867    0.0470913
    0.0529985    0.0595218    0.0666746    0.0744716    0.0829298    0.0920702
     0.101920     0.112512     0.123893     0.136120     0.149270     0.163444
     0.178777     0.195453     0.213727     0.233961     0.256694     0.282732
     0.312799     0.340930     0.359632     0.375781     0.382217     0.384155
     0.378214     0.362797     0.347384     0.334437     0.323700
    0.0279419    0.0207419    0.0229290    0.0257955    0.0271004    0.0277491
    0.0279987    0.0279681    0.0277359    0.0273599    0.0268824    0.0263342
    0.0257383    0.0251121    0.0244711    0.0238299    0.0232041    0.0226111
    0.0220711    0.0216067    0.0212439    0.0210114    0.0209409    0.0210665
    0.0214245    0.0220530    0.0229907    0.0242771    0.0259504    0.0280476
    0.0306031    0.0336483    0.0372106    0.0413131    0.0459750    0.0512113
    0.0570338    0.0634523    0.0704755    0.0781129    0.0863757    0.0952789
     0.104843     0.115094     0.126068     0.137813     0.150390     0.163879
     0.178384     0.194043     0.211040     0.229627     0.250158     0.273100
     0.298324     0.320190     0.335551     0.348610     0.353614     0.355488
     0.349853     0.338800     0.328429     0.319208     0.311068
    0.0305983    0.0249968    0.0230063    0.0231328    0.0237086    0.0241669
    0.0244491    0.0246051    0.0246847    0.0247191    0.0247232    0.0247014
    0.0246527    0.0245750    0.0244676    0.0243327    0.0241766    0.0240104
    0.0238493    0.0237134    0.0236272    0.0236192    0.0237218    0.0239708
    0.0244055    0.0250676    0.0260013    0.0272521    0.0288657    0.0308867
    0.0333571    0.0363145    0.0397906    0.0438106    0.0483920    0.0535460
    0.0592778    0.0655885    0.0724770    0.0799421    0.0879842    0.0966068
     0.105818     0.115630     0.126064     0.137144     0.148904     0.161383
     0.174628     0.188689     0.203613     0.219430     0.236116     0.253517
     0.270961     0.286388     0.298923     0.308206     0.313901     0.315857
     0.314076     0.309967     0.305013     0.299794     0.294647
    0.0228444    0.0148726    0.0183539    0.0207687    0.0212449    0.0213046
    0.0213429    0.0214908    0.0217742    0.0221729    0.0226486    0.0231594
    0.0236669    0.0241402    0.0245571    0.0249047    0.0251791    0.0253845
    0.0255323    0.0256409    0.0257344    0.0258422    0.0259986    0.0262426
    0.0266176    0.0271713    0.0279558    0.0290267    0.0304417    0.0322591
    0.0345341    0.0373157    0.0406436    0.0445456    0.0490365    0.0541187
    0.0597844    0.0660190    0.0728040    0.0801212    0.0879547    0.0962924
     0.105127     0.114456     0.124280     0.134603     0.145429     0.156759
     0.168587     0.180894     0.193632     0.206703     0.219934     0.233022
     0.245504     0.256817     0.266463     0.274094     0.279525     0.282744
     0.283945     0.283531     0.281984     0.279721     0.277052
    0.0344442    0.0283961    0.0242720    0.0215070    0.0195141    0.0182455
    0.0177332    0.0178638    0.0184686    0.0193919    0.0205002    0.0216837
    0.0228562    0.0239539    0.0249340    0.0257709    0.0264536    0.0269831
    0.0273706    0.0276352    0.0278031    0.0279066    0.0279831    0.0280751
    0.0282304    0.0285031    0.0289550    0.0296560    0.0306838    0.0321206
    0.0340477    0.0365377    0.0396467    0.0434083    0.0478315    0.0529015
    0.0585849    0.0648368    0.0716095    0.0788584    0.0865460    0.0946432
     0.103128     0.111986     0.121203     0.130767     0.140664     0.150871
     0.161356     0.172067     0.182926     0.193818     0.204585     0.215014
     0.224852     0.233829     0.241697     0.248268     0.253439     0.257200
     0.259638     0.260918     0.261253     0.260860     0.259933
    0.0390806    0.0325498    0.0262896    0.0202939    0.0149380    0.0121083
    0.0118239    0.0126334    0.0141430    0.0160835    0.0182218    0.0203808
    0.0224327    0.0242925    0.0259092    0.0272569    0.0283282    0.0291290
    0.0296757    0.0299936    0.0301149    0.0300776    0.0299237    0.0296979
    0.0294490    0.0292324    0.0291158    0.0291847    0.0295465    0.0303292
    0.0316698    0.0336935    0.0364941    0.0401197    0.0445672    0.0497847
    0.0556826    0.0621542    0.0690975    0.0764294    0.0840884    0.0920327
     0.100234     0.108672     0.117332     0.126195     0.135242     0.144445
     0.153764     0.163144     0.172513     0.181778     0.190821     0.199506
     0.207684     0.215205     0.221936     0.227773     0.232656     0.236572
     0.239557     0.241686     0.243063     0.243805     0.244030
    0.0421128    0.0348215    0.0268947    0.0179385   0.00779555   0.00279514
   0.00268638   0.00496132   0.00855096    0.0123416    0.0161291    0.0196963
    0.0228980    0.0256658    0.0279766    0.0298315    0.0312437    0.0322342
    0.0328311    0.0330696    0.0329943    0.0326571    0.0321089    0.0313943
    0.0305514    0.0296186    0.0286463    0.0277151    0.0269620    0.0266032
    0.0269183    0.0281680    0.0305269    0.0340735    0.0387857    0.0445347
    0.0510870    0.0581796    0.0656077    0.0732457    0.0810266    0.0889179
    0.0969054     0.104982     0.113143     0.121378     0.129674     0.138007
     0.146346     0.154645     0.162850     0.170890     0.178686     0.186151
     0.193191     0.199719     0.205656     0.210942     0.215539     0.219434
     0.222641     0.225197     0.227156     0.228585     0.229552
    0.0456979    0.0382968    0.0299639    0.0201918   0.00813434  0.000447152
  -0.00388874  -0.00202771   0.00225257   0.00892066    0.0153026    0.0206949
    0.0252002    0.0288892    0.0318329    0.0341076    0.0357498    0.0367982
    0.0372985    0.0372729    0.0367831    0.0359399    0.0348302    0.0334922
    0.0319284    0.0301207    0.0280422    0.0256748    0.0230559    0.0204480
    0.0187306    0.0187069    0.0203604    0.0240093    0.0294286    0.0367372
    0.0450608    0.0535154    0.0618382    0.0699881    0.0779840    0.0858596
    0.0936484     0.101377     0.109064     0.116719     0.124338     0.131913
     0.139421     0.146832     0.154106     0.161197     0.168049     0.174607
     0.180812     0.186607     0.191945     0.196788     0.201110     0.204901
     0.208166     0.210923     0.213201     0.215038     0.216478
    0.0506184    0.0439949    0.0367353    0.0287308    0.0201457    0.0115644
   0.00138787  0.000968985   0.00161051    0.0104412    0.0184962    0.0251118
    0.0307533    0.0350600    0.0381291    0.0408064    0.0425012    0.0432439
    0.0437427    0.0432035    0.0417007    0.0400240    0.0382333    0.0362705
    0.0340511    0.0314674    0.0283742    0.0245618    0.0196982    0.0131201
   0.00559937   0.00698139   0.00427054    0.0116704    0.0144785    0.0279654
    0.0397515    0.0499458    0.0591559    0.0676929    0.0757557    0.0834809
    0.0909644    0.0982726     0.105449     0.112521     0.119498     0.126382
     0.133161     0.139815     0.146319     0.152640     0.158743     0.164589
     0.170139     0.175358     0.180214     0.184682     0.188743     0.192390
     0.195623     0.198450     0.200889     0.202962     0.204696
    0.0565546    0.0512098    0.0455323    0.0395379    0.0333498    0.0272009
    0.0215725    0.0167881   0.00999248    0.0205156    0.0269987    0.0328544
    0.0387902    0.0430154    0.0450992    0.0482767    0.0498066    0.0496454
    0.0507276    0.0496045    0.0467081    0.0443359    0.0421030    0.0397992
    0.0372713    0.0343705    0.0309131    0.0266391    0.0211546    0.0138993
   0.00693961   0.00659740   0.00530642    0.0109586    0.0155169    0.0277118
    0.0397761    0.0500879    0.0591736    0.0674116    0.0750578    0.0822887
    0.0892263    0.0959529     0.102522     0.108964     0.115296     0.121520
     0.127630     0.133614     0.139453     0.145124     0.150602     0.155860
     0.160871     0.165612     0.170060     0.174197     0.178010     0.181492
     0.184641     0.187463     0.189965     0.192161     0.194069
