     -4.04357     -3.91963     -3.80305     -3.69321     -3.58954     -3.49153
     -3.39872     -3.31101     -3.22786     -3.14838     -3.07291     -3.00113
     -2.93295     -2.86772     -2.80485     -2.74519     -2.68769     -2.63205
     -2.57918     -2.52787     -2.47822     -2.43078     -2.38525     -2.34145
     -2.29926     -2.25860     -2.21937     -2.18151     -2.14494     -2.10962
     -2.07543     -2.04225     -2.01010     -1.97887     -1.94860     -1.91932
     -1.89094     -1.86338     -1.83662     -1.81061     -1.78534     -1.76075
     -1.73684     -1.71356     -1.69090     -1.66883     -1.64734     -1.62638
     -1.60596     -1.58604     -1.56661     -1.54765     -1.52914     -1.51107
     -1.49342     -1.47618     -1.45933     -1.44287     -1.42677     -1.41102
     -1.39562     -1.38056     -1.36581     -1.35138     -1.33724
     -4.04357     -3.91963     -3.80305     -3.69321     -3.58954     -3.49153
     -3.39915     -3.31135     -3.22801     -3.14854     -3.07296     -3.00105
     -2.93254     -2.86707     -2.80437     -2.74441     -2.68685     -2.63151
     -2.57844     -2.52731     -2.47805     -2.43073     -2.38524     -2.34146
     -2.29929     -2.25863     -2.21941     -2.18154     -2.14498     -2.10965
     -2.07547     -2.04228     -2.01013     -1.97889     -1.94862     -1.91932
     -1.89094     -1.86338     -1.83662     -1.81061     -1.78534     -1.76075
     -1.73684     -1.71356     -1.69090     -1.66883     -1.64734     -1.62638
     -1.60596     -1.58604     -1.56661     -1.54765     -1.52914     -1.51107
     -1.49342     -1.47618     -1.45933     -1.44287     -1.42677     -1.41102
     -1.39562     -1.38056     -1.36581     -1.35138     -1.33724
     -4.04357     -3.91963     -3.80305     -3.69321     -3.58954     -3.49162
     -3.39910     -3.31121     -3.22772     -3.14828     -3.07269     -3.00068
     -2.93201     -2.86641     -2.80368     -2.74361     -2.68604     -2.63080
     -2.57775     -2.52676     -2.47772     -2.43054     -2.38513     -2.34139
     -2.29924     -2.25859     -2.21937     -2.18149     -2.14489     -2.10951
     -2.07527     -2.04208     -2.00992     -1.97872     -1.94857     -1.91932
     -1.89094     -1.86338     -1.83662     -1.81061     -1.78534     -1.76075
     -1.73684     -1.71356     -1.69090     -1.66883     -1.64734     -1.62638
     -1.60596     -1.58604     -1.56661     -1.54765     -1.52914     -1.51107
     -1.49342     -1.47618     -1.45933     -1.44287     -1.42677     -1.41102
     -1.39562     -1.38056     -1.36581     -1.35138     -1.33724
     -4.04357     -3.91963     -3.80305     -3.69321     -3.58954     -3.49153
     -3.39872     -3.31077     -3.22728     -3.14790     -3.07234     -3.00032
     -2.93162     -2.86599     -2.80324     -2.74317     -2.68560     -2.63038
     -2.57737     -2.52644     -2.47747     -2.43035     -2.38498     -2.34128
     -2.29915     -2.25851     -2.21928     -2.18140     -2.14478     -2.10937
     -2.07510     -2.04192     -2.00982     -1.97872     -1.94857     -1.91932
     -1.89094     -1.86338     -1.83662     -1.81061     -1.78534     -1.76075
     -1.73684     -1.71356     -1.69090     -1.66883     -1.64734     -1.62638
     -1.60596     -1.58604     -1.56661     -1.54765     -1.52914     -1.51107
     -1.49342     -1.47618     -1.45933     -1.44287     -1.42677     -1.41102
     -1.39562     -1.38056     -1.36581     -1.35138     -1.33724
     -4.04357     -3.91963     -3.80305     -3.69321     -3.58954     -3.49153
     -3.39872     -3.31073     -3.22717     -3.14773     -3.07211     -3.00003
     -2.93132     -2.86569     -2.80294     -2.74287     -2.68531     -2.63011
     -2.57712     -2.52622     -2.47728     -2.43019     -2.38485     -2.34117
     -2.29906     -2.25842     -2.21920     -2.18131     -2.14469     -2.10928
     -2.07505     -2.04192     -2.00982     -1.97872     -1.94857     -1.91932
     -1.89094     -1.86338     -1.83662     -1.81061     -1.78534     -1.76075
     -1.73684     -1.71356     -1.69090     -1.66883     -1.64734     -1.62638
     -1.60596     -1.58604     -1.56661     -1.54765     -1.52914     -1.51107
     -1.49342     -1.47618     -1.45933     -1.44287     -1.42677     -1.41102
     -1.39562     -1.38056     -1.36581     -1.35138     -1.33724
     -4.04357     -3.91963     -3.80305     -3.69321     -3.58954     -3.49153
     -3.39872     -3.31073     -3.22717     -3.14773     -3.07211     -3.00003
     -2.93126     -2.86557     -2.80276     -2.74265     -2.68510     -2.62991
     -2.57694     -2.52606     -2.47714     -2.43007     -2.38475     -2.34108
     -2.29897     -2.25835     -2.21913     -2.18124     -2.14466     -2.10928
     -2.07505     -2.04192     -2.00982     -1.97872     -1.94857     -1.91932
     -1.89094     -1.86338     -1.83662     -1.81061     -1.78534     -1.76075
     -1.73684     -1.71356     -1.69090     -1.66883     -1.64734     -1.62638
     -1.60596     -1.58604     -1.56661     -1.54765     -1.52914     -1.51107
     -1.49342     -1.47618     -1.45933     -1.44287     -1.42677     -1.41102
     -1.39562     -1.38056     -1.36581     -1.35138     -1.33724
     -4.04357     -3.91963     -3.80305     -3.69321     -3.58954     -3.49153
     -3.39872     -3.31073     -3.22717     -3.14773     -3.07211     -3.00003
     -2.93126     -2.86557     -2.80276     -2.74265     -2.68506     -2.62984
     -2.57684     -2.52594     -2.47703     -2.42997     -2.38467     -2.34101
     -2.29892     -2.25830     -2.21909     -2.18124     -2.14466     -2.10928
     -2.07505     -2.04192     -2.00982     -1.97872     -1.94857     -1.91932
     -1.89094     -1.86338     -1.83662     -1.81061     -1.78534     -1.76075
     -1.73684     -1.71356     -1.69090     -1.66883     -1.64734     -1.62638
     -1.60596     -1.58604     -1.56661     -1.54765     -1.52914     -1.51107
     -1.49342     -1.47618     -1.45933     -1.44287     -1.42677     -1.41102
     -1.39562     -1.38056     -1.36581     -1.35138     -1.33724
     -4.04357     -3.91963     -3.80305     -3.69321     -3.58954     -3.49153
     -3.39872     -3.31073     -3.22717     -3.14773     -3.07211     -3.00003
     -2.93126     -2.86557     -2.80276     -2.74265     -2.68506     -2.62984
     -2.57684     -2.52594     -2.47701     -2.42994     -2.38462     -2.34097
     -2.29889     -2.25828     -2.21909     -2.18124     -2.14466     -2.10928
     -2.07505     -2.04192     -2.00982     -1.97872     -1.94857     -1.91932
     -1.89094     -1.86338     -1.83662     -1.81061     -1.78534     -1.76075
     -1.73684     -1.71356     -1.69090     -1.66883     -1.64734     -1.62638
     -1.60596     -1.58604     -1.56661     -1.54765     -1.52914     -1.51107
     -1.49342     -1.47618     -1.45933     -1.44287     -1.42677     -1.41102
     -1.39562     -1.38056     -1.36581     -1.35138     -1.33724
     -4.04357     -3.91963     -3.80305     -3.69321     -3.58954     -3.49153
     -3.39872     -3.31073     -3.22717     -3.14773     -3.07211     -3.00003
     -2.93126     -2.86557     -2.80276     -2.74265     -2.68506     -2.62984
     -2.57684     -2.52594     -2.47701     -2.42994     -2.38462     -2.34097
     -2.29889     -2.25829     -2.21909     -2.18124     -2.14466     -2.10928
     -2.07505     -2.04192     -2.00982     -1.97872     -1.94857     -1.91932
     -1.89094     -1.86338     -1.83662     -1.81061     -1.78534     -1.76075
     -1.73684     -1.71356     -1.69090     -1.66883     -1.64734     -1.62638
     -1.60596     -1.58604     -1.56661     -1.54765     -1.52914     -1.51107
     -1.49342     -1.47618     -1.45933     -1.44287     -1.42677     -1.41102
     -1.39562     -1.38056     -1.36581     -1.35138     -1.33724
     -4.04357     -3.91963     -3.80305     -3.69321     -3.58954     -3.49153
     -3.39872     -3.31073     -3.22717     -3.14773     -3.07211     -3.00003
     -2.93126     -2.86557     -2.80276     -2.74265     -2.68506     -2.62984
     -2.57684     -2.52594     -2.47701     -2.42994     -2.38462     -2.34099
     -2.29892     -2.25833     -2.21914     -2.18126     -2.14466     -2.10928
     -2.07505     -2.04192     -2.00982     -1.97872     -1.94857     -1.91932
     -1.89094     -1.86338     -1.83662     -1.81061     -1.78534     -1.76075
     -1.73684     -1.71356     -1.69090     -1.66883     -1.64734     -1.62638
     -1.60596     -1.58604     -1.56661     -1.54765     -1.52914     -1.51107
     -1.49342     -1.47618     -1.45933     -1.44287     -1.42677     -1.41102
     -1.39562     -1.38056     -1.36581     -1.35138     -1.33724
     -4.04357     -3.91963     -3.80305     -3.69321     -3.58954     -3.49153
     -3.39872     -3.31073     -3.22717     -3.14773     -3.07211     -3.00003
     -2.93126     -2.86557     -2.80276     -2.74265     -2.68506     -2.62984
     -2.57684     -2.52594     -2.47701     -2.42994     -2.38464     -2.34103
     -2.29898     -2.25840     -2.21921     -2.18135     -2.14474     -2.10932
     -2.07505     -2.04192     -2.00982     -1.97872     -1.94857     -1.91932
     -1.89094     -1.86338     -1.83662     -1.81061     -1.78534     -1.76075
     -1.73684     -1.71356     -1.69090     -1.66883     -1.64734     -1.62638
     -1.60596     -1.58604     -1.56661     -1.54765     -1.52914     -1.51107
     -1.49342     -1.47618     -1.45933     -1.44287     -1.42677     -1.41102
     -1.39562     -1.38056     -1.36581     -1.35138     -1.33724
     -4.04357     -3.91963     -3.80305     -3.69321     -3.58954     -3.49153
     -3.39872     -3.31073     -3.22717     -3.14773     -3.07211     -3.00003
     -2.93126     -2.86557     -2.80276     -2.74265     -2.68506     -2.62984
     -2.57684     -2.52594     -2.47701     -2.42995     -2.38470     -2.34111
     -2.29907     -2.25849     -2.21932     -2.18146     -2.14486     -2.10945
     -2.07517     -2.04198     -2.00982     -1.97872     -1.94857     -1.91932
     -1.89094     -1.86338     -1.83662     -1.81061     -1.78534     -1.76075
     -1.73684     -1.71356     -1.69090     -1.66883     -1.64734     -1.62638
     -1.60596     -1.58604     -1.56661     -1.54765     -1.52914     -1.51107
     -1.49342     -1.47618     -1.45933     -1.44287     -1.42677     -1.41102
     -1.39562     -1.38056     -1.36581     -1.35138     -1.33724
     -4.04357     -3.91963     -3.80305     -3.69321     -3.58954     -3.49153
     -3.39872     -3.31073     -3.22717     -3.14773     -3.07211     -3.00003
     -2.93126     -2.86557     -2.80276     -2.74265     -2.68506     -2.62984
     -2.57684     -2.52594     -2.47701     -2.43002     -2.38479     -2.34121
     -2.29918     -2.25862     -2.21945     -2.18160     -2.14501     -2.10961
     -2.07533     -2.04214     -2.00997     -1.97879     -1.94857     -1.91932
     -1.89094     -1.86338     -1.83662     -1.81061     -1.78534     -1.76075
     -1.73684     -1.71356     -1.69090     -1.66883     -1.64734     -1.62638
     -1.60596     -1.58604     -1.56661     -1.54765     -1.52914     -1.51107
     -1.49342     -1.47618     -1.45933     -1.44287     -1.42677     -1.41102
     -1.39562     -1.38056     -1.36581     -1.35138     -1.33724
     -4.04357     -3.91963     -3.80305     -3.69321     -3.58954     -3.49153
     -3.39872     -3.31073     -3.22717     -3.14773     -3.07211     -3.00003
     -2.93126     -2.86557     -2.80276     -2.74265     -2.68506     -2.62984
     -2.57684     -2.52594     -2.47709     -2.43013     -2.38491     -2.34134
     -2.29933     -2.25879     -2.21964     -2.18181     -2.14522     -2.10982
     -2.07555     -2.04235     -2.01019     -1.97900     -1.94875     -1.91940
     -1.89094     -1.86338     -1.83662     -1.81061     -1.78534     -1.76075
     -1.73684     -1.71356     -1.69090     -1.66883     -1.64734     -1.62638
     -1.60596     -1.58604     -1.56661     -1.54765     -1.52914     -1.51107
     -1.49342     -1.47618     -1.45933     -1.44287     -1.42677     -1.41102
     -1.39562     -1.38056     -1.36581     -1.35138     -1.33724
     -4.04357     -3.91963     -3.80305     -3.69321     -3.58954     -3.49153
     -3.39872     -3.31073     -3.22717     -3.14773     -3.07211     -3.00003
     -2.93126     -2.86557     -2.80276     -2.74265     -2.68506     -2.62984
     -2.57684     -2.52601     -2.47721     -2.43027     -2.38508     -2.34153
     -2.29955     -2.25903     -2.21990     -2.18208     -2.14552     -2.11012
     -2.07585     -2.04266     -2.01048     -1.97927     -1.94901     -1.91964
     -1.89113     -1.86345     -1.83662     -1.81061     -1.78534     -1.76075
     -1.73684     -1.71356     -1.69090     -1.66883     -1.64734     -1.62638
     -1.60596     -1.58604     -1.56661     -1.54765     -1.52914     -1.51107
     -1.49342     -1.47618     -1.45933     -1.44287     -1.42677     -1.41102
     -1.39562     -1.38056     -1.36581     -1.35138     -1.33724
     -4.04357     -3.91963     -3.80305     -3.69321     -3.58954     -3.49153
     -3.39872     -3.31073     -3.22717     -3.14773     -3.07211     -3.00003
     -2.93126     -2.86557     -2.80276     -2.74265     -2.68506     -2.62984
     -2.57688     -2.52615     -2.47738     -2.43046     -2.38530     -2.34180
     -2.29985     -2.25937     -2.22028     -2.18249     -2.14595     -2.11057
     -2.07631     -2.04310     -2.01091     -1.97968     -1.94938     -1.91998
     -1.89144     -1.86373     -1.83681     -1.81066     -1.78534     -1.76075
     -1.73684     -1.71356     -1.69090     -1.66883     -1.64734     -1.62638
     -1.60596     -1.58604     -1.56661     -1.54765     -1.52914     -1.51107
     -1.49342     -1.47618     -1.45933     -1.44287     -1.42677     -1.41102
     -1.39562     -1.38056     -1.36581     -1.35138     -1.33724
     -4.04357     -3.91963     -3.80305     -3.69321     -3.58954     -3.49153
     -3.39872     -3.31073     -3.22717     -3.14773     -3.07211     -3.00003
     -2.93126     -2.86557     -2.80276     -2.74265     -2.68506     -2.62984
     -2.57704     -2.52632     -2.47759     -2.43072     -2.38562     -2.34217
     -2.30029     -2.25987     -2.22084     -2.18310     -2.14660     -2.11125
     -2.07700     -2.04379     -2.01158     -1.98031     -1.94997     -1.92051
     -1.89190     -1.86413     -1.83715     -1.81096     -1.78550     -1.76075
     -1.73684     -1.71356     -1.69090     -1.66883     -1.64734     -1.62638
     -1.60596     -1.58604     -1.56661     -1.54765     -1.52914     -1.51107
     -1.49342     -1.47618     -1.45933     -1.44287     -1.42677     -1.41102
     -1.39562     -1.38056     -1.36581     -1.35138     -1.33724
     -4.04357     -3.91963     -3.80305     -3.69321     -3.58954     -3.49153
     -3.39872     -3.31073     -3.22717     -3.14773     -3.07211     -3.00003
     -2.93126     -2.86557     -2.80276     -2.74265     -2.68506     -2.63001
     -2.57723     -2.52656     -2.47789     -2.43109     -2.38607     -2.34272
     -2.30093     -2.26061     -2.22167     -2.18403     -2.14758     -2.11229
     -2.07806     -2.04486     -2.01262     -1.98131     -1.95089     -1.92135
     -1.89265     -1.86477     -1.83769     -1.81140     -1.78586     -1.76106
     -1.73695     -1.71356     -1.69090     -1.66883     -1.64734     -1.62638
     -1.60596     -1.58604     -1.56661     -1.54765     -1.52914     -1.51107
     -1.49342     -1.47618     -1.45933     -1.44287     -1.42677     -1.41102
     -1.39562     -1.38056     -1.36581     -1.35138     -1.33724
     -4.04357     -3.91963     -3.80305     -3.69321     -3.58954     -3.49153
     -3.39872     -3.31073     -3.22717     -3.14773     -3.07211     -3.00003
     -2.93126     -2.86557     -2.80276     -2.74265     -2.68519     -2.63021
     -2.57749     -2.52689     -2.47831     -2.43162     -2.38673     -2.34352
     -2.30189     -2.26172     -2.22292     -2.18540     -2.14908     -2.11386
     -2.07969     -2.04650     -2.01424     -1.98287     -1.95237     -1.92270
     -1.89386     -1.86582     -1.83858     -1.81213     -1.78645     -1.76152
     -1.73731     -1.71380     -1.69093     -1.66883     -1.64734     -1.62638
     -1.60596     -1.58604     -1.56661     -1.54765     -1.52914     -1.51107
     -1.49342     -1.47618     -1.45933     -1.44287     -1.42677     -1.41102
     -1.39562     -1.38056     -1.36581     -1.35138     -1.33724
     -4.04357     -3.91963     -3.80305     -3.69321     -3.58954     -3.49153
     -3.39872     -3.31073     -3.22717     -3.14773     -3.07211     -3.00003
     -2.93126     -2.86557     -2.80276     -2.74271     -2.68540     -2.63048
     -2.57783     -2.52735     -2.47891     -2.43239     -2.38770     -2.34470
     -2.30329     -2.26335     -2.22478     -2.18746     -2.15131     -2.11623
     -2.08215     -2.04899     -2.01672     -1.98528     -1.95465     -1.92481
     -1.89577     -1.86751     -1.84002     -1.81333     -1.78741     -1.76227
     -1.73788     -1.71422     -1.69126     -1.66895     -1.64734     -1.62638
     -1.60596     -1.58604     -1.56661     -1.54765     -1.52914     -1.51107
     -1.49342     -1.47618     -1.45933     -1.44287     -1.42677     -1.41102
     -1.39562     -1.38056     -1.36581     -1.35138     -1.33724
     -4.04357     -3.91963     -3.80305     -3.69321     -3.58954     -3.49153
     -3.39872     -3.31073     -3.22717     -3.14773     -3.07211     -3.00003
     -2.93126     -2.86557     -2.80276     -2.74292     -2.68566     -2.63083
     -2.57831     -2.52800     -2.47977     -2.43351     -2.38909     -2.34641
     -2.30532     -2.26572     -2.22748     -2.19046     -2.15457     -2.11970
     -2.08576     -2.05269     -2.02040     -1.98888     -1.95809     -1.92803
     -1.89870     -1.87012     -1.84230     -1.81525     -1.78898     -1.76351
     -1.73883     -1.71492     -1.69176     -1.66932     -1.64753     -1.62638
     -1.60596     -1.58604     -1.56661     -1.54765     -1.52914     -1.51107
     -1.49342     -1.47618     -1.45933     -1.44287     -1.42677     -1.41102
     -1.39562     -1.38056     -1.36581     -1.35138     -1.33724
     -4.04357     -3.91963     -3.80305     -3.69321     -3.58954     -3.49153
     -3.39872     -3.31073     -3.22717     -3.14773     -3.07211     -3.00003
     -2.93126     -2.86557     -2.80294     -2.74318     -2.68600     -2.63131
     -2.57898     -2.52891     -2.48098     -2.43508     -2.39107     -2.34883
     -2.30821     -2.26909     -2.23131     -2.19473     -2.15923     -2.12469
     -2.09097     -2.05802     -2.02575     -1.99412     -1.96313     -1.93277
     -1.90306     -1.87403     -1.84572     -1.81817     -1.79141     -1.76547
     -1.74035     -1.71606     -1.69258     -1.66988     -1.64792     -1.62663
     -1.60596     -1.58604     -1.56661     -1.54765     -1.52914     -1.51107
     -1.49342     -1.47618     -1.45933     -1.44287     -1.42677     -1.41102
     -1.39562     -1.38056     -1.36581     -1.35138     -1.33724
     -4.04357     -3.91963     -3.80305     -3.69321     -3.58954     -3.49153
     -3.39872     -3.31073     -3.22717     -3.14773     -3.07211     -3.00003
     -2.93126     -2.86563     -2.80318     -2.74349     -2.68645     -2.63196
     -2.57989     -2.53017     -2.48266     -2.43724     -2.39379     -2.35215
     -2.31219     -2.27372     -2.23661     -2.20066     -2.16570     -2.13160
     -2.09822     -2.06546     -2.03323     -2.00150     -1.97024     -1.93949
     -1.90927     -1.87964     -1.85067     -1.82244     -1.79500     -1.76839
     -1.74266     -1.71782     -1.69388     -1.67079     -1.64853     -1.62704
     -1.60624     -1.58604     -1.56661     -1.54765     -1.52914     -1.51107
     -1.49342     -1.47618     -1.45933     -1.44287     -1.42677     -1.41102
     -1.39562     -1.38056     -1.36581     -1.35138     -1.33724
     -4.04357     -3.91963     -3.80305     -3.69321     -3.58954     -3.49153
     -3.39872     -3.31073     -3.22717     -3.14773     -3.07211     -3.00003
     -2.93126     -2.86584     -2.80345     -2.74389     -2.68704     -2.63282
     -2.58111     -2.53184     -2.48487     -2.44011     -2.39739     -2.35657
     -2.31747     -2.27991     -2.24366     -2.20855     -2.17434     -2.14087
     -2.10796     -2.07546     -2.04332     -2.01146     -1.97989     -1.94861
     -1.91774     -1.88733     -1.85751     -1.82837     -1.80001     -1.77253
     -1.74598     -1.72040     -1.69581     -1.67218     -1.64948     -1.62766
     -1.60663     -1.58631     -1.56661     -1.54765     -1.52914     -1.51107
     -1.49342     -1.47618     -1.45933     -1.44287     -1.42677     -1.41102
     -1.39562     -1.38056     -1.36581     -1.35138     -1.33724
     -4.04357     -3.91963     -3.80305     -3.69321     -3.58954     -3.49153
     -3.39872     -3.31073     -3.22717     -3.14773     -3.07211     -3.00003
     -2.93135     -2.86607     -2.80378     -2.74439     -2.68779     -2.63392
     -2.58268     -2.53396     -2.48771     -2.44376     -2.40199     -2.36220
     -2.32420     -2.28779     -2.25268     -2.21866     -2.18542     -2.15277
     -2.12047     -2.08839     -2.05636     -2.02437     -1.99240     -1.96051
     -1.92880     -1.89741     -1.86648     -1.83619     -1.80667     -1.77807
     -1.75047     -1.72393     -1.69849     -1.67415     -1.65087     -1.62858
     -1.60722     -1.58668     -1.56684     -1.54765     -1.52914     -1.51107
     -1.49342     -1.47618     -1.45933     -1.44287     -1.42677     -1.41102
     -1.39562     -1.38056     -1.36581     -1.35138     -1.33724
     -4.04357     -3.91963     -3.80305     -3.69321     -3.58954     -3.49153
     -3.39872     -3.31073     -3.22717     -3.14773     -3.07211     -3.00003
     -2.93153     -2.86633     -2.80417     -2.74499     -2.68871     -2.63526
     -2.58458     -2.53657     -2.49115     -2.44820     -2.40757     -2.36904
     -2.33242     -2.29740     -2.26369     -2.23100     -2.19898     -2.16735
     -2.13584     -2.10423     -2.07240     -2.04027     -2.00782     -1.97519
     -1.94249     -1.90989     -1.87766     -1.84597     -1.81504     -1.78506
     -1.75617     -1.72846     -1.70199     -1.67676     -1.65274     -1.62987
     -1.60806     -1.58719     -1.56715     -1.54780     -1.52914     -1.51107
     -1.49342     -1.47618     -1.45933     -1.44287     -1.42677     -1.41102
     -1.39562     -1.38056     -1.36581     -1.35138     -1.33724
     -4.04357     -3.91963     -3.80305     -3.69321     -3.58954     -3.49153
     -3.39872     -3.31073     -3.22717     -3.14773     -3.07211     -3.00006
     -2.93173     -2.86661     -2.80463     -2.74570     -2.68978     -2.63683
     -2.58678     -2.53958     -2.49513     -2.45333     -2.41400     -2.37693
     -2.34186     -2.30846     -2.27639     -2.24525     -2.21464     -2.18421
     -2.15362     -2.12262     -2.09100     -2.05872     -2.02579     -1.99230
     -1.95846     -1.92451     -1.89074     -1.85744     -1.82488     -1.79333
     -1.76294     -1.73388     -1.70621     -1.67996     -1.65508     -1.63151
     -1.60916     -1.58789     -1.56757     -1.54806     -1.52920     -1.51107
     -1.49342     -1.47618     -1.45933     -1.44287     -1.42677     -1.41102
     -1.39562     -1.38056     -1.36581     -1.35138     -1.33724
     -4.04357     -3.91963     -3.80305     -3.69321     -3.58954     -3.49153
     -3.39872     -3.31073     -3.22717     -3.14773     -3.07211     -3.00020
     -2.93192     -2.86692     -2.80511     -2.74646     -2.69094     -2.63852
     -2.58916     -2.54282     -2.49942     -2.45884     -2.42092     -2.38543
     -2.35205     -2.32042     -2.29009     -2.26063     -2.23157     -2.20247
     -2.17289     -2.14254     -2.11118     -2.07876     -2.04530     -2.01089
     -1.97584     -1.94042     -1.90502     -1.86998     -1.83567     -1.80240
     -1.77042     -1.73989     -1.71093     -1.68356     -1.65774     -1.63342
     -1.61046     -1.58874     -1.56809     -1.54837     -1.52939     -1.51107
     -1.49342     -1.47618     -1.45933     -1.44287     -1.42677     -1.41102
     -1.39562     -1.38056     -1.36581     -1.35138     -1.33724
     -4.04357     -3.91963     -3.80305     -3.69321     -3.58954     -3.49153
     -3.39872     -3.31073     -3.22717     -3.14773     -3.07211     -3.00033
     -2.93211     -2.86722     -2.80561     -2.74725     -2.69213     -2.64023
     -2.59155     -2.54607     -2.50371     -2.46436     -2.42786     -2.39393
     -2.36223     -2.33234     -2.30378     -2.27601     -2.24848     -2.22068
     -2.19212     -2.16242     -2.13137     -2.09882     -2.06480     -2.02952
     -1.99325     -1.95637     -1.91933     -1.88257     -1.84651     -1.81155
     -1.77797     -1.74598     -1.71574     -1.68725     -1.66051     -1.63542
     -1.61186     -1.58967     -1.56869     -1.54872     -1.52961     -1.51116
     -1.49342     -1.47618     -1.45933     -1.44287     -1.42677     -1.41102
     -1.39562     -1.38056     -1.36581     -1.35138     -1.33724
     -4.04357     -3.91963     -3.80305     -3.69321     -3.58954     -3.49153
     -3.39872     -3.31073     -3.22717     -3.14773     -3.07211     -3.00044
     -2.93229     -2.86751     -2.80607     -2.74797     -2.69321     -2.64178
     -2.59373     -2.54900     -2.50760     -2.46935     -2.43410     -2.40158
     -2.37139     -2.34308     -2.31609     -2.28984     -2.26369     -2.23707
     -2.20939     -2.18030     -2.14949     -2.11681     -2.08232     -2.04624
     -2.00887     -1.97070     -1.93220     -1.89389     -1.85628     -1.81980
     -1.78479     -1.75150     -1.72010     -1.69062     -1.66305     -1.63728
     -1.61317     -1.59057     -1.56927     -1.54908     -1.52982     -1.51130
     -1.49342     -1.47618     -1.45933     -1.44287     -1.42677     -1.41102
     -1.39562     -1.38056     -1.36581     -1.35138     -1.33724
     -4.04357     -3.91963     -3.80305     -3.69321     -3.58954     -3.49153
     -3.39872     -3.31073     -3.22717     -3.14773     -3.07212     -3.00054
     -2.93243     -2.86775     -2.80645     -2.74855     -2.69407     -2.64302
     -2.59545     -2.55132     -2.51064     -2.47324     -2.43898     -2.40751
     -2.37849     -2.35139     -2.32559     -2.30052     -2.27542     -2.24968
     -2.22269     -2.19403     -2.16340     -2.13062     -2.09575     -2.05904
     -2.02084     -1.98166     -1.94204     -1.90253     -1.86374     -1.82610
     -1.78999     -1.75572     -1.72344     -1.69322     -1.66501     -1.63872
     -1.61420     -1.59128     -1.56974     -1.54937     -1.52999     -1.51140
     -1.49343     -1.47618     -1.45933     -1.44287     -1.42677     -1.41102
     -1.39562     -1.38056     -1.36581     -1.35138     -1.33724
     -4.04357     -3.91963     -3.80305     -3.69321     -3.58954     -3.49153
     -3.39872     -3.31073     -3.22717     -3.14773     -3.07217     -3.00060
     -2.93253     -2.86790     -2.80669     -2.74893     -2.69461     -2.64381
     -2.59650     -2.55275     -2.51248     -2.47558     -2.44187     -2.41103
     -2.38264     -2.35622     -2.33110     -2.30666     -2.28214     -2.25688
     -2.23026     -2.20183     -2.17126     -2.13838     -2.10329     -2.06620
     -2.02752     -1.98775     -1.94750     -1.90733     -1.86786     -1.82957
     -1.79285     -1.75805     -1.72527     -1.69463     -1.66608     -1.63952
     -1.61478     -1.59167     -1.56999     -1.54954     -1.53009     -1.51147
     -1.49347     -1.47618     -1.45933     -1.44287     -1.42677     -1.41102
     -1.39562     -1.38056     -1.36581     -1.35138     -1.33724
     -4.04357     -3.91963     -3.80305     -3.69321     -3.58954     -3.49153
     -3.39872     -3.31073     -3.22717     -3.14773     -3.07219     -3.00063
     -2.93257     -2.86796     -2.80678     -2.74905     -2.69477     -2.64401
     -2.59677     -2.55307     -2.51287     -2.47602     -2.44239     -2.41160
     -2.38330     -2.35692     -2.33185     -2.30743     -2.28291     -2.25766
     -2.23103     -2.20257     -2.17194     -2.13900     -2.10385     -2.06669
     -2.02794     -1.98810     -1.94778     -1.90755     -1.86803     -1.82969
     -1.79294     -1.75810     -1.72530     -1.69465     -1.66609     -1.63952
     -1.61478     -1.59167     -1.56999     -1.54954     -1.53010     -1.51147
     -1.49347     -1.47618     -1.45933     -1.44287     -1.42677     -1.41102
     -1.39562     -1.38056     -1.36581     -1.35138     -1.33724
     -4.04357     -3.91963     -3.80305     -3.69321     -3.58954     -3.49153
     -3.39872     -3.31073     -3.22717     -3.14773     -3.07218     -3.00062
     -2.93254     -2.86791     -2.80669     -2.74890     -2.69453     -2.64363
     -2.59620     -2.55227     -2.51174     -2.47456     -2.44046     -2.40921
     -2.38035     -2.35339     -2.32773     -2.30269     -2.27763     -2.25189
     -2.22488     -2.19613     -2.16533     -2.13238     -2.09735     -2.06043
     -2.02203     -1.98264     -1.94283     -1.90316     -1.86421     -1.82644
     -1.79023     -1.75588     -1.72354     -1.69327     -1.66503     -1.63873
     -1.61421     -1.59128     -1.56973     -1.54937     -1.52999     -1.51141
     -1.49343     -1.47618     -1.45933     -1.44287     -1.42677     -1.41102
     -1.39562     -1.38056     -1.36581     -1.35138     -1.33724
     -4.04357     -3.91963     -3.80305     -3.69321     -3.58954     -3.49153
     -3.39872     -3.31073     -3.22717     -3.14773     -3.07215     -3.00057
     -2.93246     -2.86777     -2.80645     -2.74849     -2.69391     -2.64271
     -2.59489     -2.55044     -2.50929     -2.47135     -2.43638     -2.40412
     -2.37419     -2.34609     -2.31927     -2.29314     -2.26705     -2.24038
     -2.21266     -2.18341     -2.15237     -2.11943     -2.08468     -2.04828
     -2.01062     -1.97213     -1.93335     -1.89479     -1.85695     -1.82028
     -1.78512     -1.75172     -1.72023     -1.69069     -1.66308     -1.63729
     -1.61317     -1.59056     -1.56926     -1.54907     -1.52982     -1.51130
     -1.49342     -1.47618     -1.45933     -1.44287     -1.42677     -1.41102
     -1.39562     -1.38056     -1.36581     -1.35138     -1.33724
     -4.04357     -3.91963     -3.80305     -3.69321     -3.58954     -3.49153
     -3.39872     -3.31073     -3.22717     -3.14773     -3.07211     -3.00049
     -2.93234     -2.86755     -2.80608     -2.74791     -2.69301     -2.64138
     -2.59298     -2.54783     -2.50581     -2.46680     -2.43065     -2.39704
     -2.36564     -2.33599     -2.30763     -2.27997     -2.25249     -2.22466
     -2.19598     -2.16610     -2.13477     -2.10191     -2.06755     -2.03189
     -1.99526     -1.95801     -1.92063     -1.88358     -1.84727     -1.81208
     -1.77832     -1.74620     -1.71586     -1.68730     -1.66052     -1.63541
     -1.61184     -1.58965     -1.56867     -1.54871     -1.52960     -1.51116
     -1.49342     -1.47618     -1.45933     -1.44287     -1.42677     -1.41102
     -1.39562     -1.38056     -1.36581     -1.35138     -1.33724
     -4.04357     -3.91963     -3.80305     -3.69321     -3.58954     -3.49153
     -3.39872     -3.31073     -3.22717     -3.14773     -3.07211     -3.00040
     -2.93218     -2.86729     -2.80564     -2.74720     -2.69193     -2.63979
     -2.59075     -2.54474     -2.50170     -2.46149     -2.42393     -2.38876
     -2.35569     -2.32430     -2.29416     -2.26480     -2.23577     -2.20659
     -2.17688     -2.14630     -2.11468     -2.08192     -2.04806     -2.01329
     -1.97783     -1.94205     -1.90629     -1.87095     -1.83636     -1.80288
     -1.77073     -1.74007     -1.71100     -1.68358     -1.65772     -1.63339
     -1.61042     -1.58871     -1.56807     -1.54835     -1.52938     -1.51107
     -1.49342     -1.47618     -1.45933     -1.44287     -1.42677     -1.41102
     -1.39562     -1.38056     -1.36581     -1.35138     -1.33724
     -4.04357     -3.91963     -3.80305     -3.69321     -3.58954     -3.49153
     -3.39872     -3.31073     -3.22717     -3.14773     -3.07211     -3.00029
     -2.93201     -2.86700     -2.80517     -2.74645     -2.69078     -2.63810
     -2.58837     -2.54150     -2.49740     -2.45595     -2.41696     -2.38019
     -2.34538     -2.31220     -2.28027     -2.24920     -2.21858     -2.18808
     -2.15733     -2.12608     -2.09419     -2.06158     -2.02826     -1.99441
     -1.96019     -1.92590     -1.89181     -1.85823     -1.82544     -1.79368
     -1.76314     -1.73397     -1.70623     -1.67993     -1.65503     -1.63145
     -1.60910     -1.58784     -1.56754     -1.54804     -1.52918     -1.51107
     -1.49342     -1.47618     -1.45933     -1.44287     -1.42677     -1.41102
     -1.39562     -1.38056     -1.36581     -1.35138     -1.33724
     -4.04357     -3.91963     -3.80305     -3.69321     -3.58954     -3.49153
     -3.39872     -3.31073     -3.22717     -3.14773     -3.07211     -3.00017
     -2.93184     -2.86672     -2.80470     -2.74572     -2.68966     -2.63647
     -2.58606     -2.53837     -2.49327     -2.45061     -2.41026     -2.37199
     -2.33557     -2.30071     -2.26711     -2.23445     -2.20238     -2.17066
     -2.13897     -2.10714     -2.07502     -2.04257     -2.00984     -1.97686
     -1.94384     -1.91096     -1.87845     -1.84652     -1.81541     -1.78527
     -1.75626     -1.72848     -1.70196     -1.67670     -1.65267     -1.62980
     -1.60800     -1.58714     -1.56712     -1.54778     -1.52914     -1.51107
     -1.49342     -1.47618     -1.45933     -1.44287     -1.42677     -1.41102
     -1.39562     -1.38056     -1.36581     -1.35138     -1.33724
     -4.04357     -3.91963     -3.80305     -3.69321     -3.58954     -3.49153
     -3.39872     -3.31073     -3.22717     -3.14773     -3.07211     -3.00004
     -2.93166     -2.86644     -2.80428     -2.74504     -2.68865     -2.63500
     -2.58399     -2.53555     -2.48953     -2.44584     -2.40427     -2.36468
     -2.32685     -2.29053     -2.25547     -2.22144     -2.18814     -2.15536
     -2.12291     -2.09060     -2.05834     -2.02608     -1.99383     -1.96167
     -1.92971     -1.89809     -1.86696     -1.83651     -1.80685     -1.77814
     -1.75046     -1.72388     -1.69841     -1.67406     -1.65078     -1.62851
     -1.60716     -1.58663     -1.56681     -1.54765     -1.52914     -1.51107
     -1.49342     -1.47618     -1.45933     -1.44287     -1.42677     -1.41102
     -1.39562     -1.38056     -1.36581     -1.35138     -1.33724
     -4.04357     -3.91963     -3.80305     -3.69321     -3.58954     -3.49153
     -3.39872     -3.31073     -3.22717     -3.14773     -3.07211     -3.00003
     -2.93149     -2.86620     -2.80390     -2.74446     -2.68777     -2.63373
     -2.58222     -2.53314     -2.48638     -2.44179     -2.39923     -2.35854
     -2.31954     -2.28202     -2.24578     -2.21063     -2.17634     -2.14275
     -2.10967     -2.07700     -2.04465     -2.01258     -1.98078     -1.94933
     -1.91826     -1.88768     -1.85773     -1.82847     -1.80003     -1.77249
     -1.74591     -1.72031     -1.69570     -1.67209     -1.64940     -1.62759
     -1.60658     -1.58627     -1.56661     -1.54765     -1.52914     -1.51107
     -1.49342     -1.47618     -1.45933     -1.44287     -1.42677     -1.41102
     -1.39562     -1.38056     -1.36581     -1.35138     -1.33724
     -4.04357     -3.91963     -3.80305     -3.69321     -3.58954     -3.49153
     -3.39872     -3.31073     -3.22717     -3.14773     -3.07211     -3.00003
     -2.93132     -2.86598     -2.80357     -2.74397     -2.68705     -2.63270
     -2.58079     -2.53120     -2.48383     -2.43853     -2.39518     -2.35363
     -2.31370     -2.27525     -2.23810     -2.20209     -2.16704     -2.13282
     -2.09930     -2.06637     -2.03398     -2.00209     -1.97069     -1.93980
     -1.90946     -1.87973     -1.85068     -1.82240     -1.79491     -1.76829
     -1.74255     -1.71771     -1.69378     -1.67071     -1.64847     -1.62699
     -1.60620     -1.58604     -1.56661     -1.54765     -1.52914     -1.51107
     -1.49342     -1.47618     -1.45933     -1.44287     -1.42677     -1.41102
     -1.39562     -1.38056     -1.36581     -1.35138     -1.33724
     -4.04357     -3.91963     -3.80305     -3.69321     -3.58954     -3.49153
     -3.39872     -3.31073     -3.22717     -3.14773     -3.07211     -3.00003
     -2.93126     -2.86578     -2.80330     -2.74358     -2.68648     -2.63189
     -2.57967     -2.52970     -2.48186     -2.43602     -2.39207     -2.34986
     -2.30924     -2.27010     -2.23227     -2.19562     -2.16003     -2.12535
     -2.09153     -2.05845     -2.02607     -1.99433     -1.96324     -1.93279
     -1.90302     -1.87394     -1.84560     -1.81803     -1.79127     -1.76533
     -1.74023     -1.71595     -1.69250     -1.66982     -1.64787     -1.62660
     -1.60596     -1.58604     -1.56661     -1.54765     -1.52914     -1.51107
     -1.49342     -1.47618     -1.45933     -1.44287     -1.42677     -1.41102
     -1.39562     -1.38056     -1.36581     -1.35138     -1.33724
     -4.04357     -3.91963     -3.80305     -3.69321     -3.58954     -3.49153
     -3.39872     -3.31073     -3.22717     -3.14773     -3.07211     -3.00003
     -2.93126     -2.86559     -2.80307     -2.74326     -2.68604     -2.63127
     -2.57882     -2.52856     -2.48038     -2.43416     -2.38976     -2.34708
     -2.30597     -2.26631     -2.22800     -2.19092     -2.15494     -2.11997
     -2.08595     -2.05278     -2.02041     -1.98881     -1.95798     -1.92788
     -1.89852     -1.86993     -1.84211     -1.81506     -1.78882     -1.76338
     -1.73872     -1.71483     -1.69170     -1.66927     -1.64749     -1.62638
     -1.60596     -1.58604     -1.56661     -1.54765     -1.52914     -1.51107
     -1.49342     -1.47618     -1.45933     -1.44287     -1.42677     -1.41102
     -1.39562     -1.38056     -1.36581     -1.35138     -1.33724
     -4.04357     -3.91963     -3.80305     -3.69321     -3.58954     -3.49153
     -3.39872     -3.31073     -3.22717     -3.14773     -3.07211     -3.00003
     -2.93126     -2.86557     -2.80287     -2.74301     -2.68570     -2.63081
     -2.57820     -2.52774     -2.47932     -2.43281     -2.38811     -2.34509
     -2.30364     -2.26364     -2.22500     -2.18761     -2.15138     -2.11623
     -2.08208     -2.04886     -2.01653     -1.98505     -1.95441     -1.92456
     -1.89552     -1.86727     -1.83982     -1.81315     -1.78727     -1.76215
     -1.73779     -1.71416     -1.69121     -1.66892     -1.64734     -1.62638
     -1.60596     -1.58604     -1.56661     -1.54765     -1.52914     -1.51107
     -1.49342     -1.47618     -1.45933     -1.44287     -1.42677     -1.41102
     -1.39562     -1.38056     -1.36581     -1.35138     -1.33724
     -4.04357     -3.91963     -3.80305     -3.69321     -3.58954     -3.49153
     -3.39872     -3.31073     -3.22717     -3.14773     -3.07211     -3.00003
     -2.93126     -2.86557     -2.80276     -2.74279     -2.68543     -2.63046
     -2.57774     -2.52715     -2.47856     -2.43187     -2.38695     -2.34370
     -2.30202     -2.26180     -2.22294     -2.18535     -2.14897     -2.11369
     -2.07947     -2.04624     -2.01396     -1.98258     -1.95207     -1.92241
     -1.89359     -1.86559     -1.83839     -1.81197     -1.78632     -1.76142
     -1.73724     -1.71374     -1.69090     -1.66883     -1.64734     -1.62638
     -1.60596     -1.58604     -1.56661     -1.54765     -1.52914     -1.51107
     -1.49342     -1.47618     -1.45933     -1.44287     -1.42677     -1.41102
     -1.39562     -1.38056     -1.36581     -1.35138     -1.33724
     -4.04357     -3.91963     -3.80305     -3.69321     -3.58954     -3.49153
     -3.39872     -3.31073     -3.22717     -3.14773     -3.07211     -3.00003
     -2.93126     -2.86557     -2.80276     -2.74265     -2.68522     -2.63019
     -2.57740     -2.52672     -2.47803     -2.43121     -2.38616     -2.34276
     -2.30092     -2.26055     -2.22155     -2.18385     -2.14737     -2.11203
     -2.07777     -2.04454     -2.01230     -1.98099     -1.95060     -1.92108
     -1.89241     -1.86457     -1.83753     -1.81127     -1.78576     -1.76098
     -1.73689     -1.71356     -1.69090     -1.66883     -1.64734     -1.62638
     -1.60596     -1.58604     -1.56661     -1.54765     -1.52914     -1.51107
     -1.49342     -1.47618     -1.45933     -1.44287     -1.42677     -1.41102
     -1.39562     -1.38056     -1.36581     -1.35138     -1.33724
     -4.04357     -3.91963     -3.80305     -3.69321     -3.58954     -3.49153
     -3.39872     -3.31073     -3.22717     -3.14773     -3.07211     -3.00003
     -2.93126     -2.86557     -2.80276     -2.74265     -2.68506     -2.62998
     -2.57715     -2.52641     -2.47765     -2.43075     -2.38561     -2.34212
     -2.30018     -2.25972     -2.22064     -2.18287     -2.14632     -2.11095
     -2.07668     -2.04347     -2.01126     -1.98001     -1.94969     -1.92026
     -1.89169     -1.86395     -1.83701     -1.81084     -1.78541     -1.76075
     -1.73684     -1.71356     -1.69090     -1.66883     -1.64734     -1.62638
     -1.60596     -1.58604     -1.56661     -1.54765     -1.52914     -1.51107
     -1.49342     -1.47618     -1.45933     -1.44287     -1.42677     -1.41102
     -1.39562     -1.38056     -1.36581     -1.35138     -1.33724
     -4.04357     -3.91963     -3.80305     -3.69321     -3.58954     -3.49153
     -3.39872     -3.31073     -3.22717     -3.14773     -3.07211     -3.00003
     -2.93126     -2.86557     -2.80276     -2.74265     -2.68506     -2.62984
     -2.57694     -2.52617     -2.47737     -2.43042     -2.38522     -2.34167
     -2.29969     -2.25917     -2.22004     -2.18222     -2.14565     -2.11026
     -2.07599     -2.04279     -2.01061     -1.97941     -1.94914     -1.91976
     -1.89125     -1.86357     -1.83668     -1.81061     -1.78534     -1.76075
     -1.73684     -1.71356     -1.69090     -1.66883     -1.64734     -1.62638
     -1.60596     -1.58604     -1.56661     -1.54765     -1.52914     -1.51107
     -1.49342     -1.47618     -1.45933     -1.44287     -1.42677     -1.41102
     -1.39562     -1.38056     -1.36581     -1.35138     -1.33724
     -4.04357     -3.91963     -3.80305     -3.69321     -3.58954     -3.49153
     -3.39872     -3.31073     -3.22717     -3.14773     -3.07211     -3.00003
     -2.93126     -2.86557     -2.80276     -2.74265     -2.68506     -2.62984
     -2.57684     -2.52598     -2.47715     -2.43017     -2.38494     -2.34136
     -2.29934     -2.25879     -2.21963     -2.18180     -2.14521     -2.10981
     -2.07555     -2.04236     -2.01020     -1.97902     -1.94878     -1.91944
     -1.89095     -1.86338     -1.83662     -1.81061     -1.78534     -1.76075
     -1.73684     -1.71356     -1.69090     -1.66883     -1.64734     -1.62638
     -1.60596     -1.58604     -1.56661     -1.54765     -1.52914     -1.51107
     -1.49342     -1.47618     -1.45933     -1.44287     -1.42677     -1.41102
     -1.39562     -1.38056     -1.36581     -1.35138     -1.33724
     -4.04357     -3.91963     -3.80305     -3.69321     -3.58954     -3.49153
     -3.39872     -3.31073     -3.22717     -3.14773     -3.07211     -3.00003
     -2.93126     -2.86557     -2.80276     -2.74265     -2.68506     -2.62984
     -2.57684     -2.52594     -2.47701     -2.42997     -2.38472     -2.34112
     -2.29908     -2.25851     -2.21934     -2.18149     -2.14490     -2.10950
     -2.07524     -2.04206     -2.00991     -1.97874     -1.94857     -1.91932
     -1.89094     -1.86338     -1.83662     -1.81061     -1.78534     -1.76075
     -1.73684     -1.71356     -1.69090     -1.66883     -1.64734     -1.62638
     -1.60596     -1.58604     -1.56661     -1.54765     -1.52914     -1.51107
     -1.49342     -1.47618     -1.45933     -1.44287     -1.42677     -1.41102
     -1.39562     -1.38056     -1.36581     -1.35138     -1.33724
     -4.04357     -3.91963     -3.80305     -3.69321     -3.58954     -3.49153
     -3.39872     -3.31073     -3.22717     -3.14773     -3.07211     -3.00003
     -2.93126     -2.86557     -2.80276     -2.74265     -2.68506     -2.62984
     -2.57684     -2.52594     -2.47701     -2.42994     -2.38462     -2.34097
     -2.29888     -2.25829     -2.21912     -2.18126     -2.14466     -2.10928
     -2.07505     -2.04192     -2.00982     -1.97872     -1.94857     -1.91932
     -1.89094     -1.86338     -1.83662     -1.81061     -1.78534     -1.76075
     -1.73684     -1.71356     -1.69090     -1.66883     -1.64734     -1.62638
     -1.60596     -1.58604     -1.56661     -1.54765     -1.52914     -1.51107
     -1.49342     -1.47618     -1.45933     -1.44287     -1.42677     -1.41102
     -1.39562     -1.38056     -1.36581     -1.35138     -1.33724
     -4.04357     -3.91963     -3.80305     -3.69321     -3.58954     -3.49153
     -3.39872     -3.31073     -3.22717     -3.14773     -3.07211     -3.00003
     -2.93126     -2.86557     -2.80276     -2.74265     -2.68506     -2.62984
     -2.57684     -2.52594     -2.47701     -2.42994     -2.38462     -2.34097
     -2.29888     -2.25828     -2.21909     -2.18124     -2.14466     -2.10928
     -2.07505     -2.04192     -2.00982     -1.97872     -1.94857     -1.91932
     -1.89094     -1.86338     -1.83662     -1.81061     -1.78534     -1.76075
     -1.73684     -1.71356     -1.69090     -1.66883     -1.64734     -1.62638
     -1.60596     -1.58604     -1.56661     -1.54765     -1.52914     -1.51107
     -1.49342     -1.47618     -1.45933     -1.44287     -1.42677     -1.41102
     -1.39562     -1.38056     -1.36581     -1.35138     -1.33724
     -4.04357     -3.91963     -3.80305     -3.69321     -3.58954     -3.49153
     -3.39872     -3.31073     -3.22717     -3.14773     -3.07211     -3.00003
     -2.93126     -2.86557     -2.80276     -2.74265     -2.68506     -2.62984
     -2.57684     -2.52594     -2.47701     -2.42994     -2.38462     -2.34097
     -2.29888     -2.25828     -2.21909     -2.18124     -2.14466     -2.10928
     -2.07505     -2.04192     -2.00982     -1.97872     -1.94857     -1.91932
     -1.89094     -1.86338     -1.83662     -1.81061     -1.78534     -1.76075
     -1.73684     -1.71356     -1.69090     -1.66883     -1.64734     -1.62638
     -1.60596     -1.58604     -1.56661     -1.54765     -1.52914     -1.51107
     -1.49342     -1.47618     -1.45933     -1.44287     -1.42677     -1.41102
     -1.39562     -1.38056     -1.36581     -1.35138     -1.33724
     -4.04357     -3.91963     -3.80305     -3.69321     -3.58954     -3.49153
     -3.39872     -3.31073     -3.22717     -3.14773     -3.07211     -3.00003
     -2.93126     -2.86557     -2.80276     -2.74265     -2.68506     -2.62984
     -2.57684     -2.52594     -2.47701     -2.42994     -2.38462     -2.34097
     -2.29888     -2.25828     -2.21909     -2.18124     -2.14466     -2.10928
     -2.07505     -2.04192     -2.00982     -1.97872     -1.94857     -1.91932
     -1.89094     -1.86338     -1.83662     -1.81061     -1.78534     -1.76075
     -1.73684     -1.71356     -1.69090     -1.66883     -1.64734     -1.62638
     -1.60596     -1.58604     -1.56661     -1.54765     -1.52914     -1.51107
     -1.49342     -1.47618     -1.45933     -1.44287     -1.42677     -1.41102
     -1.39562     -1.38056     -1.36581     -1.35138     -1.33724
     -4.04357     -3.91963     -3.80305     -3.69321     -3.58954     -3.49153
     -3.39872     -3.31073     -3.22717     -3.14773     -3.07211     -3.00003
     -2.93126     -2.86557     -2.80276     -2.74265     -2.68506     -2.62984
     -2.57684     -2.52594     -2.47701     -2.42994     -2.38462     -2.34097
     -2.29888     -2.25828     -2.21909     -2.18124     -2.14466     -2.10928
     -2.07505     -2.04192     -2.00982     -1.97872     -1.94857     -1.91932
     -1.89094     -1.86338     -1.83662     -1.81061     -1.78534     -1.76075
     -1.73684     -1.71356     -1.69090     -1.66883     -1.64734     -1.62638
     -1.60596     -1.58604     -1.56661     -1.54765     -1.52914     -1.51107
     -1.49342     -1.47618     -1.45933     -1.44287     -1.42677     -1.41102
     -1.39562     -1.38056     -1.36581     -1.35138     -1.33724
     -4.04357     -3.91963     -3.80305     -3.69321     -3.58954     -3.49153
     -3.39872     -3.31073     -3.22717     -3.14773     -3.07211     -3.00003
     -2.93126     -2.86557     -2.80276     -2.74265     -2.68506     -2.62984
     -2.57684     -2.52594     -2.47701     -2.42994     -2.38462     -2.34097
     -2.29888     -2.25828     -2.21909     -2.18124     -2.14466     -2.10928
     -2.07505     -2.04192     -2.00982     -1.97872     -1.94857     -1.91932
     -1.89094     -1.86338     -1.83662     -1.81061     -1.78534     -1.76075
     -1.73684     -1.71356     -1.69090     -1.66883     -1.64734     -1.62638
     -1.60596     -1.58604     -1.56661     -1.54765     -1.52914     -1.51107
     -1.49342     -1.47618     -1.45933     -1.44287     -1.42677     -1.41102
     -1.39562     -1.38056     -1.36581     -1.35138     -1.33724
     -4.04357     -3.91963     -3.80305     -3.69321     -3.58954     -3.49153
     -3.39872     -3.31073     -3.22717     -3.14773     -3.07211     -3.00003
     -2.93126     -2.86557     -2.80276     -2.74265     -2.68506     -2.62984
     -2.57684     -2.52594     -2.47701     -2.42994     -2.38462     -2.34097
     -2.29888     -2.25828     -2.21909     -2.18124     -2.14466     -2.10928
     -2.07505     -2.04192     -2.00982     -1.97872     -1.94857     -1.91932
     -1.89094     -1.86338     -1.83662     -1.81061     -1.78534     -1.76075
     -1.73684     -1.71356     -1.69090     -1.66883     -1.64734     -1.62638
     -1.60596     -1.58604     -1.56661     -1.54765     -1.52914     -1.51107
     -1.49342     -1.47618     -1.45933     -1.44287     -1.42677     -1.41102
     -1.39562     -1.38056     -1.36581     -1.35138     -1.33724
     -4.04357     -3.91963     -3.80305     -3.69321     -3.58954     -3.49153
     -3.39872     -3.31073     -3.22717     -3.14773     -3.07211     -3.00003
     -2.93126     -2.86557     -2.80276     -2.74265     -2.68506     -2.62984
     -2.57684     -2.52594     -2.47701     -2.42994     -2.38462     -2.34097
     -2.29888     -2.25828     -2.21909     -2.18124     -2.14466     -2.10928
     -2.07505     -2.04192     -2.00982     -1.97872     -1.94857     -1.91932
     -1.89094     -1.86338     -1.83662     -1.81061     -1.78534     -1.76075
     -1.73684     -1.71356     -1.69090     -1.66883     -1.64734     -1.62638
     -1.60596     -1.58604     -1.56661     -1.54765     -1.52914     -1.51107
     -1.49342     -1.47618     -1.45933     -1.44287     -1.42677     -1.41102
     -1.39562     -1.38056     -1.36581     -1.35138     -1.33724
     -4.04357     -3.91963     -3.80305     -3.69321     -3.58954     -3.49153
     -3.39872     -3.31073     -3.22717     -3.14773     -3.07211     -3.00003
     -2.93126     -2.86557     -2.80276     -2.74265     -2.68506     -2.62984
     -2.57684     -2.52594     -2.47701     -2.42994     -2.38462     -2.34097
     -2.29888     -2.25828     -2.21909     -2.18124     -2.14466     -2.10928
     -2.07505     -2.04192     -2.00982     -1.97872     -1.94857     -1.91932
     -1.89094     -1.86338     -1.83662     -1.81061     -1.78534     -1.76075
     -1.73684     -1.71356     -1.69090     -1.66883     -1.64734     -1.62638
     -1.60596     -1.58604     -1.56661     -1.54765     -1.52914     -1.51107
     -1.49342     -1.47618     -1.45933     -1.44287     -1.42677     -1.41102
     -1.39562     -1.38056     -1.36581     -1.35138     -1.33724
     -4.04357     -3.91963     -3.80305     -3.69321     -3.58954     -3.49153
     -3.39872     -3.31073     -3.22717     -3.14773     -3.07211     -3.00003
     -2.93126     -2.86557     -2.80276     -2.74265     -2.68506     -2.62984
     -2.57684     -2.52594     -2.47701     -2.42994     -2.38462     -2.34097
     -2.29888     -2.25828     -2.21909     -2.18124     -2.14466     -2.10928
     -2.07505     -2.04192     -2.00982     -1.97872     -1.94857     -1.91932
     -1.89094     -1.86338     -1.83662     -1.81061     -1.78534     -1.76075
     -1.73684     -1.71356     -1.69090     -1.66883     -1.64734     -1.62638
     -1.60596     -1.58604     -1.56661     -1.54765     -1.52914     -1.51107
     -1.49342     -1.47618     -1.45933     -1.44287     -1.42677     -1.41102
     -1.39562     -1.38056     -1.36581     -1.35138     -1.33724
     -4.04357     -3.91963     -3.80305     -3.69321     -3.58954     -3.49153
     -3.39872     -3.31073     -3.22717     -3.14773     -3.07211     -3.00003
     -2.93126     -2.86557     -2.80276     -2.74265     -2.68506     -2.62984
     -2.57684     -2.52594     -2.47701     -2.42994     -2.38462     -2.34097
     -2.29888     -2.25828     -2.21909     -2.18124     -2.14466     -2.10928
     -2.07505     -2.04192     -2.00982     -1.97872     -1.94857     -1.91932
     -1.89094     -1.86338     -1.83662     -1.81061     -1.78534     -1.76075
     -1.73684     -1.71356     -1.69090     -1.66883     -1.64734     -1.62638
     -1.60596     -1.58604     -1.56661     -1.54765     -1.52914     -1.51107
     -1.49342     -1.47618     -1.45933     -1.44287     -1.42677     -1.41102
     -1.39562     -1.38056     -1.36581     -1.35138     -1.33724
     -4.04357     -3.91963     -3.80305     -3.69321     -3.58954     -3.49153
     -3.39872     -3.31073     -3.22717     -3.14773     -3.07211     -3.00003
     -2.93126     -2.86557     -2.80276     -2.74265     -2.68506     -2.62984
     -2.57684     -2.52594     -2.47701     -2.42994     -2.38462     -2.34097
     -2.29888     -2.25828     -2.21909     -2.18124     -2.14466     -2.10928
     -2.07505     -2.04192     -2.00982     -1.97872     -1.94857     -1.91932
     -1.89094     -1.86338     -1.83662     -1.81061     -1.78534     -1.76075
     -1.73684     -1.71356     -1.69090     -1.66883     -1.64734     -1.62638
     -1.60596     -1.58604     -1.56661     -1.54765     -1.52914     -1.51107
     -1.49342     -1.47618     -1.45933     -1.44287     -1.42677     -1.41102
     -1.39562     -1.38056     -1.36581     -1.35138     -1.33724
     -4.04357     -3.91963     -3.80305     -3.69321     -3.58954     -3.49153
     -3.39872     -3.31073     -3.22717     -3.14773     -3.07211     -3.00003
     -2.93126     -2.86557     -2.80276     -2.74265     -2.68506     -2.62984
     -2.57684     -2.52594     -2.47701     -2.42994     -2.38462     -2.34097
     -2.29888     -2.25828     -2.21909     -2.18124     -2.14466     -2.10928
     -2.07505     -2.04192     -2.00982     -1.97872     -1.94857     -1.91932
     -1.89094     -1.86338     -1.83662     -1.81061     -1.78534     -1.76075
     -1.73684     -1.71356     -1.69090     -1.66883     -1.64734     -1.62638
     -1.60596     -1.58604     -1.56661     -1.54765     -1.52914     -1.51107
     -1.49342     -1.47618     -1.45933     -1.44287     -1.42677     -1.41102
     -1.39562     -1.38056     -1.36581     -1.35138     -1.33724
     -4.04357     -3.91963     -3.80305     -3.69321     -3.58954     -3.49153
     -3.39872     -3.31073     -3.22717     -3.14773     -3.07211     -3.00003
     -2.93126     -2.86557     -2.80276     -2.74265     -2.68506     -2.62984
     -2.57684     -2.52594     -2.47701     -2.42994     -2.38462     -2.34097
     -2.29888     -2.25828     -2.21909     -2.18124     -2.14466     -2.10928
     -2.07505     -2.04192     -2.00982     -1.97872     -1.94857     -1.91932
     -1.89094     -1.86338     -1.83662     -1.81061     -1.78534     -1.76075
     -1.73684     -1.71356     -1.69090     -1.66883     -1.64734     -1.62638
     -1.60596     -1.58604     -1.56661     -1.54765     -1.52914     -1.51107
     -1.49342     -1.47618     -1.45933     -1.44287     -1.42677     -1.41102
     -1.39562     -1.38056     -1.36581     -1.35138     -1.33724
