    0.0484848    0.0404080    0.0315468    0.0218695    0.0114466  0.000448589
   -0.0107175   -0.0219437   -0.0348656   -0.0340039   -0.0384250   -0.0462232
   -0.0586908   -0.0667447   -0.0663814   -0.0735981   -0.0754604   -0.0701908
   -0.0726569   -0.0668092   -0.0532517   -0.0440397   -0.0373809   -0.0324406
   -0.0287990   -0.0262550   -0.0247508   -0.0243552   -0.0252867   -0.0278583
   -0.0299099   -0.0277695   -0.0253536   -0.0186233   -0.0116004  0.000335040
    0.0126595    0.0235439    0.0333734    0.0424634    0.0510304    0.0592267
    0.0671594    0.0749012    0.0824981    0.0899758    0.0973448     0.104603
     0.111741     0.118739     0.125574     0.132216     0.138635     0.144797
     0.150670     0.156220     0.161421     0.166249     0.170686     0.174722
     0.178352     0.181581     0.184417     0.186877     0.188981
    0.0464547    0.0372167    0.0268545    0.0152233   0.00247287   -0.0108909
   -0.0266179   -0.0327411   -0.0389790   -0.0383653   -0.0399990   -0.0444047
   -0.0508165   -0.0557361   -0.0582572   -0.0616317   -0.0627700   -0.0612813
   -0.0603320   -0.0562441   -0.0490802   -0.0426514   -0.0374039   -0.0332442
   -0.0300579   -0.0277818   -0.0264241   -0.0260839   -0.0269919   -0.0295113
   -0.0316604   -0.0292496   -0.0270014   -0.0199792   -0.0131183 -0.000857102
    0.0116482    0.0228030    0.0330187    0.0425906    0.0517126    0.0605172
    0.0690969    0.0775148    0.0858117    0.0940106     0.102120     0.110134
     0.118039     0.125810     0.133415     0.140813     0.147962     0.154814
     0.161321     0.167439     0.173125     0.178348     0.183082     0.187312
     0.191038     0.194265     0.197013     0.199308     0.201180
    0.0467519    0.0369730    0.0257133    0.0124302  -0.00371589   -0.0154304
   -0.0249206   -0.0285730   -0.0306909   -0.0310341   -0.0322261   -0.0345924
   -0.0375699   -0.0405068   -0.0429856   -0.0448122   -0.0457591   -0.0457102
   -0.0446711   -0.0426049   -0.0397090   -0.0364655   -0.0332983   -0.0304443
   -0.0280132   -0.0260548   -0.0245966   -0.0236566   -0.0232258   -0.0231277
   -0.0223566   -0.0198903   -0.0161138   -0.0103870  -0.00324230   0.00588704
    0.0158518    0.0257073    0.0353156    0.0446991    0.0539071    0.0629887
    0.0719856    0.0809290    0.0898390    0.0987244     0.107583     0.116400
     0.125152     0.133802     0.142305     0.150605     0.158637     0.166334
     0.173623     0.180435     0.186709     0.192393     0.197451     0.201864
     0.205633     0.208774     0.211319     0.213314     0.214808
    0.0499443    0.0406312    0.0300127    0.0176964   0.00368882  -0.00527675
   -0.0103224   -0.0133624   -0.0155552   -0.0177927   -0.0201433   -0.0226404
   -0.0251983   -0.0276453   -0.0297989   -0.0315056   -0.0326510   -0.0331670
   -0.0330372   -0.0323014   -0.0310641   -0.0294806   -0.0277153   -0.0259020
   -0.0241294   -0.0224418   -0.0208418   -0.0192843   -0.0176580   -0.0157577
   -0.0132978   -0.0100110  -0.00572643 -0.000362808   0.00606625    0.0134451
    0.0215414    0.0300923    0.0389094    0.0478903    0.0569883    0.0661860
    0.0754797    0.0848699    0.0943552     0.103930     0.113579     0.123281
     0.132998     0.142683     0.152272     0.161687     0.170836     0.179616
     0.187915     0.195625     0.202645     0.208894     0.214316     0.218885
     0.222606     0.225516     0.227674     0.229157     0.230053
    0.0557456    0.0476915    0.0388892    0.0294450    0.0200112    0.0127039
   0.00747326   0.00306564 -0.000793431  -0.00427978  -0.00752068   -0.0105740
   -0.0134380   -0.0160686   -0.0184002   -0.0203653   -0.0219081   -0.0229933
   -0.0236116   -0.0237814   -0.0235463   -0.0229676   -0.0221113   -0.0210353
   -0.0197788   -0.0183568   -0.0167561   -0.0149327   -0.0128094   -0.0102796
  -0.00722016  -0.00351468  0.000924574   0.00614281    0.0121369    0.0188565
    0.0262151    0.0341108    0.0424494    0.0511576    0.0601847    0.0694987
    0.0790796    0.0889145    0.0989924     0.109300     0.119820     0.130525
     0.141373     0.152308     0.163251     0.174098     0.184720     0.194960
     0.204642     0.213585     0.221619     0.228604     0.234446     0.239109
     0.242614     0.245038     0.246497     0.247130     0.247085
    0.0632989    0.0566268    0.0494171    0.0419884    0.0347926    0.0281943
    0.0223276    0.0171176    0.0124353   0.00817261   0.00425327  0.000632884
  -0.00270430  -0.00575152  -0.00848769   -0.0108859   -0.0129208   -0.0145740
   -0.0158378   -0.0167155   -0.0172207   -0.0173728   -0.0171925   -0.0166958
   -0.0158892   -0.0147667   -0.0133089   -0.0114823  -0.00924074  -0.00652779
  -0.00328277  0.000550973   0.00501772    0.0101429    0.0159302    0.0223622
    0.0294049    0.0370152    0.0451489    0.0537664    0.0628363    0.0723359
    0.0822500    0.0925686     0.103285     0.114391     0.125877     0.137723
     0.149899     0.162354     0.175006     0.187737     0.200376     0.212691
     0.224394     0.235162     0.244682     0.252698     0.259044     0.263664
     0.266621     0.268082     0.268287     0.267505     0.265989
    0.0720098    0.0668657    0.0598189    0.0528671    0.0463433    0.0401554
    0.0343360    0.0288981    0.0238279    0.0190998    0.0146890    0.0105784
   0.00676121   0.00323976  2.36109e-05  -0.00287381  -0.00543829  -0.00765737
  -0.00952195   -0.0110267   -0.0121690   -0.0129472   -0.0133579   -0.0133924
   -0.0130348   -0.0122611   -0.0110459  -0.00936351  -0.00718906  -0.00449358
  -0.00124640   0.00258162   0.00701444    0.0120679    0.0177482    0.0240521
    0.0309685    0.0384817    0.0465740    0.0552297    0.0644362    0.0741863
    0.0844780    0.0953141     0.106702     0.118651     0.131171     0.144272
     0.157952     0.172199     0.186968     0.202171     0.217632     0.233051
     0.247943     0.261662     0.273563     0.283153     0.290135     0.294409
     0.296109     0.295629     0.293533     0.290373     0.286583
    0.0785860    0.0736310    0.0680606    0.0621164    0.0561005    0.0501771
    0.0444238    0.0388826    0.0335766    0.0285180    0.0237135    0.0191688
    0.0148902    0.0108865   0.00716816   0.00374737  0.000636622  -0.00215190
  -0.00460678  -0.00671724  -0.00847242  -0.00985983   -0.0108630   -0.0114579
   -0.0116066   -0.0112459   -0.0103387  -0.00886490  -0.00683650  -0.00424362
  -0.00107288   0.00269113   0.00706271    0.0120533    0.0176704    0.0239176
    0.0307954    0.0383021    0.0464360    0.0551967    0.0645870    0.0746142
    0.0852911    0.0966369     0.108678     0.121447     0.134988     0.149349
     0.164588     0.180767     0.197949     0.216179     0.235451     0.255635
     0.276270     0.295426     0.311337     0.323439     0.331337     0.334780
     0.333651     0.328741     0.322255     0.315162     0.308013
    0.0867084    0.0826989    0.0767998    0.0707343    0.0648398    0.0589893
    0.0532038    0.0475216    0.0419785    0.0366040    0.0314220    0.0264522
    0.0217118    0.0172165    0.0129812   0.00902041   0.00534809   0.00197793
  -0.00107675  -0.00380260  -0.00618584  -0.00821161  -0.00986332   -0.0111226
   -0.0119702   -0.0121216   -0.0115608   -0.0102220  -0.00834550  -0.00587384
  -0.00280551  0.000872982   0.00517269    0.0101041    0.0156760    0.0218961
    0.0287709    0.0363069    0.0445116    0.0533945    0.0629691    0.0732537
    0.0842735    0.0960616     0.108662     0.122131     0.136542     0.151988
     0.168589     0.186501     0.205930     0.227152     0.250550     0.276651
     0.305885     0.334908     0.354805     0.371644     0.380669     0.383093
     0.380020     0.366529     0.352338     0.339540     0.328126
    0.0931754    0.0890820    0.0841784    0.0786916    0.0729173    0.0670139
    0.0610680    0.0551418    0.0492857    0.0435412    0.0379422    0.0325166
    0.0272882    0.0222773    0.0175023    0.0129799   0.00872572   0.00475468
   0.00108117  -0.00228064  -0.00531635  -0.00801084   -0.0103479   -0.0123109
   -0.0136244   -0.0142593   -0.0141885   -0.0133852   -0.0118331  -0.00945643
  -0.00650722  -0.00292231   0.00129963   0.00617131    0.0117025    0.0179031
    0.0247829    0.0323523    0.0406236    0.0496115    0.0593351    0.0698189
    0.0810945    0.0932032     0.106198     0.120148     0.135143     0.151299
     0.168770     0.187763     0.208563     0.231567     0.257358     0.286813
     0.321110     0.357950     0.383486     0.403695     0.415788     0.418043
     0.415246     0.397813     0.376800     0.358521     0.343233
     0.101465    0.0979458    0.0927204    0.0868388    0.0807966    0.0745888
    0.0682852    0.0619580    0.0556667    0.0494586    0.0433712    0.0374345
    0.0316740    0.0261112    0.0207653    0.0156539    0.0107930   0.00619798
   0.00188314  -0.00213787  -0.00585188  -0.00924494   -0.0122980   -0.0147415
   -0.0165435   -0.0176736   -0.0181030   -0.0178038   -0.0167494   -0.0149117
   -0.0122734  -0.00875407  -0.00462254  0.000187006   0.00567470    0.0118531
    0.0187323    0.0263239    0.0346408    0.0436985    0.0535168    0.0641205
    0.0755413    0.0878194     0.101006     0.115166     0.130384     0.146768
     0.164458     0.183638     0.204548     0.227509     0.252940     0.281388
     0.313580     0.350588     0.384648     0.402699     0.421194     0.422952
     0.422325     0.410837     0.387272     0.366277     0.349258
     0.109642     0.106165     0.101245    0.0952527    0.0886974    0.0818814
    0.0749672    0.0680471    0.0611785    0.0544012    0.0477457    0.0412367
    0.0348952    0.0287404    0.0227896    0.0170595    0.0115657   0.00632328
   0.00134623  -0.00335343  -0.00776805   -0.0118999   -0.0154651   -0.0184240
   -0.0207421   -0.0223880   -0.0233317   -0.0235444   -0.0229982   -0.0216661
   -0.0195219   -0.0165378   -0.0126974  -0.00791688  -0.00248398   0.00366894
    0.0105399    0.0181403    0.0264799    0.0355707    0.0454290    0.0560751
    0.0675343    0.0798382    0.0930256     0.107145     0.122255     0.138430
     0.155760     0.174354     0.194345     0.215886     0.239153     0.264336
     0.291650     0.321563     0.356488     0.376471     0.388649     0.403153
     0.395592     0.398776     0.377471     0.357910     0.343439
     0.121191     0.118468     0.112417     0.104665    0.0966731    0.0887658
    0.0809733    0.0732972    0.0657425    0.0583182    0.0510355    0.0439067
    0.0369450    0.0301638    0.0235774    0.0172003    0.0110477   0.00513568
 -0.000518954  -0.00589771   -0.0109791   -0.0157349   -0.0198788   -0.0233957
   -0.0262613   -0.0284473   -0.0299242   -0.0306626   -0.0306338   -0.0298102
   -0.0281654   -0.0256738   -0.0223110   -0.0180509   -0.0128796  -0.00671110
  0.000144364   0.00775275    0.0161045    0.0252043    0.0350632    0.0456951
    0.0571157    0.0693430    0.0823977    0.0963035     0.111087     0.126778
     0.143405     0.160997     0.179572     0.199125     0.219611     0.240899
     0.262697     0.284360     0.304540     0.321390     0.334097     0.342434
     0.346216     0.345855     0.341673     0.335138     0.328031
     0.134433     0.133622     0.123725     0.112882     0.103416    0.0944834
    0.0858472    0.0774234    0.0691770    0.0610930    0.0531666    0.0453993
    0.0377965    0.0303666    0.0231200    0.0160694   0.00922893   0.00261473
  -0.00375526  -0.00986118   -0.0156811   -0.0209585   -0.0256545   -0.0297345
   -0.0331649   -0.0359119   -0.0379424   -0.0392240   -0.0397259   -0.0394188
   -0.0382755   -0.0362706   -0.0333803   -0.0295824   -0.0248557   -0.0191774
   -0.0125382  -0.00485465   0.00352539    0.0126265    0.0224691    0.0330623
    0.0444118    0.0565206    0.0693898    0.0830183    0.0974016     0.112530
     0.128383     0.144927     0.162105     0.179821     0.197923     0.216179
     0.234234     0.251593     0.267632     0.281717     0.293353     0.302261
     0.308371     0.311828     0.312985     0.312376     0.310599
     0.135100     0.132650     0.126185     0.117325     0.107860    0.0984463
    0.0892179    0.0801808    0.0713190    0.0626185    0.0540709    0.0456734
    0.0374274    0.0293384    0.0214146    0.0136668   0.00610864  -0.00124395
  -0.00837206   -0.0152547   -0.0216443   -0.0275030   -0.0327911   -0.0374688
   -0.0414966   -0.0448354   -0.0474474   -0.0492964   -0.0503481   -0.0505708
   -0.0499356   -0.0484165   -0.0459900   -0.0426351   -0.0383322   -0.0330613
   -0.0268000   -0.0195141   -0.0111629  -0.00210251   0.00772114    0.0182854
    0.0295814    0.0415949    0.0543085    0.0676996    0.0817396    0.0963907
     0.111603     0.127309     0.143419     0.159809     0.176317     0.192729
     0.208781     0.224159     0.238523     0.251546     0.262961     0.272589
     0.280364     0.286332     0.290639     0.293511     0.295206
     0.145868     0.145505     0.133182     0.121107     0.110702     0.100754
    0.0910420    0.0815037    0.0721136    0.0628578    0.0537284    0.0447229
    0.0358424    0.0270917    0.0184784    0.0100125   0.00170632  -0.00642465
   -0.0143582   -0.0218532   -0.0288700   -0.0353667   -0.0412995   -0.0466234
   -0.0512936   -0.0552656   -0.0584962   -0.0609445   -0.0625720   -0.0633437
   -0.0632284   -0.0621989   -0.0602321   -0.0573091   -0.0534145   -0.0485361
   -0.0426645   -0.0357930   -0.0279213   -0.0190631  -0.00914803   0.00144641
    0.0127662    0.0247706    0.0374300    0.0507052    0.0645510    0.0789142
    0.0937309     0.108922     0.124393     0.140024     0.155674     0.171175
     0.186336     0.200950     0.214804     0.227700     0.239467     0.249979
     0.259166     0.267013     0.273557     0.278874     0.283071
     0.140042     0.137390     0.130712     0.121499     0.111495     0.101399
    0.0913750    0.0814461    0.0716077    0.0618536    0.0521809    0.0425899
    0.0330845    0.0236713    0.0143587   0.00515644  -0.00392697   -0.0128891
   -0.0214785   -0.0296494   -0.0373569   -0.0445540   -0.0511916   -0.0572195
   -0.0625865   -0.0672420   -0.0711367   -0.0742239   -0.0764599   -0.0778054
   -0.0782258   -0.0776921   -0.0761810   -0.0736748   -0.0701618   -0.0656358
   -0.0600957   -0.0535451   -0.0459921   -0.0374474   -0.0279197   -0.0174318
  -0.00591836   0.00620479    0.0189679    0.0323046    0.0461581    0.0604702
    0.0751746    0.0901945     0.105441     0.120811     0.136190     0.151447
     0.166444     0.181033     0.195069     0.208411     0.220932     0.232528
     0.243117     0.252642     0.261072     0.268398     0.274629
     0.148009     0.147268     0.134230     0.121823     0.111090     0.100704
    0.0904156    0.0801635    0.0699320    0.0597190    0.0495274    0.0393631
    0.0292345    0.0191525   0.00913059 -0.000814230   -0.0106602   -0.0203774
   -0.0297099   -0.0386299   -0.0470964   -0.0550608   -0.0624694   -0.0692654
   -0.0753910   -0.0807880   -0.0853997   -0.0891723   -0.0920557   -0.0940048
   -0.0949807   -0.0949512   -0.0938913   -0.0917839   -0.0886195   -0.0843957
   -0.0791176   -0.0727962   -0.0654475   -0.0570916   -0.0477502   -0.0374464
   -0.0261995   -0.0140441 -0.000922806    0.0126919    0.0267713    0.0412760
    0.0561464    0.0713124    0.0866962     0.102213     0.117770     0.133270
     0.148607     0.163676     0.178367     0.192573     0.206190     0.219117
     0.231258     0.242522     0.252821     0.262072     0.270202
     0.137929     0.134687     0.127967     0.118968     0.109063    0.0988159
    0.0884015    0.0778809    0.0672816    0.0566209    0.0459121    0.0351676
    0.0244000    0.0136235   0.00285474  -0.00788651   -0.0185768   -0.0289881
   -0.0390735   -0.0487844   -0.0580674   -0.0668641   -0.0751119   -0.0827452
   -0.0896968   -0.0958994    -0.101287    -0.105798    -0.109373    -0.111961
    -0.113516    -0.114001    -0.113390    -0.111663    -0.108812    -0.104839
   -0.0997516   -0.0935688   -0.0863141   -0.0780166   -0.0687080   -0.0584208
   -0.0471845   -0.0350227   -0.0219414  -0.00793459   0.00652203    0.0214391
    0.0367291    0.0523194    0.0681418    0.0841277     0.100207     0.116307
     0.132353     0.148268     0.163974     0.179388     0.194423     0.208985
     0.222967     0.236242     0.248664     0.260063     0.270258
     0.137392     0.134152     0.126648     0.117024     0.106861    0.0964136
    0.0857449    0.0748951    0.0638927    0.0527584    0.0415089    0.0301588
    0.0187216   0.00721187  -0.00435403   -0.0159535   -0.0273677   -0.0385529
   -0.0494583   -0.0600269   -0.0701960   -0.0798973   -0.0890583   -0.0976029
    -0.105453    -0.112531    -0.118760    -0.124066    -0.128382    -0.131647
    -0.133808    -0.134822    -0.134658    -0.133295    -0.130725    -0.126951
    -0.121986    -0.115855    -0.108589    -0.100227   -0.0908132   -0.0803917
   -0.0690081   -0.0567050   -0.0435226   -0.0295015   -0.0146934  0.000955933
    0.0169292    0.0331893    0.0496931    0.0663948    0.0832478     0.100205
     0.117221     0.134248     0.151238     0.168142     0.184902     0.201445
     0.217675     0.233450     0.248567     0.262737     0.275587
     0.137487     0.134399     0.125792     0.115241     0.104581    0.0937466
    0.0826978    0.0714363    0.0599737    0.0483233    0.0364977    0.0245089
    0.0123674  8.20893e-05   -0.0123441   -0.0246863   -0.0368994   -0.0489340
   -0.0607336   -0.0722342   -0.0833647   -0.0940474    -0.104199    -0.113732
    -0.122556    -0.130581    -0.137718    -0.143881    -0.148990    -0.152974
    -0.155771    -0.157331    -0.157616    -0.156603    -0.154282    -0.150658
    -0.145750    -0.139587    -0.132210    -0.123669    -0.114017    -0.103313
   -0.0916168   -0.0789841   -0.0654669   -0.0511088   -0.0359398   -0.0199648
  -0.00317173    0.0139141    0.0312624    0.0488445    0.0666342    0.0846091
     0.102751     0.121046     0.139485     0.158064     0.176775     0.195606
     0.214527     0.233464     0.252256     0.270554     0.287567
     0.134491     0.130609     0.122838     0.112801     0.101991    0.0908160
    0.0793605    0.0676465    0.0556841    0.0434821    0.0310492    0.0183947
   0.00552977  -0.00753086   -0.0207619   -0.0339356   -0.0470228   -0.0599778
   -0.0727421   -0.0852463   -0.0974112    -0.109150    -0.120367    -0.130963
    -0.140836    -0.149879    -0.157990    -0.165070    -0.171024    -0.175770
    -0.179233    -0.181356    -0.182093    -0.181418    -0.179318    -0.175802
    -0.170889    -0.164618    -0.157038    -0.148208    -0.138197    -0.127077
    -0.114921    -0.101799   -0.0877758   -0.0729077   -0.0572356   -0.0407835
   -0.0235553  -0.00553293    0.0127640    0.0313202    0.0501265    0.0691821
    0.0884954     0.108087     0.127989     0.148251     0.168939     0.190138
     0.211954     0.234510     0.257935     0.282300     0.306679
     0.135890     0.132706     0.122540     0.110824    0.0993651    0.0877379
    0.0758394    0.0636483    0.0511622    0.0383835    0.0253162    0.0119645
  -0.00166869   -0.0155851   -0.0295726   -0.0435879   -0.0575848   -0.0715081
   -0.0852917   -0.0988585    -0.112120    -0.124979    -0.137329    -0.149056
    -0.160042    -0.170167    -0.179313    -0.187364    -0.194212    -0.199758
    -0.203917    -0.206619    -0.207812    -0.207464    -0.205561    -0.202111
    -0.197140    -0.190691    -0.182825    -0.173614    -0.163139    -0.151486
    -0.138746    -0.125004    -0.110343   -0.0948318   -0.0785283   -0.0614718
   -0.0436809   -0.0251503  -0.00584668    0.0137180    0.0335475    0.0536567
    0.0740751    0.0948493     0.116048     0.137769     0.160143     0.183349
     0.207629     0.233321     0.260923     0.291374     0.328958
     0.131025     0.126518     0.118388     0.107921    0.0964802    0.0845478
    0.0722357    0.0595672    0.0465477    0.0331797    0.0194656   0.00540887
  -0.00898378   -0.0236961   -0.0385162   -0.0534198   -0.0683651   -0.0832950
   -0.0981385    -0.112811    -0.127216    -0.141244    -0.154776    -0.167684
    -0.179836    -0.191094    -0.201322    -0.210388    -0.218167    -0.224543
    -0.229420    -0.232714    -0.234364    -0.234333    -0.232604    -0.229186
    -0.224109    -0.217426    -0.209205    -0.199533    -0.188506    -0.176228
    -0.162806    -0.148345    -0.132943    -0.116689   -0.0996568   -0.0819033
   -0.0634628   -0.0443448   -0.0245300  -0.00396637    0.0168374    0.0379033
    0.0592694    0.0809959     0.103169     0.125908     0.149375     0.173788
     0.199442     0.226733     0.256192     0.288534     0.324951
     0.134266     0.130902     0.118757     0.106002    0.0938441    0.0814618
    0.0687058    0.0555486    0.0419867    0.0280197    0.0136457  -0.00114040
   -0.0163494   -0.0317881   -0.0474234   -0.0632172   -0.0791207   -0.0950711
    -0.110991    -0.126790    -0.142359    -0.157581    -0.172321    -0.186439
    -0.199784    -0.212203    -0.223540    -0.233646    -0.242376    -0.249601
    -0.255205    -0.259095    -0.261199    -0.261473    -0.259897    -0.256482
    -0.251262    -0.244297    -0.235669    -0.225477    -0.213835    -0.200865
    -0.186692    -0.171440    -0.155229    -0.138166    -0.120343    -0.101836
   -0.0826963   -0.0629505   -0.0425968   -0.0216022  0.000101909    0.0219952
    0.0441061    0.0664937    0.0892414     0.112460     0.136295     0.160937
     0.186641     0.213749     0.242726     0.274106     0.307336
     0.127291     0.122119     0.113803     0.103150    0.0912265    0.0785768
    0.0653940    0.0517386    0.0376277    0.0230634   0.00804210  -0.00743969
   -0.0233780   -0.0395819   -0.0560388   -0.0727174   -0.0895690    -0.106529
    -0.123515    -0.140428    -0.157154    -0.173560    -0.189504    -0.204826
    -0.219361    -0.232938    -0.245383    -0.256526    -0.266206    -0.274274
    -0.280600    -0.285077    -0.287622    -0.288185    -0.286743    -0.283306
    -0.277915    -0.270638    -0.261569    -0.250822    -0.238529    -0.224828
    -0.209868    -0.193791    -0.176738    -0.158836    -0.140197    -0.120915
    -0.101060   -0.0806758   -0.0597790   -0.0383565   -0.0163664   0.00625540
    0.0289068    0.0516689    0.0746149    0.0978238     0.121387     0.145415
     0.170037     0.195414     0.221751     0.249347     0.278343
     0.130676     0.126438     0.115579     0.102581    0.0895353    0.0761964
    0.0624484    0.0482518    0.0335858    0.0184320   0.00276937   -0.0134290
   -0.0299920   -0.0469017   -0.0641346   -0.0816547   -0.0994109    -0.117335
    -0.135340    -0.153321    -0.171154    -0.188699    -0.205799    -0.222280
    -0.237963    -0.252656    -0.266170    -0.278314    -0.288910    -0.297790
    -0.304810    -0.309847    -0.312809    -0.313638    -0.312309    -0.308833
    -0.303256    -0.295653    -0.286132    -0.274822    -0.261871    -0.247438
    -0.231690    -0.214792    -0.196904    -0.178173    -0.158731    -0.138691
    -0.118139   -0.0971358   -0.0757109   -0.0538593   -0.0315340  -0.00863056
    0.0142678    0.0371432    0.0600088    0.0828878     0.105803     0.128768
     0.151775     0.174765     0.197580     0.219849     0.240818
     0.128812     0.123884     0.113865     0.101215    0.0878366    0.0740279
    0.0597941    0.0451076    0.0299387    0.0142586  -0.00196180   -0.0187531
   -0.0359356   -0.0535096   -0.0714591   -0.0897512    -0.108335    -0.127141
    -0.146079    -0.165039    -0.183890    -0.202481    -0.220644    -0.238193
    -0.254933    -0.270658    -0.285158    -0.298227    -0.309667    -0.319296
    -0.326952    -0.332501    -0.335842    -0.336907    -0.335671    -0.332144
    -0.326376    -0.318454    -0.308495    -0.296643    -0.283063    -0.267933
    -0.251438    -0.233764    -0.215089    -0.195582    -0.175392    -0.154650
    -0.133460    -0.111901   -0.0900228   -0.0678455   -0.0453605   -0.0225370
  0.000658691    0.0235871    0.0462757    0.0687265    0.0909218     0.112820
     0.134345     0.155368     0.175687     0.195007     0.212944
     0.128655     0.123761     0.113166    0.0999535    0.0861768    0.0719979
    0.0573868    0.0423079    0.0267268    0.0106104  -0.00607432   -0.0233611
   -0.0410745   -0.0592203   -0.0777868   -0.0967437    -0.116041    -0.135607
    -0.155351    -0.175156    -0.194886    -0.214383    -0.233468    -0.251945
    -0.269603    -0.286223    -0.301581    -0.315453    -0.327628    -0.337906
    -0.346112    -0.352103    -0.355765    -0.357027    -0.355860    -0.352276
    -0.346329    -0.338113    -0.327756    -0.315416    -0.301272    -0.285519
    -0.268360    -0.249997    -0.230628    -0.210437    -0.189592    -0.168238
    -0.146497    -0.124463    -0.102201   -0.0797455   -0.0571000   -0.0342306
   -0.0110553    0.0118033    0.0342813    0.0563363    0.0779231    0.0989804
     0.119422     0.139132     0.157956     0.175709     0.192184
     0.128040     0.123144     0.112132    0.0985516    0.0845280    0.0701113
    0.0552447    0.0398859    0.0239982   0.00754724  -0.00949778   -0.0271596
   -0.0452784   -0.0638663   -0.0829141    -0.102393    -0.122251    -0.142418
    -0.162799    -0.183274    -0.203702    -0.223918    -0.243736    -0.262950
    -0.281339    -0.298672    -0.314711    -0.329222    -0.341979    -0.352771
    -0.361413    -0.367748    -0.371660    -0.373070    -0.371948    -0.368306
    -0.362203    -0.353739    -0.343051    -0.330306    -0.315698    -0.299435
    -0.281733    -0.262811    -0.242879    -0.222136    -0.200764    -0.178921
    -0.156743    -0.134336    -0.111780   -0.0891250   -0.0663961   -0.0435940
   -0.0207039   0.00228242    0.0246681    0.0464539    0.0676122    0.0880936
     0.107829     0.126728     0.144688     0.161590     0.177315
     0.125619     0.120221     0.109910    0.0968632    0.0829104    0.0684235
    0.0534315    0.0379094    0.0218222   0.00513037   -0.0122117   -0.0300615
   -0.0484234   -0.0672954   -0.0866621    -0.106491    -0.126731    -0.147306
    -0.168121    -0.189054    -0.209960    -0.230668    -0.250987    -0.270706
    -0.289595    -0.307415    -0.323920    -0.338866    -0.352019    -0.363159
    -0.372092    -0.378657    -0.382730    -0.384232    -0.383129    -0.379434
    -0.373210    -0.364561    -0.353629    -0.340592    -0.325651    -0.309023
    -0.290935    -0.271617    -0.251288    -0.230158    -0.208418    -0.186235
    -0.163754    -0.141091    -0.118331   -0.0955360   -0.0727353   -0.0499325
   -0.0271035  -0.00419383    0.0180596    0.0396365    0.0605046    0.0806192
    0.0999236     0.118351     0.135825     0.152269     0.167606
     0.126544     0.121870     0.109837    0.0956954    0.0815685    0.0670690
    0.0520584    0.0364874    0.0203238   0.00353410   -0.0139198   -0.0318793
   -0.0503615   -0.0693685   -0.0888858    -0.108881    -0.129301    -0.150071
    -0.171094    -0.192245    -0.213379    -0.234322    -0.254881    -0.274840
    -0.293966    -0.312016    -0.328740    -0.343890    -0.357225    -0.368523
    -0.377585    -0.384248    -0.388385    -0.389915    -0.388804    -0.385066
    -0.378765    -0.370007    -0.358939    -0.345741    -0.330620    -0.313798
    -0.295508    -0.275982    -0.255449    -0.234120    -0.212193    -0.189839
    -0.167207    -0.144417    -0.121560   -0.0986987   -0.0758655   -0.0530650
   -0.0302719  -0.00743064    0.0147248    0.0361684    0.0568668    0.0767779
    0.0958523     0.114034     0.131264     0.147482     0.162631
     0.121204     0.115218     0.105830    0.0938675    0.0804520    0.0661767
    0.0512456    0.0357100    0.0195679   0.00279599   -0.0146396   -0.0325776
   -0.0510358   -0.0700169   -0.0895068    -0.109473    -0.129863    -0.150602
    -0.171591    -0.192707    -0.213804    -0.234710    -0.255229    -0.275146
    -0.294230    -0.312237    -0.328917    -0.344021    -0.357312    -0.368566
    -0.377585    -0.384207    -0.388304    -0.389797    -0.388652    -0.384883
    -0.378554    -0.369771    -0.358683    -0.345469    -0.330335    -0.313504
    -0.295208    -0.275679    -0.255146    -0.233820    -0.211898    -0.189553
    -0.166931    -0.144155    -0.121314   -0.0984712   -0.0756611   -0.0528881
   -0.0301274  -0.00732450    0.0147856    0.0361767    0.0568153    0.0766603
    0.0956637     0.113772     0.130930     0.147082     0.162174
     0.126861     0.122675     0.109468    0.0947507    0.0805273    0.0660385
    0.0510877    0.0356089    0.0195631   0.00291334   -0.0143805   -0.0321609
   -0.0504452   -0.0692355   -0.0885172    -0.108258    -0.128405    -0.148884
    -0.169598    -0.190425    -0.211219    -0.231812    -0.252012    -0.271606
    -0.290368    -0.308057    -0.324430    -0.339244    -0.352264    -0.363273
    -0.372079    -0.378521    -0.382477    -0.383869    -0.382664    -0.378878
    -0.372573    -0.363853    -0.352862    -0.339776    -0.324797    -0.308141
    -0.290036    -0.270709    -0.250380    -0.229259    -0.207534    -0.185374
    -0.162923    -0.140297    -0.117583   -0.0948426   -0.0721078   -0.0493839
   -0.0266494  -0.00385218    0.0182669    0.0396856    0.0603715    0.0802818
    0.0993641     0.117559     0.134803     0.151031     0.166182
     0.122738     0.117261     0.107223    0.0944212    0.0805904    0.0662240
    0.0513918    0.0360747    0.0202356   0.00383180   -0.0131850   -0.0306739
   -0.0486393   -0.0670791   -0.0859777    -0.105303    -0.125003    -0.145004
    -0.165211    -0.185507    -0.205747    -0.225769    -0.245385    -0.264391
    -0.282568    -0.299684    -0.315505    -0.329796    -0.342335    -0.352913
    -0.361346    -0.367481    -0.371203    -0.372436    -0.371150    -0.367361
    -0.361127    -0.352550    -0.341766    -0.328945    -0.314277    -0.297970
    -0.280240    -0.261304    -0.241371    -0.220640    -0.199291    -0.177482
    -0.155348    -0.132996    -0.110506   -0.0879331   -0.0653028   -0.0426202
   -0.0198757   0.00293343    0.0251017    0.0466249    0.0674724    0.0875950
     0.106929     0.125398     0.142917     0.159397     0.174752
     0.125005     0.120514     0.108801    0.0948119    0.0808215    0.0665866
    0.0519870    0.0369629    0.0214694   0.00546689   -0.0110791   -0.0281936
   -0.0457166   -0.0636595   -0.0820128    -0.100747    -0.119812    -0.139138
    -0.158630    -0.178176    -0.197638    -0.216858    -0.235657    -0.253842
    -0.271203    -0.287521    -0.302576    -0.316146    -0.328021    -0.338006
    -0.345930    -0.351649    -0.355055    -0.356080    -0.354695    -0.350914
    -0.344795    -0.336430    -0.325949    -0.313508    -0.299287    -0.283478
    -0.266282    -0.247901    -0.228531    -0.208353    -0.187533    -0.166218
    -0.144526    -0.122554    -0.100367   -0.0780038   -0.0554706   -0.0327400
  -0.00973778    0.0128991    0.0350944    0.0567934    0.0779397    0.0984648
     0.118283     0.137289     0.155362     0.172364     0.188158
     0.122104     0.117055     0.106950    0.0941993    0.0807355    0.0669006
    0.0527076    0.0381221    0.0231034   0.00761217  -0.00838878   -0.0249360
   -0.0418535   -0.0591458   -0.0768002   -0.0947859    -0.113053    -0.131532
    -0.150134    -0.168747    -0.187243    -0.205470    -0.223261    -0.240434
    -0.256791    -0.272131    -0.286247    -0.298936    -0.310002    -0.319267
    -0.326573    -0.331789    -0.334817    -0.335594    -0.334095    -0.330333
    -0.324361    -0.316263    -0.306159    -0.294190    -0.280521    -0.265327
    -0.248791    -0.231096    -0.212418    -0.192923    -0.172758    -0.152051
    -0.130906    -0.109402   -0.0875888   -0.0654905   -0.0431034   -0.0204045
   0.00262828    0.0253330    0.0477168    0.0697576    0.0914105     0.112606
     0.133244     0.153187     0.172260     0.190246     0.206904
     0.121330     0.116669     0.106297    0.0935206    0.0804285    0.0671009
    0.0534653    0.0394644    0.0250534    0.0101951  -0.00514459   -0.0209984
   -0.0371854   -0.0537035   -0.0705346   -0.0876448    -0.104983    -0.122482
    -0.140054    -0.157595    -0.174981    -0.192072    -0.208711    -0.224730
    -0.239946    -0.254176    -0.267229    -0.278920    -0.289074    -0.297528
    -0.304140    -0.308793    -0.311398    -0.311899    -0.310274    -0.306536
    -0.300732    -0.292938    -0.283260    -0.271826    -0.258782    -0.244284
    -0.228495    -0.211577    -0.193686    -0.174965    -0.155543    -0.135529
    -0.115006   -0.0940348   -0.0726438   -0.0508300   -0.0285504  -0.00570791
    0.0170922    0.0398107    0.0624322    0.0849421     0.107313     0.129495
     0.151397     0.172870     0.193680     0.213486     0.231842
     0.118661     0.114093     0.104100    0.0919828    0.0796703    0.0671211
    0.0542367    0.0409686    0.0272880    0.0131716  -0.00140330   -0.0164634
   -0.0318348   -0.0474950   -0.0634169   -0.0795630   -0.0958818    -0.112306
    -0.128754    -0.145126    -0.161306    -0.177165    -0.192559    -0.207332
    -0.221321    -0.234357    -0.246271    -0.256896    -0.266075    -0.273664
    -0.279536    -0.283589    -0.285744    -0.285952    -0.284194    -0.280481
    -0.274854    -0.267381    -0.258155    -0.247288    -0.234907    -0.221149
    -0.206154    -0.190064    -0.173012    -0.155120    -0.136495    -0.117225
   -0.0973762   -0.0769881   -0.0560741   -0.0346201   -0.0125853    0.0100901
    0.0327801    0.0555471    0.0784360     0.101484     0.124721     0.148163
     0.171801     0.195568     0.219282     0.242512     0.264390
     0.112426     0.107102    0.0992559    0.0895033    0.0786638    0.0671626
    0.0551586    0.0427071    0.0298269    0.0165232   0.00279667   -0.0113515
   -0.0259116   -0.0406839   -0.0556526   -0.0707843   -0.0860305    -0.101328
    -0.116598    -0.131748    -0.146672    -0.161250    -0.175351    -0.188836
    -0.201558    -0.213365    -0.224107    -0.233638    -0.241818    -0.248521
    -0.253637    -0.257075    -0.258769    -0.258674    -0.256776    -0.253083
    -0.247632    -0.240480    -0.231708    -0.221411    -0.209698    -0.196687
    -0.182497    -0.167247    -0.151048    -0.134001    -0.116190   -0.0976840
   -0.0785255   -0.0587338   -0.0382997   -0.0171831   0.00469023    0.0267889
    0.0491370    0.0717847    0.0948000     0.118268     0.142291     0.166995
     0.192530     0.219083     0.246891     0.276301     0.307476
     0.114139     0.110044    0.0996694    0.0890308    0.0785701    0.0677385
    0.0564746    0.0447861    0.0326876    0.0201904   0.00730147  -0.00597566
   -0.0196405   -0.0334766   -0.0474594   -0.0615519   -0.0757047   -0.0898562
    -0.103933    -0.117848    -0.131505    -0.144795    -0.157600    -0.169795
    -0.181251    -0.191833    -0.201409    -0.209852    -0.217040    -0.222865
    -0.227230    -0.230057    -0.231290    -0.230891    -0.228846    -0.225164
    -0.219874    -0.213026    -0.204687    -0.194938    -0.183870    -0.171582
    -0.158172    -0.143739    -0.128373    -0.112152   -0.0951424   -0.0773890
   -0.0589147   -0.0397164   -0.0197615   0.00101664    0.0221090    0.0435470
    0.0653783    0.0876718     0.110523     0.134057     0.158442     0.183898
     0.210720     0.239304     0.270190     0.303999     0.340094
     0.109582     0.104675    0.0974864    0.0886676    0.0790027    0.0688189
    0.0582126    0.0472181    0.0358539    0.0241330    0.0120640 -0.000348947
   -0.0131084   -0.0260107   -0.0390160   -0.0520803   -0.0651525   -0.0781732
   -0.0910734    -0.103774    -0.116187    -0.128215    -0.139754    -0.150692
    -0.160915    -0.170307    -0.178753    -0.186142    -0.192370    -0.197343
    -0.200979    -0.203213    -0.203994    -0.203292    -0.201093    -0.197406
    -0.192253    -0.185677    -0.177733    -0.168487    -0.158015    -0.146397
    -0.133714    -0.120044    -0.105457   -0.0900158   -0.0737646   -0.0567301
   -0.0389150   -0.0202954 -0.000817811    0.0190133    0.0392201    0.0598383
    0.0809208     0.102543     0.124807     0.147854     0.171870     0.197109
     0.223912     0.252738     0.284204     0.319141     0.358939
     0.111781     0.108044    0.0991894    0.0895381    0.0800626    0.0703379
    0.0602938    0.0499268    0.0392469    0.0282668    0.0169991   0.00545629
  -0.00634759   -0.0183930   -0.0304783   -0.0425611   -0.0545949   -0.0665262
   -0.0782931   -0.0898248    -0.101043    -0.111861    -0.122187    -0.131924
    -0.140973    -0.149232    -0.156603    -0.162991    -0.168307    -0.172470
    -0.175412    -0.177076    -0.177420    -0.176416    -0.174055    -0.170341
    -0.165293    -0.158945    -0.151341    -0.142535    -0.132588    -0.121564
    -0.109526   -0.0965359   -0.0826481   -0.0679074   -0.0523455   -0.0359745
   -0.0187749 -0.000702123    0.0177374    0.0365514    0.0557566    0.0753808
    0.0954668     0.116076     0.137292     0.159231     0.182046     0.205944
     0.231203     0.258208     0.287534     0.320271     0.361395
     0.109260     0.104894    0.0982592    0.0901152    0.0812902    0.0720809
    0.0625670    0.0527780    0.0427325    0.0324464    0.0219350    0.0112134
  0.000298085   -0.0107913   -0.0220288   -0.0331858   -0.0442339   -0.0551300
   -0.0658209   -0.0762448   -0.0863325   -0.0960087    -0.105193    -0.113802
    -0.121748    -0.128946    -0.135312    -0.140763    -0.145224    -0.148627
    -0.150914    -0.152036    -0.151958    -0.150655    -0.148119    -0.144352
    -0.139368    -0.133193    -0.125862    -0.117417    -0.107906   -0.0973777
   -0.0858809   -0.0734611   -0.0601575   -0.0460020   -0.0310228   -0.0152529
   0.00138826    0.0184016    0.0357836    0.0535313    0.0716466    0.0901392
     0.109028     0.128345     0.148135     0.168459     0.189395     0.211041
     0.233514     0.256945     0.281458     0.307077     0.332694
     0.111070     0.107563     0.100089    0.0914450    0.0827948    0.0739564
    0.0648961    0.0556239    0.0461576    0.0365141    0.0267088    0.0167551
   0.00666482  -0.00355309   -0.0138962   -0.0241410   -0.0342440   -0.0441596
   -0.0538376   -0.0632225   -0.0722534   -0.0808646   -0.0889865   -0.0965467
    -0.103471    -0.109687    -0.115120    -0.119703    -0.123371    -0.126067
    -0.127739    -0.128348    -0.127863    -0.126262    -0.123535    -0.119682
    -0.114714    -0.108650    -0.101514   -0.0933391   -0.0841602   -0.0740138
   -0.0629344   -0.0509513   -0.0380843   -0.0243317  -0.00967512   0.00541967
    0.0209854    0.0369602    0.0533035    0.0699860    0.0869859     0.104287
     0.121879     0.139757     0.157918     0.176363     0.195091     0.214089
     0.233320     0.252693     0.272012     0.290868     0.308386
     0.109978     0.106220     0.100059    0.0924390    0.0842572    0.0757844
    0.0671144    0.0582941    0.0493510    0.0403031    0.0311641    0.0219453
    0.0126574   0.00331130  -0.00608017   -0.0154984   -0.0247290   -0.0337339
   -0.0424701   -0.0508899   -0.0589409   -0.0665668   -0.0737079   -0.0803022
   -0.0862865   -0.0915979   -0.0961748   -0.0999586    -0.102894    -0.104933
    -0.106032    -0.106155    -0.105274    -0.103371    -0.100434   -0.0964601
   -0.0914553   -0.0854308   -0.0784041   -0.0703973   -0.0614350   -0.0515431
   -0.0407469   -0.0290665   -0.0165351  -0.00308977    0.0107991    0.0251153
    0.0398364    0.0549252    0.0703408    0.0860420     0.101988     0.118139
     0.134457     0.150900     0.167429     0.183996     0.200543     0.216996
     0.233245     0.249132     0.264425     0.278797     0.291830
     0.111036     0.107704     0.101687    0.0939994    0.0857864    0.0774295
    0.0690166    0.0605717    0.0521036    0.0436178    0.0351183    0.0266100
    0.0180987   0.00959215   0.00110031  -0.00736385   -0.0157849   -0.0239438
   -0.0318056   -0.0393309   -0.0464763   -0.0531941   -0.0594334   -0.0651414
   -0.0702640   -0.0747475   -0.0785394   -0.0815895   -0.0838508   -0.0852806
   -0.0858414   -0.0855014   -0.0842351   -0.0820236   -0.0788543   -0.0747208
   -0.0696222   -0.0635628   -0.0565515   -0.0486003   -0.0397240   -0.0299348
   -0.0192602  -0.00763700   0.00450972    0.0172107    0.0304010    0.0440290
    0.0580459    0.0724012    0.0870408     0.101908     0.116942     0.132082
     0.147260     0.162411     0.177461     0.192334     0.206946     0.221198
     0.234977     0.248144     0.260530     0.271941     0.282171
     0.115708     0.114695     0.105503    0.0955052    0.0867710    0.0784112
    0.0702253    0.0621504    0.0541599    0.0462394    0.0383804    0.0305786
    0.0228333    0.0151470   0.00752543 -2.26534e-05  -0.00748597   -0.0148512
   -0.0218946   -0.0285859   -0.0348922   -0.0407727   -0.0461836   -0.0510791
   -0.0554128   -0.0591386   -0.0622114   -0.0645878   -0.0662270   -0.0670912
   -0.0671465   -0.0663635   -0.0647177   -0.0621897   -0.0587648   -0.0544315
   -0.0491815   -0.0430102   -0.0359169   -0.0279009   -0.0189779  -0.00907993
   0.00139915    0.0124988    0.0241692    0.0363719    0.0490601    0.0621824
    0.0756833    0.0895020     0.103571     0.117817     0.132160     0.146514
     0.160788     0.174887     0.188715     0.202174     0.215167     0.227597
     0.239366     0.250372     0.260516     0.269696     0.277817
     0.110105     0.107317     0.101621    0.0940821    0.0860561    0.0780931
    0.0703096    0.0627070    0.0552642    0.0479599    0.0407772    0.0337045
    0.0267352    0.0198674    0.0131036   0.00644994 -8.43745e-05  -0.00648818
   -0.0127505   -0.0186475   -0.0241740   -0.0292823   -0.0339324   -0.0380828
   -0.0416930   -0.0447235   -0.0471357   -0.0488920   -0.0499560   -0.0502931
   -0.0498711   -0.0486612   -0.0466386   -0.0437835   -0.0400814   -0.0355140
   -0.0300603   -0.0237011   -0.0164364  -0.00818885  0.000676805    0.0102099
    0.0203751    0.0311480    0.0424961    0.0543822    0.0667625    0.0795862
    0.0927944     0.106319     0.120081     0.133989     0.147942     0.161826
     0.175519     0.188895     0.201827     0.214195     0.225888     0.236812
     0.246890     0.256065     0.264293     0.271547     0.277814
     0.112252     0.112636     0.101949    0.0920693    0.0838986    0.0762862
    0.0690166    0.0620119    0.0552261    0.0486253    0.0421845    0.0358864
    0.0297205    0.0236826    0.0177742    0.0120016   0.00637613  0.000914202
  -0.00436130  -0.00941716   -0.0142618   -0.0186627   -0.0226188   -0.0260847
   -0.0290269   -0.0314145   -0.0332159   -0.0343986   -0.0349297   -0.0347757
   -0.0339033   -0.0322799   -0.0298756   -0.0266706   -0.0226759   -0.0178637
   -0.0121782  -0.00552072   0.00177248   0.00975989    0.0184186    0.0277370
    0.0376972    0.0482781    0.0594540    0.0711936    0.0834585    0.0962019
     0.109366     0.122880     0.136656     0.150587     0.164547     0.178386
     0.191938     0.205025     0.217470     0.229108     0.239804     0.249458
     0.258015     0.265463     0.271828     0.277164     0.281542
     0.101279    0.0986410    0.0933895    0.0865648    0.0794815    0.0726494
    0.0661428    0.0599253    0.0539470    0.0481665    0.0425539    0.0370897
    0.0317631    0.0265704    0.0215143    0.0166025    0.0118477   0.00726734
   0.00288296  -0.00127990  -0.00519447  -0.00882375   -0.0121759   -0.0150017
   -0.0173106   -0.0190904   -0.0203186   -0.0209677   -0.0210065   -0.0204015
   -0.0191149   -0.0171017   -0.0143012   -0.0106179  -0.00633257  -0.00136508
   0.00432936    0.0107659    0.0179087    0.0257455    0.0342648    0.0434564
    0.0533093    0.0638103    0.0749433    0.0866876    0.0990163     0.111894
     0.125272     0.139088     0.153254     0.167657     0.182144     0.196524
     0.210558     0.223977     0.236498     0.247864     0.257874     0.266405
     0.273428     0.278999     0.283249     0.286362     0.288534
    0.0975503    0.0970298    0.0883024    0.0797329    0.0730555    0.0671356
    0.0616492    0.0564504    0.0514599    0.0466313    0.0419381    0.0373663
    0.0329109    0.0285733    0.0243603    0.0202832    0.0163573    0.0126017
   0.00903928   0.00569666   0.00260461 -0.000200637  -0.00267678  -0.00475936
  -0.00640696  -0.00758609  -0.00826562  -0.00841486  -0.00800297  -0.00699893
  -0.00537175  -0.00309147 -0.000132016   0.00352034   0.00784298    0.0128409
    0.0185245    0.0249001    0.0319663    0.0397217    0.0481648    0.0572948
    0.0671107    0.0776114    0.0887948     0.100657     0.113190     0.126381
     0.140207     0.154631     0.169591     0.184991     0.200681     0.216434
     0.231916     0.246677     0.260191     0.271969     0.281670     0.289124
     0.294332     0.297463     0.298854     0.298959     0.298230
    0.0804003    0.0771939    0.0729395    0.0682955    0.0638757    0.0597130
    0.0557132    0.0518141    0.0479862    0.0442183    0.0405092    0.0368635
    0.0332898    0.0297995    0.0264064    0.0231270    0.0199801    0.0169870
    0.0141719    0.0115617   0.00918647   0.00707972   0.00527819   0.00382163
   0.00274741   0.00209034   0.00188331   0.00215790   0.00294459   0.00427261
   0.00616952   0.00866032    0.0117661    0.0155021    0.0198774    0.0249014
    0.0305840    0.0369341    0.0439593    0.0516673    0.0600658    0.0691642
    0.0789732    0.0895058     0.100777     0.112804     0.125608     0.139208
     0.153625     0.168875     0.184962     0.201868     0.219527     0.237789
     0.256331     0.274446     0.290802     0.304092     0.314003     0.320269
     0.322969     0.322383     0.319006     0.314299     0.309434
    0.0623531    0.0576298    0.0558004    0.0548517    0.0533748    0.0513940
    0.0490933    0.0465943    0.0439723    0.0412773    0.0385462    0.0358082
    0.0330883    0.0304091    0.0277921    0.0252586    0.0228307    0.0205316
    0.0183860    0.0164207    0.0146644    0.0131480    0.0119041    0.0109665
    0.0103692    0.0101455    0.0103281    0.0109484    0.0120369    0.0136225
    0.0157324    0.0183913    0.0216213    0.0254411    0.0298670    0.0349135
    0.0405941    0.0469220    0.0539099    0.0615716    0.0699222    0.0789794
    0.0887643    0.0993030     0.110628     0.122778     0.135804     0.149766
     0.164738     0.180812     0.198096     0.216713     0.236802     0.258513
     0.282038     0.308053     0.337815     0.346532     0.360752     0.363854
     0.361857     0.361129     0.342065     0.328977     0.319025
    0.0481500    0.0420980    0.0425733    0.0441087    0.0443827    0.0438843
    0.0428846    0.0415410    0.0399595    0.0382160    0.0363673    0.0344571
    0.0325203    0.0305862    0.0286805    0.0268272    0.0250494    0.0233706
    0.0218155    0.0204099    0.0191812    0.0181589    0.0173734    0.0168567
    0.0166415    0.0167605    0.0172464    0.0181314    0.0194468    0.0212225
    0.0234866    0.0262652    0.0295822    0.0334586    0.0379137    0.0429644
    0.0486269    0.0549165    0.0618487    0.0694403    0.0777104    0.0866814
    0.0963810     0.106844     0.118114     0.130247     0.143315     0.157412
     0.172660     0.189218     0.207298     0.227179     0.249227     0.273915
     0.301913     0.333650     0.355533     0.370790     0.382681     0.382148
     0.381941     0.367026     0.349120     0.334067     0.322027
    0.0435622    0.0383517    0.0368435    0.0372477    0.0377824    0.0379472
    0.0377138    0.0371525    0.0363420    0.0353503    0.0342320    0.0330302
    0.0317788    0.0305059    0.0292353    0.0279890    0.0267881    0.0256543
    0.0246104    0.0236806    0.0228913    0.0222705    0.0218482    0.0216561
    0.0217269    0.0220944    0.0227927    0.0238557    0.0253170    0.0272088
    0.0295614    0.0324032    0.0357597    0.0396539    0.0441058    0.0491332
    0.0547521    0.0609775    0.0678242    0.0753082    0.0834480    0.0922659
     0.101790     0.112056     0.123109     0.135010     0.147836     0.161689
     0.176707     0.193074     0.211047     0.230992     0.253447     0.279219
     0.309034     0.336906     0.355323     0.371178     0.377291     0.378893
     0.372599     0.356812     0.341039     0.327752     0.316695
    0.0339480    0.0268914    0.0289648    0.0316974    0.0329087    0.0334787
    0.0336572    0.0335596    0.0332623    0.0328217    0.0322795    0.0316661
    0.0310043    0.0303119    0.0296043    0.0288960    0.0282027    0.0275414
    0.0269316    0.0263953    0.0259573    0.0256451    0.0254888    0.0255210
    0.0257759    0.0262899    0.0271002    0.0282445    0.0297603    0.0316841
    0.0340502    0.0368901    0.0402320    0.0440998    0.0485134    0.0534891
    0.0590398    0.0651767    0.0719098    0.0792500    0.0872099    0.0958059
     0.105059     0.114999     0.125662     0.137096     0.149364     0.162549
     0.176755     0.192123     0.208839     0.227158     0.247438     0.270152
     0.295165     0.316802     0.331901     0.344676     0.349363     0.350896
     0.344886     0.333450     0.322722     0.313168     0.304714
    0.0367857    0.0313004    0.0293264    0.0294089    0.0299241    0.0303196
    0.0305376    0.0306262    0.0306343    0.0305929    0.0305173    0.0304126
    0.0302788    0.0301148    0.0299204    0.0296985    0.0294556    0.0292024
    0.0289542    0.0287304    0.0285545    0.0284540    0.0284601    0.0286072
    0.0289329    0.0294777    0.0302840    0.0313959    0.0328581    0.0347141
    0.0370053    0.0397690    0.0430370    0.0468345    0.0511799    0.0560853
    0.0615568    0.0675970    0.0742063    0.0813848    0.0891345    0.0974604
     0.106372     0.115883     0.126015     0.136796     0.148258     0.160444
     0.173402     0.187182     0.201835     0.217392     0.233835     0.251013
     0.268256     0.283458     0.295739     0.304745     0.310137     0.311760
     0.309614     0.305142     0.299849     0.294314     0.288867
    0.0294915    0.0217229    0.0250934    0.0274222    0.0278579    0.0278786
    0.0278673    0.0279513    0.0281570    0.0284664    0.0288439    0.0292506
    0.0296505    0.0300148    0.0303229    0.0305629    0.0307314    0.0308327
    0.0308784    0.0308860    0.0308790    0.0308859    0.0309399    0.0310786
    0.0313440    0.0317823    0.0324440    0.0333828    0.0346553    0.0363178
    0.0384244    0.0410233    0.0441535    0.0478427    0.0521061    0.0569470
    0.0623590    0.0683288    0.0748398    0.0818756    0.0894218    0.0974682
     0.106009     0.115043     0.124572     0.134601     0.145136     0.156179
     0.167725     0.179755     0.192223     0.205033     0.218009     0.230848
     0.243084     0.254146     0.263531     0.270888     0.276033     0.278954
     0.279849     0.279129     0.277281     0.274727     0.271778
    0.0410208    0.0351525    0.0311561    0.0284774    0.0265381    0.0252840
    0.0247433    0.0248081    0.0253187    0.0261277    0.0271087    0.0281576
    0.0291927    0.0301536    0.0309996    0.0317066    0.0322642    0.0326736
    0.0329457    0.0330992    0.0331594    0.0331577    0.0331304    0.0331187
    0.0331690    0.0333338    0.0336729    0.0342541    0.0351529    0.0364492
    0.0382218    0.0405414    0.0434628    0.0470190    0.0512195    0.0560505
    0.0614804    0.0674668    0.0739642    0.0809303    0.0883300    0.0961359
     0.104328     0.112892     0.121816     0.131089     0.140698     0.150621
     0.160825     0.171260     0.181848     0.192474     0.202978     0.213148
     0.222729     0.231446     0.239051     0.245354     0.250253     0.253737
     0.255897     0.256900     0.256960     0.256298     0.255112
    0.0457685    0.0394656    0.0334369    0.0276740    0.0225277    0.0197807
    0.0194481    0.0201527    0.0215204    0.0232953    0.0252560    0.0272339
    0.0291075    0.0307954    0.0322488    0.0334428    0.0343699    0.0350360
    0.0354567    0.0356564    0.0356665    0.0355240    0.0352696    0.0349469
    0.0346033    0.0342926    0.0340805    0.0340497    0.0343045    0.0349688
    0.0361752    0.0380452    0.0406695    0.0440952    0.0483195    0.0532928
    0.0589286    0.0651246    0.0717826    0.0788228    0.0861866    0.0938339
     0.101738     0.109881     0.118246     0.126819     0.135578     0.144496
     0.153535     0.162639     0.171736     0.180733     0.189511     0.197934
     0.205851     0.213112     0.219583     0.225159     0.229780     0.233434
     0.236158     0.238027     0.239148     0.239639     0.239619
    0.0489202    0.0419133    0.0343131    0.0257459    0.0160612    0.0112545
    0.0110864    0.0131796    0.0165203    0.0200525    0.0235817    0.0269010
    0.0298714    0.0324265    0.0345432    0.0362213    0.0374727    0.0383171
    0.0387811    0.0388986    0.0387130    0.0382748    0.0376341    0.0368343
    0.0359127    0.0349067    0.0338652    0.0328662    0.0320424    0.0316029
    0.0318179    0.0329399    0.0351375    0.0384867    0.0429663    0.0484517
    0.0547175    0.0615093    0.0686298    0.0759578    0.0834291    0.0910130
    0.0986958     0.106471     0.114335     0.122277     0.130284     0.138333
     0.146391     0.154415     0.162348     0.170121     0.177653     0.184856
     0.191637     0.197908     0.203590     0.208621     0.212965     0.216609
     0.219567     0.221877     0.223594     0.224784     0.225518
    0.0525530    0.0454577    0.0374844    0.0281520    0.0166580   0.00930854
   0.00513778   0.00684206    0.0108421    0.0171080    0.0231056    0.0281669
    0.0323859    0.0358254    0.0385503    0.0406318    0.0421031    0.0430000
    0.0433662    0.0432223    0.0426283    0.0416932    0.0405028    0.0390947
    0.0374718    0.0356168    0.0335035    0.0311146    0.0284861    0.0258717
    0.0241219    0.0240131    0.0255291    0.0289774    0.0341398    0.0411313
    0.0491061    0.0572094    0.0651873    0.0730005    0.0806678    0.0882226
    0.0956976     0.103119     0.110505     0.117864     0.125195     0.132485
     0.139714     0.146850     0.153855     0.160680     0.167270     0.173570
     0.179519     0.185062     0.190150     0.194745     0.198822     0.202372
     0.205397     0.207918     0.209964     0.211574     0.212792
    0.0574225    0.0510813    0.0441397    0.0364929    0.0282961    0.0201035
    0.0104014   0.00994855    0.0105059    0.0188298    0.0264276    0.0326719
    0.0380012    0.0420459    0.0448934    0.0473731    0.0488980    0.0494954
    0.0498627    0.0492145    0.0476234    0.0458692    0.0440113    0.0419930
    0.0397320    0.0371238    0.0340278    0.0302410    0.0254421    0.0189893
    0.0116288    0.0128821    0.0101793    0.0172568    0.0198938    0.0328589
    0.0441782    0.0539572    0.0627839    0.0709596    0.0786777    0.0860714
    0.0932343     0.100231     0.107105     0.113880     0.120569     0.127170
     0.133671     0.140054     0.146292     0.152351     0.158196     0.163787
     0.169087     0.174059     0.178672     0.182899     0.186723     0.190136
     0.193138     0.195739     0.197955     0.199810     0.201330
    0.0632292    0.0581287    0.0527078    0.0469780    0.0410566    0.0351678
    0.0297721    0.0251803    0.0186905    0.0286214    0.0347392    0.0402839
    0.0459391    0.0499288    0.0518223    0.0548112    0.0561853    0.0558996
    0.0568511    0.0556325    0.0526700    0.0502331    0.0479420    0.0455902
    0.0430285    0.0401119    0.0366631    0.0324305    0.0270330    0.0199287
    0.0131156    0.0127070    0.0113834    0.0167757    0.0211085    0.0328239
    0.0444085    0.0542930    0.0629873    0.0708587    0.0781566    0.0850535
    0.0916692    0.0980845     0.104351     0.110500     0.116546     0.122490
     0.128328     0.134045     0.139621     0.145035     0.150261     0.155270
     0.160038     0.164538     0.168749     0.172652     0.176236     0.179492
     0.182419     0.185022     0.187309     0.189296     0.190998
