     -4.04877     -3.92486     -3.80830     -3.69836     -3.59449     -3.49624
     -3.40322     -3.31510     -3.23151     -3.15197     -3.07628     -3.00422
     -2.93558     -2.86999     -2.80721     -2.74705     -2.68933     -2.63390
     -2.58064     -2.52946     -2.48030     -2.43314     -2.38781     -2.34414
     -2.30203     -2.26140     -2.22217     -2.18427     -2.14764     -2.11221
     -2.07793     -2.04476     -2.01263     -1.98145     -1.95112     -1.92179
     -1.89337     -1.86578     -1.83898     -1.81294     -1.78763     -1.76301
     -1.73907     -1.71576     -1.69308     -1.67098     -1.64945     -1.62847
     -1.60802     -1.58808     -1.56862     -1.54964     -1.53110     -1.51301
     -1.49534     -1.47808     -1.46121     -1.44472     -1.42860     -1.41284
     -1.39742     -1.38233     -1.36757     -1.35311     -1.33896
     -4.04877     -3.92493     -3.80834     -3.69834     -3.59440     -3.49614
     -3.40324     -3.31526     -3.23167     -3.15205     -3.07629     -3.00414
     -2.93534     -2.86962     -2.80676     -2.74656     -2.68885     -2.63350
     -2.58035     -2.52930     -2.48027     -2.43316     -2.38782     -2.34415
     -2.30204     -2.26141     -2.22218     -2.18428     -2.14764     -2.11221
     -2.07794     -2.04476     -2.01262     -1.98143     -1.95107     -1.92179
     -1.89337     -1.86578     -1.83898     -1.81294     -1.78763     -1.76301
     -1.73907     -1.71576     -1.69308     -1.67098     -1.64945     -1.62847
     -1.60802     -1.58808     -1.56862     -1.54964     -1.53110     -1.51301
     -1.49534     -1.47808     -1.46121     -1.44472     -1.42860     -1.41284
     -1.39742     -1.38233     -1.36757     -1.35311     -1.33896
     -4.04877     -3.92492     -3.80834     -3.69832     -3.59434     -3.49612
     -3.40324     -3.31516     -3.23147     -3.15190     -3.07617     -3.00400
     -2.93514     -2.86936     -2.80647     -2.74627     -2.68860     -2.63330
     -2.58024     -2.52928     -2.48031     -2.43321     -2.38787     -2.34418
     -2.30207     -2.26143     -2.22219     -2.18428     -2.14764     -2.11221
     -2.07792     -2.04470     -2.01248     -1.98127     -1.95107     -1.92179
     -1.89337     -1.86578     -1.83898     -1.81294     -1.78763     -1.76301
     -1.73907     -1.71576     -1.69308     -1.67098     -1.64945     -1.62847
     -1.60802     -1.58808     -1.56862     -1.54964     -1.53110     -1.51301
     -1.49534     -1.47808     -1.46121     -1.44472     -1.42860     -1.41284
     -1.39742     -1.38233     -1.36757     -1.35311     -1.33896
     -4.04877     -3.92475     -3.80829     -3.69836     -3.59443     -3.49619
     -3.40324     -3.31512     -3.23146     -3.15191     -3.07619     -3.00401
     -2.93515     -2.86937     -2.80648     -2.74629     -2.68863     -2.63335
     -2.58030     -2.52935     -2.48038     -2.43327     -2.38792     -2.34422
     -2.30209     -2.26143     -2.22218     -2.18425     -2.14758     -2.11210
     -2.07774     -2.04454     -2.01241     -1.98127     -1.95107     -1.92179
     -1.89337     -1.86578     -1.83898     -1.81294     -1.78763     -1.76301
     -1.73907     -1.71576     -1.69308     -1.67098     -1.64945     -1.62847
     -1.60802     -1.58808     -1.56862     -1.54964     -1.53110     -1.51301
     -1.49534     -1.47808     -1.46121     -1.44472     -1.42860     -1.41284
     -1.39742     -1.38233     -1.36757     -1.35311     -1.33896
     -4.04877     -3.92466     -3.80797     -3.69826     -3.59454     -3.49639
     -3.40344     -3.31530     -3.23161     -3.15205     -3.07631     -3.00413
     -2.93526     -2.86948     -2.80658     -2.74639     -2.68873     -2.63344
     -2.58038     -2.52943     -2.48044     -2.43332     -2.38795     -2.34423
     -2.30208     -2.26140     -2.22212     -2.18416     -2.14744     -2.11199
     -2.07772     -2.04454     -2.01241     -1.98127     -1.95107     -1.92179
     -1.89337     -1.86578     -1.83898     -1.81294     -1.78763     -1.76301
     -1.73907     -1.71576     -1.69308     -1.67098     -1.64945     -1.62847
     -1.60802     -1.58808     -1.56862     -1.54964     -1.53110     -1.51301
     -1.49534     -1.47808     -1.46121     -1.44472     -1.42860     -1.41284
     -1.39742     -1.38233     -1.36757     -1.35311     -1.33896
     -4.04877     -3.92466     -3.80794     -3.69796     -3.59419     -3.49623
     -3.40340     -3.31532     -3.23167     -3.15212     -3.07639     -3.00421
     -2.93534     -2.86956     -2.80666     -2.74646     -2.68879     -2.63350
     -2.58043     -2.52946     -2.48046     -2.43333     -2.38794     -2.34420
     -2.30203     -2.26132     -2.22201     -2.18404     -2.14741     -2.11199
     -2.07772     -2.04454     -2.01241     -1.98127     -1.95107     -1.92179
     -1.89337     -1.86578     -1.83898     -1.81294     -1.78763     -1.76301
     -1.73907     -1.71576     -1.69308     -1.67098     -1.64945     -1.62847
     -1.60802     -1.58808     -1.56862     -1.54964     -1.53110     -1.51301
     -1.49534     -1.47808     -1.46121     -1.44472     -1.42860     -1.41284
     -1.39742     -1.38233     -1.36757     -1.35311     -1.33896
     -4.04877     -3.92466     -3.80794     -3.69796     -3.59415     -3.49601
     -3.40309     -3.31506     -3.23150     -3.15202     -3.07633     -3.00418
     -2.93533     -2.86956     -2.80666     -2.74647     -2.68880     -2.63350
     -2.58043     -2.52945     -2.48044     -2.43329     -2.38789     -2.34414
     -2.30194     -2.26121     -2.22195     -2.18404     -2.14741     -2.11199
     -2.07772     -2.04454     -2.01241     -1.98127     -1.95107     -1.92179
     -1.89337     -1.86578     -1.83898     -1.81294     -1.78763     -1.76301
     -1.73907     -1.71576     -1.69308     -1.67098     -1.64945     -1.62847
     -1.60802     -1.58808     -1.56862     -1.54964     -1.53110     -1.51301
     -1.49534     -1.47808     -1.46121     -1.44472     -1.42860     -1.41284
     -1.39742     -1.38233     -1.36757     -1.35311     -1.33896
     -4.04877     -3.92466     -3.80794     -3.69796     -3.59415     -3.49601
     -3.40309     -3.31498     -3.23132     -3.15178     -3.07612     -3.00402
     -2.93521     -2.86946     -2.80659     -2.74640     -2.68874     -2.63344
     -2.58037     -2.52939     -2.48038     -2.43322     -2.38781     -2.34404
     -2.30184     -2.26119     -2.22195     -2.18404     -2.14741     -2.11199
     -2.07772     -2.04454     -2.01241     -1.98127     -1.95107     -1.92179
     -1.89337     -1.86578     -1.83898     -1.81294     -1.78763     -1.76301
     -1.73907     -1.71576     -1.69308     -1.67098     -1.64945     -1.62847
     -1.60802     -1.58808     -1.56862     -1.54964     -1.53110     -1.51301
     -1.49534     -1.47808     -1.46121     -1.44472     -1.42860     -1.41284
     -1.39742     -1.38233     -1.36757     -1.35311     -1.33896
     -4.04877     -3.92466     -3.80794     -3.69796     -3.59415     -3.49601
     -3.40309     -3.31498     -3.23132     -3.15178     -3.07606     -3.00389
     -2.93503     -2.86929     -2.80645     -2.74629     -2.68864     -2.63335
     -2.58029     -2.52931     -2.48030     -2.43314     -2.38772     -2.34398
     -2.30184     -2.26119     -2.22195     -2.18404     -2.14741     -2.11199
     -2.07772     -2.04454     -2.01241     -1.98127     -1.95107     -1.92179
     -1.89337     -1.86578     -1.83898     -1.81294     -1.78763     -1.76301
     -1.73907     -1.71576     -1.69308     -1.67098     -1.64945     -1.62847
     -1.60802     -1.58808     -1.56862     -1.54964     -1.53110     -1.51301
     -1.49534     -1.47808     -1.46121     -1.44472     -1.42860     -1.41284
     -1.39742     -1.38233     -1.36757     -1.35311     -1.33896
     -4.04877     -3.92466     -3.80794     -3.69796     -3.59415     -3.49601
     -3.40309     -3.31498     -3.23132     -3.15178     -3.07606     -3.00389
     -2.93503     -2.86926     -2.80637     -2.74617     -2.68852     -2.63325
     -2.58020     -2.52923     -2.48023     -2.43307     -2.38769     -2.34398
     -2.30184     -2.26119     -2.22195     -2.18404     -2.14741     -2.11199
     -2.07772     -2.04454     -2.01241     -1.98127     -1.95107     -1.92179
     -1.89337     -1.86578     -1.83898     -1.81294     -1.78763     -1.76301
     -1.73907     -1.71576     -1.69308     -1.67098     -1.64945     -1.62847
     -1.60802     -1.58808     -1.56862     -1.54964     -1.53110     -1.51301
     -1.49534     -1.47808     -1.46121     -1.44472     -1.42860     -1.41284
     -1.39742     -1.38233     -1.36757     -1.35311     -1.33896
     -4.04877     -3.92466     -3.80794     -3.69796     -3.59415     -3.49601
     -3.40309     -3.31498     -3.23132     -3.15178     -3.07606     -3.00389
     -2.93503     -2.86926     -2.80637     -2.74617     -2.68851     -2.63322
     -2.58015     -2.52919     -2.48019     -2.43306     -2.38769     -2.34398
     -2.30184     -2.26119     -2.22195     -2.18404     -2.14741     -2.11199
     -2.07772     -2.04454     -2.01241     -1.98127     -1.95107     -1.92179
     -1.89337     -1.86578     -1.83898     -1.81294     -1.78763     -1.76301
     -1.73907     -1.71576     -1.69308     -1.67098     -1.64945     -1.62847
     -1.60802     -1.58808     -1.56862     -1.54964     -1.53110     -1.51301
     -1.49534     -1.47808     -1.46121     -1.44472     -1.42860     -1.41284
     -1.39742     -1.38233     -1.36757     -1.35311     -1.33896
     -4.04877     -3.92466     -3.80794     -3.69796     -3.59415     -3.49601
     -3.40309     -3.31498     -3.23132     -3.15178     -3.07606     -3.00389
     -2.93503     -2.86926     -2.80637     -2.74617     -2.68851     -2.63322
     -2.58015     -2.52919     -2.48021     -2.43307     -2.38769     -2.34398
     -2.30184     -2.26119     -2.22195     -2.18404     -2.14741     -2.11199
     -2.07772     -2.04454     -2.01241     -1.98127     -1.95107     -1.92179
     -1.89337     -1.86578     -1.83898     -1.81294     -1.78763     -1.76301
     -1.73907     -1.71576     -1.69308     -1.67098     -1.64945     -1.62847
     -1.60802     -1.58808     -1.56862     -1.54964     -1.53110     -1.51301
     -1.49534     -1.47808     -1.46121     -1.44472     -1.42860     -1.41284
     -1.39742     -1.38233     -1.36757     -1.35311     -1.33896
     -4.04877     -3.92466     -3.80794     -3.69796     -3.59415     -3.49601
     -3.40309     -3.31498     -3.23132     -3.15178     -3.07606     -3.00389
     -2.93503     -2.86926     -2.80637     -2.74617     -2.68851     -2.63322
     -2.58015     -2.52922     -2.48025     -2.43313     -2.38775     -2.34401
     -2.30184     -2.26119     -2.22195     -2.18404     -2.14741     -2.11199
     -2.07772     -2.04454     -2.01241     -1.98127     -1.95107     -1.92179
     -1.89337     -1.86578     -1.83898     -1.81294     -1.78763     -1.76301
     -1.73907     -1.71576     -1.69308     -1.67098     -1.64945     -1.62847
     -1.60802     -1.58808     -1.56862     -1.54964     -1.53110     -1.51301
     -1.49534     -1.47808     -1.46121     -1.44472     -1.42860     -1.41284
     -1.39742     -1.38233     -1.36757     -1.35311     -1.33896
     -4.04877     -3.92466     -3.80794     -3.69796     -3.59415     -3.49601
     -3.40309     -3.31498     -3.23132     -3.15178     -3.07606     -3.00389
     -2.93503     -2.86926     -2.80637     -2.74617     -2.68851     -2.63322
     -2.58019     -2.52927     -2.48031     -2.43319     -2.38782     -2.34410
     -2.30194     -2.26125     -2.22196     -2.18404     -2.14741     -2.11199
     -2.07772     -2.04454     -2.01241     -1.98127     -1.95107     -1.92179
     -1.89337     -1.86578     -1.83898     -1.81294     -1.78763     -1.76301
     -1.73907     -1.71576     -1.69308     -1.67098     -1.64945     -1.62847
     -1.60802     -1.58808     -1.56862     -1.54964     -1.53110     -1.51301
     -1.49534     -1.47808     -1.46121     -1.44472     -1.42860     -1.41284
     -1.39742     -1.38233     -1.36757     -1.35311     -1.33896
     -4.04877     -3.92466     -3.80794     -3.69796     -3.59415     -3.49601
     -3.40309     -3.31498     -3.23132     -3.15178     -3.07606     -3.00389
     -2.93503     -2.86926     -2.80637     -2.74617     -2.68851     -2.63324
     -2.58025     -2.52933     -2.48037     -2.43325     -2.38789     -2.34417
     -2.30203     -2.26136     -2.22209     -2.18414     -2.14744     -2.11199
     -2.07772     -2.04454     -2.01241     -1.98127     -1.95107     -1.92179
     -1.89337     -1.86578     -1.83898     -1.81294     -1.78763     -1.76301
     -1.73907     -1.71576     -1.69308     -1.67098     -1.64945     -1.62847
     -1.60802     -1.58808     -1.56862     -1.54964     -1.53110     -1.51301
     -1.49534     -1.47808     -1.46121     -1.44472     -1.42860     -1.41284
     -1.39742     -1.38233     -1.36757     -1.35311     -1.33896
     -4.04877     -3.92466     -3.80794     -3.69796     -3.59415     -3.49601
     -3.40309     -3.31498     -3.23132     -3.15178     -3.07606     -3.00389
     -2.93503     -2.86926     -2.80637     -2.74617     -2.68851     -2.63331
     -2.58031     -2.52939     -2.48042     -2.43330     -2.38793     -2.34422
     -2.30208     -2.26142     -2.22217     -2.18425     -2.14759     -2.11212
     -2.07777     -2.04454     -2.01241     -1.98127     -1.95107     -1.92179
     -1.89337     -1.86578     -1.83898     -1.81294     -1.78763     -1.76301
     -1.73907     -1.71576     -1.69308     -1.67098     -1.64945     -1.62847
     -1.60802     -1.58808     -1.56862     -1.54964     -1.53110     -1.51301
     -1.49534     -1.47808     -1.46121     -1.44472     -1.42860     -1.41284
     -1.39742     -1.38233     -1.36757     -1.35311     -1.33896
     -4.04877     -3.92466     -3.80794     -3.69796     -3.59415     -3.49601
     -3.40309     -3.31498     -3.23132     -3.15178     -3.07606     -3.00389
     -2.93503     -2.86926     -2.80637     -2.74617     -2.68857     -2.63337
     -2.58037     -2.52943     -2.48045     -2.43333     -2.38795     -2.34423
     -2.30209     -2.26143     -2.22219     -2.18428     -2.14765     -2.11221
     -2.07792     -2.04470     -2.01249     -1.98127     -1.95107     -1.92179
     -1.89337     -1.86578     -1.83898     -1.81294     -1.78763     -1.76301
     -1.73907     -1.71576     -1.69308     -1.67098     -1.64945     -1.62847
     -1.60802     -1.58808     -1.56862     -1.54964     -1.53110     -1.51301
     -1.49534     -1.47808     -1.46121     -1.44472     -1.42860     -1.41284
     -1.39742     -1.38233     -1.36757     -1.35311     -1.33896
     -4.04877     -3.92466     -3.80794     -3.69796     -3.59415     -3.49601
     -3.40309     -3.31498     -3.23132     -3.15178     -3.07606     -3.00389
     -2.93503     -2.86926     -2.80637     -2.74619     -2.68865     -2.63343
     -2.58041     -2.52946     -2.48046     -2.43332     -2.38794     -2.34421
     -2.30206     -2.26140     -2.22216     -2.18425     -2.14763     -2.11221
     -2.07794     -2.04476     -2.01262     -1.98145     -1.95119     -1.92179
     -1.89337     -1.86578     -1.83898     -1.81294     -1.78763     -1.76301
     -1.73907     -1.71576     -1.69308     -1.67098     -1.64945     -1.62847
     -1.60802     -1.58808     -1.56862     -1.54964     -1.53110     -1.51301
     -1.49534     -1.47808     -1.46121     -1.44472     -1.42860     -1.41284
     -1.39742     -1.38233     -1.36757     -1.35311     -1.33896
     -4.04877     -3.92466     -3.80794     -3.69796     -3.59415     -3.49601
     -3.40309     -3.31498     -3.23132     -3.15178     -3.07606     -3.00389
     -2.93503     -2.86926     -2.80637     -2.74627     -2.68871     -2.63348
     -2.58043     -2.52946     -2.48045     -2.43330     -2.38790     -2.34417
     -2.30201     -2.26134     -2.22210     -2.18419     -2.14756     -2.11214
     -2.07788     -2.04472     -2.01260     -1.98147     -1.95129     -1.92199
     -1.89351     -1.86580     -1.83898     -1.81294     -1.78763     -1.76301
     -1.73907     -1.71576     -1.69308     -1.67098     -1.64945     -1.62847
     -1.60802     -1.58808     -1.56862     -1.54964     -1.53110     -1.51301
     -1.49534     -1.47808     -1.46121     -1.44472     -1.42860     -1.41284
     -1.39742     -1.38233     -1.36757     -1.35311     -1.33896
     -4.04877     -3.92466     -3.80794     -3.69796     -3.59415     -3.49601
     -3.40309     -3.31498     -3.23132     -3.15178     -3.07606     -3.00389
     -2.93503     -2.86926     -2.80638     -2.74635     -2.68876     -2.63350
     -2.58043     -2.52944     -2.48042     -2.43325     -2.38785     -2.34411
     -2.30195     -2.26128     -2.22203     -2.18413     -2.14749     -2.11207
     -2.07780     -2.04463     -2.01251     -1.98139     -1.95122     -1.92197
     -1.89357     -1.86598     -1.83914     -1.81299     -1.78763     -1.76301
     -1.73907     -1.71576     -1.69308     -1.67098     -1.64945     -1.62847
     -1.60802     -1.58808     -1.56862     -1.54964     -1.53110     -1.51301
     -1.49534     -1.47808     -1.46121     -1.44472     -1.42860     -1.41284
     -1.39742     -1.38233     -1.36757     -1.35311     -1.33896
     -4.04877     -3.92466     -3.80794     -3.69796     -3.59415     -3.49601
     -3.40309     -3.31498     -3.23132     -3.15178     -3.07606     -3.00389
     -2.93503     -2.86926     -2.80647     -2.74640     -2.68879     -2.63350
     -2.58041     -2.52940     -2.48037     -2.43320     -2.38779     -2.34406
     -2.30191     -2.26126     -2.22202     -2.18413     -2.14750     -2.11208
     -2.07780     -2.04462     -2.01247     -1.98133     -1.95114     -1.92187
     -1.89348     -1.86592     -1.83916     -1.81314     -1.78780     -1.76307
     -1.73907     -1.71576     -1.69308     -1.67098     -1.64945     -1.62847
     -1.60802     -1.58808     -1.56862     -1.54964     -1.53110     -1.51301
     -1.49534     -1.47808     -1.46121     -1.44472     -1.42860     -1.41284
     -1.39742     -1.38233     -1.36757     -1.35311     -1.33896
     -4.04877     -3.92466     -3.80794     -3.69796     -3.59415     -3.49601
     -3.40309     -3.31498     -3.23132     -3.15178     -3.07606     -3.00389
     -2.93503     -2.86926     -2.80654     -2.74645     -2.68880     -2.63349
     -2.58038     -2.52935     -2.48031     -2.43315     -2.38777     -2.34406
     -2.30195     -2.26133     -2.22214     -2.18428     -2.14768     -2.11228
     -2.07801     -2.04481     -2.01264     -1.98146     -1.95122     -1.92189
     -1.89344     -1.86584     -1.83906     -1.81306     -1.78779     -1.76321
     -1.73924     -1.71581     -1.69308     -1.67098     -1.64945     -1.62847
     -1.60802     -1.58808     -1.56862     -1.54964     -1.53110     -1.51301
     -1.49534     -1.47808     -1.46121     -1.44472     -1.42860     -1.41284
     -1.39742     -1.38233     -1.36757     -1.35311     -1.33896
     -4.04877     -3.92466     -3.80794     -3.69796     -3.59415     -3.49601
     -3.40309     -3.31498     -3.23132     -3.15178     -3.07606     -3.00389
     -2.93503     -2.86933     -2.80660     -2.74647     -2.68879     -2.63345
     -2.58033     -2.52930     -2.48028     -2.43314     -2.38780     -2.34416
     -2.30212     -2.26158     -2.22247     -2.18469     -2.14817     -2.11282
     -2.07859     -2.04540     -2.01322     -1.98199     -1.95167     -1.92225
     -1.89369     -1.86598     -1.83909     -1.81301     -1.78769     -1.76311
     -1.73922     -1.71595     -1.69323     -1.67098     -1.64945     -1.62847
     -1.60802     -1.58808     -1.56862     -1.54964     -1.53110     -1.51301
     -1.49534     -1.47808     -1.46121     -1.44472     -1.42860     -1.41284
     -1.39742     -1.38233     -1.36757     -1.35311     -1.33896
     -4.04877     -3.92466     -3.80794     -3.69796     -3.59415     -3.49601
     -3.40309     -3.31498     -3.23132     -3.15178     -3.07606     -3.00389
     -2.93503     -2.86941     -2.80664     -2.74647     -2.68877     -2.63341
     -2.58028     -2.52927     -2.48028     -2.43321     -2.38795     -2.34441
     -2.30249     -2.26210     -2.22313     -2.18550     -2.14912     -2.11389
     -2.07974     -2.04661     -2.01444     -1.98317     -1.95278     -1.92323
     -1.89452     -1.86663     -1.83955     -1.81328     -1.78780     -1.76309
     -1.73912     -1.71585     -1.69322     -1.67116     -1.64958     -1.62847
     -1.60802     -1.58808     -1.56862     -1.54964     -1.53110     -1.51301
     -1.49534     -1.47808     -1.46121     -1.44472     -1.42860     -1.41284
     -1.39742     -1.38233     -1.36757     -1.35311     -1.33896
     -4.04877     -3.92466     -3.80794     -3.69796     -3.59415     -3.49601
     -3.40309     -3.31498     -3.23132     -3.15178     -3.07606     -3.00389
     -2.93503     -2.86947     -2.80667     -2.74646     -2.68873     -2.63336
     -2.58024     -2.52927     -2.48035     -2.43337     -2.38825     -2.34487
     -2.30315     -2.26298     -2.22424     -2.18684     -2.15068     -2.11566
     -2.08169     -2.04867     -2.01656     -1.98528     -1.95483     -1.92514
     -1.89623     -1.86810     -1.84075     -1.81419     -1.78843     -1.76346
     -1.73927     -1.71584     -1.69313     -1.67108     -1.64962     -1.62864
     -1.60804     -1.58808     -1.56862     -1.54964     -1.53110     -1.51301
     -1.49534     -1.47808     -1.46121     -1.44472     -1.42860     -1.41284
     -1.39742     -1.38233     -1.36757     -1.35311     -1.33896
     -4.04877     -3.92466     -3.80794     -3.69796     -3.59415     -3.49601
     -3.40309     -3.31498     -3.23132     -3.15178     -3.07606     -3.00389
     -2.93511     -2.86952     -2.80667     -2.74644     -2.68869     -2.63332
     -2.58024     -2.52933     -2.48051     -2.43368     -2.38875     -2.34561
     -2.30417     -2.26430     -2.22590     -2.18885     -2.15302     -2.11831
     -2.08460     -2.05180     -2.01982     -1.98859     -1.95808     -1.92825
     -1.89912     -1.87069     -1.84298     -1.81603     -1.78985     -1.76449
     -1.73993     -1.71619     -1.69324     -1.67104     -1.64952     -1.62861
     -1.60820     -1.58816     -1.56862     -1.54964     -1.53110     -1.51301
     -1.49534     -1.47808     -1.46121     -1.44472     -1.42860     -1.41284
     -1.39742     -1.38233     -1.36757     -1.35311     -1.33896
     -4.04877     -3.92466     -3.80794     -3.69796     -3.59415     -3.49601
     -3.40309     -3.31498     -3.23132     -3.15178     -3.07606     -3.00389
     -2.93518     -2.86955     -2.80666     -2.74640     -2.68865     -2.63330
     -2.58027     -2.52946     -2.48078     -2.43416     -2.38947     -2.34665
     -2.30557     -2.26612     -2.22817     -2.19159     -2.15623     -2.12195
     -2.08863     -2.05614     -2.02438     -1.99326     -1.96274     -1.93278
     -1.90340     -1.87461     -1.84646     -1.81901     -1.79230     -1.76640
     -1.74134     -1.71714     -1.69379     -1.67127     -1.64954     -1.62853
     -1.60813     -1.58825     -1.56874     -1.54964     -1.53110     -1.51301
     -1.49534     -1.47808     -1.46121     -1.44472     -1.42860     -1.41284
     -1.39742     -1.38233     -1.36757     -1.35311     -1.33896
     -4.04877     -3.92466     -3.80794     -3.69796     -3.59415     -3.49601
     -3.40309     -3.31498     -3.23132     -3.15178     -3.07606     -3.00389
     -2.93524     -2.86957     -2.80665     -2.74637     -2.68862     -2.63331
     -2.58035     -2.52967     -2.48117     -2.43479     -2.39043     -2.34799
     -2.30737     -2.26843     -2.23104     -2.19504     -2.16028     -2.12656
     -2.09376     -2.06169     -2.03024     -1.99931     -1.96882     -1.93875
     -1.90911     -1.87992     -1.85127     -1.82322     -1.79588     -1.76932
     -1.74360     -1.71879     -1.69491     -1.67194     -1.64986     -1.62860
     -1.60807     -1.58818     -1.56879     -1.54975     -1.53110     -1.51301
     -1.49534     -1.47808     -1.46121     -1.44472     -1.42860     -1.41284
     -1.39742     -1.38233     -1.36757     -1.35311     -1.33896
     -4.04877     -3.92466     -3.80794     -3.69796     -3.59415     -3.49601
     -3.40309     -3.31498     -3.23132     -3.15178     -3.07606     -3.00389
     -2.93528     -2.86957     -2.80662     -2.74633     -2.68860     -2.63334
     -2.58048     -2.52994     -2.48166     -2.43556     -2.39157     -2.34957
     -2.30947     -2.27113     -2.23439     -2.19908     -2.16501     -2.13198
     -2.09978     -2.06825     -2.03720     -2.00652     -1.97612     -1.94597
     -1.91606     -1.88646     -1.85726     -1.82856     -1.80048     -1.77316
     -1.74669     -1.72116     -1.69662     -1.67308     -1.65053     -1.62891
     -1.60815     -1.58813     -1.56873     -1.54980     -1.53119     -1.51301
     -1.49534     -1.47808     -1.46121     -1.44472     -1.42860     -1.41284
     -1.39742     -1.38233     -1.36757     -1.35311     -1.33896
     -4.04877     -3.92466     -3.80794     -3.69796     -3.59415     -3.49601
     -3.40309     -3.31498     -3.23132     -3.15178     -3.07606     -3.00393
     -2.93531     -2.86957     -2.80660     -2.74631     -2.68860     -2.63339
     -2.58064     -2.53026     -2.48221     -2.43641     -2.39280     -2.35128
     -2.31174     -2.27403     -2.23800     -2.20342     -2.17011     -2.13781
     -2.10630     -2.07535     -2.04476     -2.01439     -1.98413     -1.95391
     -1.92376     -1.89375     -1.86398     -1.83460     -1.80577     -1.77763
     -1.75036     -1.72405     -1.69879     -1.67462     -1.65153     -1.62948
     -1.60840     -1.58817     -1.56868     -1.54976     -1.53127     -1.51303
     -1.49534     -1.47808     -1.46121     -1.44472     -1.42860     -1.41284
     -1.39742     -1.38233     -1.36757     -1.35311     -1.33896
     -4.04877     -3.92466     -3.80794     -3.69796     -3.59415     -3.49601
     -3.40309     -3.31498     -3.23132     -3.15178     -3.07606     -3.00398
     -2.93532     -2.86956     -2.80658     -2.74629     -2.68860     -2.63346
     -2.58081     -2.53059     -2.48276     -2.43725     -2.39401     -2.35295
     -2.31395     -2.27686     -2.24150     -2.20766     -2.17508     -2.14351
     -2.11268     -2.08231     -2.05220     -2.02216     -1.99204     -1.96180
     -1.93145     -1.90105     -1.87075     -1.84072     -1.81115     -1.78225
     -1.75419     -1.72712     -1.70115     -1.67634     -1.65271     -1.63021
     -1.60879     -1.58832     -1.56868     -1.54971     -1.53126     -1.51314
     -1.49534     -1.47808     -1.46121     -1.44472     -1.42860     -1.41284
     -1.39742     -1.38233     -1.36757     -1.35311     -1.33896
     -4.04877     -3.92466     -3.80794     -3.69796     -3.59415     -3.49601
     -3.40309     -3.31498     -3.23132     -3.15178     -3.07606     -3.00402
     -2.93534     -2.86955     -2.80656     -2.74628     -2.68862     -2.63353
     -2.58097     -2.53088     -2.48324     -2.43798     -2.39506     -2.35439
     -2.31584     -2.27928     -2.24451     -2.21129     -2.17936     -2.14841
     -2.11818     -2.08834     -2.05865     -2.02889     -1.99893     -1.96868
     -1.93815     -1.90744     -1.87671     -1.84613     -1.81594     -1.78636
     -1.75762     -1.72988     -1.70330     -1.67794     -1.65383     -1.63094
     -1.60921     -1.58852     -1.56873     -1.54969     -1.53123     -1.51317
     -1.49534     -1.47808     -1.46121     -1.44472     -1.42860     -1.41284
     -1.39742     -1.38233     -1.36757     -1.35311     -1.33896
     -4.04877     -3.92466     -3.80794     -3.69796     -3.59415     -3.49601
     -3.40309     -3.31498     -3.23132     -3.15178     -3.07606     -3.00404
     -2.93534     -2.86954     -2.80655     -2.74627     -2.68863     -2.63358
     -2.58108     -2.53108     -2.48357     -2.43849     -2.39578     -2.35539
     -2.31717     -2.28097     -2.24661     -2.21384     -2.18235     -2.15187
     -2.12205     -2.09259     -2.06320     -2.03367     -2.00382     -1.97357
     -1.94295     -1.91202     -1.88097     -1.85000     -1.81937     -1.78932
     -1.76009     -1.73189     -1.70486     -1.67911     -1.65466     -1.63149
     -1.60953     -1.58868     -1.56878     -1.54968     -1.53121     -1.51318
     -1.49539     -1.47808     -1.46121     -1.44472     -1.42860     -1.41284
     -1.39742     -1.38233     -1.36757     -1.35311     -1.33896
     -4.04877     -3.92466     -3.80794     -3.69796     -3.59415     -3.49601
     -3.40309     -3.31498     -3.23132     -3.15178     -3.07606     -3.00405
     -2.93534     -2.86954     -2.80655     -2.74627     -2.68864     -2.63361
     -2.58113     -2.53117     -2.48371     -2.43869     -2.39609     -2.35580
     -2.31772     -2.28169     -2.24751     -2.21492     -2.18366     -2.15337
     -2.12375     -2.09447     -2.06523     -2.03579     -2.00598     -1.97574
     -1.94507     -1.91405     -1.88285     -1.85171     -1.82087     -1.79061
     -1.76116     -1.73275     -1.70552     -1.67959     -1.65499     -1.63171
     -1.60966     -1.58874     -1.56880     -1.54969     -1.53121     -1.51318
     -1.49540     -1.47808     -1.46121     -1.44472     -1.42860     -1.41284
     -1.39742     -1.38233     -1.36757     -1.35311     -1.33896
     -4.04877     -3.92466     -3.80794     -3.69796     -3.59415     -3.49601
     -3.40309     -3.31498     -3.23132     -3.15178     -3.07606     -3.00404
     -2.93534     -2.86954     -2.80655     -2.74627     -2.68863     -2.63359
     -2.58110     -2.53112     -2.48363     -2.43858     -2.39592     -2.35558
     -2.31743     -2.28132     -2.24707     -2.21441     -2.18306     -2.15271
     -2.12301     -2.09366     -2.06438     -2.03491     -2.00510     -1.97486
     -1.94419     -1.91321     -1.88206     -1.85097     -1.82021     -1.79001
     -1.76064     -1.73230     -1.70516     -1.67930     -1.65477     -1.63154
     -1.60955     -1.58868     -1.56878     -1.54969     -1.53122     -1.51318
     -1.49536     -1.47808     -1.46121     -1.44472     -1.42860     -1.41284
     -1.39742     -1.38233     -1.36757     -1.35311     -1.33896
     -4.04877     -3.92466     -3.80794     -3.69796     -3.59415     -3.49601
     -3.40309     -3.31498     -3.23132     -3.15178     -3.07606     -3.00403
     -2.93534     -2.86955     -2.80656     -2.74627     -2.68862     -2.63354
     -2.58100     -2.53094     -2.48333     -2.43814     -2.39530     -2.35473
     -2.31632     -2.27993     -2.24535     -2.21235     -2.18065     -2.14995
     -2.11994     -2.09030     -2.06079     -2.03116     -2.00128     -1.97104
     -1.94046     -1.90964     -1.87873     -1.84793     -1.81749     -1.78765
     -1.75864     -1.73066     -1.70384     -1.67830     -1.65404     -1.63104
     -1.60924     -1.58852     -1.56872     -1.54969     -1.53124     -1.51316
     -1.49534     -1.47808     -1.46121     -1.44472     -1.42860     -1.41284
     -1.39742     -1.38233     -1.36757     -1.35311     -1.33896
     -4.04877     -3.92466     -3.80794     -3.69796     -3.59415     -3.49601
     -3.40309     -3.31498     -3.23132     -3.15178     -3.07606     -3.00400
     -2.93533     -2.86956     -2.80658     -2.74628     -2.68861     -2.63348
     -2.58084     -2.53066     -2.48287     -2.43745     -2.39432     -2.35340
     -2.31458     -2.27770     -2.24260     -2.20903     -2.17677     -2.14551
     -2.11498     -2.08489     -2.05501     -2.02514     -1.99512     -1.96489
     -1.93448     -1.90393     -1.87340     -1.84309     -1.81319     -1.78394
     -1.75552     -1.72812     -1.70185     -1.67680     -1.65298     -1.63034
     -1.60883     -1.58833     -1.56868     -1.54972     -1.53127     -1.51311
     -1.49534     -1.47808     -1.46121     -1.44472     -1.42860     -1.41284
     -1.39742     -1.38233     -1.36757     -1.35311     -1.33896
     -4.04877     -3.92466     -3.80794     -3.69796     -3.59415     -3.49601
     -3.40309     -3.31498     -3.23132     -3.15178     -3.07606     -3.00394
     -2.93531     -2.86957     -2.80660     -2.74630     -2.68860     -2.63341
     -2.58067     -2.53033     -2.48233     -2.43661     -2.39311     -2.35175
     -2.31240     -2.27494     -2.23918     -2.20493     -2.17194     -2.13999
     -2.10882     -2.07818     -2.04786     -2.01768     -1.98752     -1.95732
     -1.92711     -1.89692     -1.86689     -1.83720     -1.80799     -1.77949
     -1.75182     -1.72515     -1.69956     -1.67512     -1.65182     -1.62962
     -1.60845     -1.58818     -1.56868     -1.54977     -1.53126     -1.51301
     -1.49534     -1.47808     -1.46121     -1.44472     -1.42860     -1.41284
     -1.39742     -1.38233     -1.36757     -1.35311     -1.33896
     -4.04877     -3.92466     -3.80794     -3.69796     -3.59415     -3.49601
     -3.40309     -3.31498     -3.23132     -3.15178     -3.07606     -3.00389
     -2.93528     -2.86957     -2.80662     -2.74633     -2.68860     -2.63334
     -2.58050     -2.52999     -2.48176     -2.43573     -2.39184     -2.35000
     -2.31009     -2.27199     -2.23552     -2.20052     -2.16679     -2.13410
     -2.10225     -2.07102     -2.04023     -2.00974     -1.97946     -1.94931
     -1.91934     -1.88957     -1.86010     -1.83109     -1.80265     -1.77494
     -1.74809     -1.72220     -1.69734     -1.67354     -1.65078     -1.62902
     -1.60818     -1.58813     -1.56873     -1.54980     -1.53116     -1.51301
     -1.49534     -1.47808     -1.46121     -1.44472     -1.42860     -1.41284
     -1.39742     -1.38233     -1.36757     -1.35311     -1.33896
     -4.04877     -3.92466     -3.80794     -3.69796     -3.59415     -3.49601
     -3.40309     -3.31498     -3.23132     -3.15178     -3.07606     -3.00389
     -2.93523     -2.86957     -2.80665     -2.74637     -2.68862     -2.63331
     -2.58036     -2.52970     -2.48124     -2.43491     -2.39065     -2.34834
     -2.30787     -2.26915     -2.23201     -2.19629     -2.16183     -2.12843
     -2.09593     -2.06414     -2.03294     -2.00217     -1.97179     -1.94173
     -1.91202     -1.88268     -1.85379     -1.82545     -1.79778     -1.77087
     -1.74480     -1.71967     -1.69549     -1.67229     -1.65003     -1.62866
     -1.60808     -1.58817     -1.56879     -1.54975     -1.53110     -1.51301
     -1.49534     -1.47808     -1.46121     -1.44472     -1.42860     -1.41284
     -1.39742     -1.38233     -1.36757     -1.35311     -1.33896
     -4.04877     -3.92466     -3.80794     -3.69796     -3.59415     -3.49601
     -3.40309     -3.31498     -3.23132     -3.15178     -3.07606     -3.00389
     -2.93516     -2.86955     -2.80667     -2.74641     -2.68865     -2.63330
     -2.58027     -2.52947     -2.48082     -2.43423     -2.38962     -2.34689
     -2.30594     -2.26667     -2.22892     -2.19256     -2.15745     -2.12345
     -2.09039     -2.05813     -2.02657     -1.99560     -1.96516     -1.93521
     -1.90577     -1.87684     -1.84849     -1.82079     -1.79380     -1.76760
     -1.74224     -1.71777     -1.69418     -1.67148     -1.64962     -1.62853
     -1.60811     -1.58824     -1.56876     -1.54964     -1.53110     -1.51301
     -1.49534     -1.47808     -1.46121     -1.44472     -1.42860     -1.41284
     -1.39742     -1.38233     -1.36757     -1.35311     -1.33896
     -4.04877     -3.92466     -3.80794     -3.69796     -3.59415     -3.49601
     -3.40309     -3.31498     -3.23132     -3.15178     -3.07606     -3.00389
     -2.93507     -2.86951     -2.80667     -2.74644     -2.68870     -2.63333
     -2.58024     -2.52933     -2.48052     -2.43372     -2.38882     -2.34575
     -2.30440     -2.26466     -2.22641     -2.18954     -2.15391     -2.11941
     -2.08590     -2.05328     -2.02146     -1.99034     -1.95990     -1.93008
     -1.90089     -1.87234     -1.84446     -1.81730     -1.79090     -1.76529
     -1.74051     -1.71656     -1.69343     -1.67110     -1.64951     -1.62857
     -1.60819     -1.58822     -1.56862     -1.54964     -1.53110     -1.51301
     -1.49534     -1.47808     -1.46121     -1.44472     -1.42860     -1.41284
     -1.39742     -1.38233     -1.36757     -1.35311     -1.33896
     -4.04877     -3.92466     -3.80794     -3.69796     -3.59415     -3.49601
     -3.40309     -3.31498     -3.23132     -3.15178     -3.07606     -3.00389
     -2.93503     -2.86944     -2.80666     -2.74647     -2.68874     -2.63337
     -2.58025     -2.52927     -2.48035     -2.43338     -2.38827     -2.34494
     -2.30327     -2.26318     -2.22456     -2.18728     -2.15126     -2.11639
     -2.08256     -2.04968     -2.01767     -1.98648     -1.95606     -1.92638
     -1.89742     -1.86919     -1.84171     -1.81499     -1.78904     -1.76389
     -1.73954     -1.71597     -1.69315     -1.67104     -1.64957     -1.62865
     -1.60816     -1.58808     -1.56862     -1.54964     -1.53110     -1.51301
     -1.49534     -1.47808     -1.46121     -1.44472     -1.42860     -1.41284
     -1.39742     -1.38233     -1.36757     -1.35311     -1.33896
     -4.04877     -3.92466     -3.80794     -3.69796     -3.59415     -3.49601
     -3.40309     -3.31498     -3.23132     -3.15178     -3.07606     -3.00389
     -2.93503     -2.86934     -2.80662     -2.74647     -2.68878     -2.63343
     -2.58029     -2.52928     -2.48028     -2.43320     -2.38795     -2.34442
     -2.30254     -2.26219     -2.22329     -2.18574     -2.14945     -2.11432
     -2.08027     -2.04723     -2.01513     -1.98391     -1.95353     -1.92398
     -1.89522     -1.86725     -1.84007     -1.81367     -1.78806     -1.76323
     -1.73916     -1.71582     -1.69316     -1.67113     -1.64963     -1.62858
     -1.60802     -1.58808     -1.56862     -1.54964     -1.53110     -1.51301
     -1.49534     -1.47808     -1.46121     -1.44472     -1.42860     -1.41284
     -1.39742     -1.38233     -1.36757     -1.35311     -1.33896
     -4.04877     -3.92466     -3.80794     -3.69796     -3.59415     -3.49601
     -3.40309     -3.31498     -3.23132     -3.15178     -3.07606     -3.00389
     -2.93503     -2.86926     -2.80654     -2.74645     -2.68880     -2.63347
     -2.58035     -2.52932     -2.48028     -2.43314     -2.38779     -2.34415
     -2.30212     -2.26161     -2.22253     -2.18480     -2.14833     -2.11304
     -2.07887     -2.04573     -2.01358     -1.98238     -1.95206     -1.92262
     -1.89402     -1.86624     -1.83928     -1.81310     -1.78771     -1.76307
     -1.73915     -1.71589     -1.69325     -1.67115     -1.64948     -1.62847
     -1.60802     -1.58808     -1.56862     -1.54964     -1.53110     -1.51301
     -1.49534     -1.47808     -1.46121     -1.44472     -1.42860     -1.41284
     -1.39742     -1.38233     -1.36757     -1.35311     -1.33896
     -4.04877     -3.92466     -3.80794     -3.69796     -3.59415     -3.49601
     -3.40309     -3.31498     -3.23132     -3.15178     -3.07606     -3.00389
     -2.93503     -2.86926     -2.80643     -2.74639     -2.68879     -2.63350
     -2.58040     -2.52938     -2.48034     -2.43316     -2.38777     -2.34406
     -2.30194     -2.26133     -2.22215     -2.18431     -2.14774     -2.11236
     -2.07812     -2.04495     -2.01279     -1.98161     -1.95136     -1.92200
     -1.89352     -1.86587     -1.83904     -1.81300     -1.78772     -1.76315
     -1.73924     -1.71595     -1.69318     -1.67098     -1.64945     -1.62847
     -1.60802     -1.58808     -1.56862     -1.54964     -1.53110     -1.51301
     -1.49534     -1.47808     -1.46121     -1.44472     -1.42860     -1.41284
     -1.39742     -1.38233     -1.36757     -1.35311     -1.33896
     -4.04877     -3.92466     -3.80794     -3.69796     -3.59415     -3.49601
     -3.40309     -3.31498     -3.23132     -3.15178     -3.07606     -3.00389
     -2.93503     -2.86926     -2.80637     -2.74630     -2.68875     -2.63350
     -2.58043     -2.52944     -2.48040     -2.43322     -2.38781     -2.34407
     -2.30191     -2.26126     -2.22202     -2.18413     -2.14751     -2.11209
     -2.07783     -2.04464     -2.01250     -1.98135     -1.95114     -1.92185
     -1.89343     -1.86586     -1.83909     -1.81309     -1.78782     -1.76320
     -1.73920     -1.71576     -1.69308     -1.67098     -1.64945     -1.62847
     -1.60802     -1.58808     -1.56862     -1.54964     -1.53110     -1.51301
     -1.49534     -1.47808     -1.46121     -1.44472     -1.42860     -1.41284
     -1.39742     -1.38233     -1.36757     -1.35311     -1.33896
     -4.04877     -3.92466     -3.80794     -3.69796     -3.59415     -3.49601
     -3.40309     -3.31498     -3.23132     -3.15178     -3.07606     -3.00389
     -2.93503     -2.86926     -2.80637     -2.74617     -2.68866     -2.63346
     -2.58043     -2.52946     -2.48045     -2.43329     -2.38788     -2.34414
     -2.30197     -2.26130     -2.22204     -2.18413     -2.14749     -2.11207
     -2.07779     -2.04462     -2.01249     -1.98136     -1.95118     -1.92192
     -1.89352     -1.86596     -1.83918     -1.81313     -1.78776     -1.76301
     -1.73907     -1.71576     -1.69308     -1.67098     -1.64945     -1.62847
     -1.60802     -1.58808     -1.56862     -1.54964     -1.53110     -1.51301
     -1.49534     -1.47808     -1.46121     -1.44472     -1.42860     -1.41284
     -1.39742     -1.38233     -1.36757     -1.35311     -1.33896
     -4.04877     -3.92466     -3.80794     -3.69796     -3.59415     -3.49601
     -3.40309     -3.31498     -3.23132     -3.15178     -3.07606     -3.00389
     -2.93503     -2.86926     -2.80637     -2.74617     -2.68852     -2.63336
     -2.58037     -2.52945     -2.48046     -2.43333     -2.38794     -2.34421
     -2.30204     -2.26137     -2.22212     -2.18420     -2.14757     -2.11214
     -2.07787     -2.04470     -2.01257     -1.98145     -1.95127     -1.92200
     -1.89358     -1.86596     -1.83909     -1.81294     -1.78763     -1.76301
     -1.73907     -1.71576     -1.69308     -1.67098     -1.64945     -1.62847
     -1.60802     -1.58808     -1.56862     -1.54964     -1.53110     -1.51301
     -1.49534     -1.47808     -1.46121     -1.44472     -1.42860     -1.41284
     -1.39742     -1.38233     -1.36757     -1.35311     -1.33896
     -4.04877     -3.92466     -3.80794     -3.69796     -3.59415     -3.49601
     -3.40309     -3.31498     -3.23132     -3.15178     -3.07606     -3.00389
     -2.93503     -2.86926     -2.80637     -2.74617     -2.68851     -2.63322
     -2.58027     -2.52937     -2.48042     -2.43331     -2.38795     -2.34423
     -2.30209     -2.26143     -2.22218     -2.18427     -2.14764     -2.11221
     -2.07794     -2.04476     -2.01263     -1.98148     -1.95126     -1.92193
     -1.89342     -1.86578     -1.83898     -1.81294     -1.78763     -1.76301
     -1.73907     -1.71576     -1.69308     -1.67098     -1.64945     -1.62847
     -1.60802     -1.58808     -1.56862     -1.54964     -1.53110     -1.51301
     -1.49534     -1.47808     -1.46121     -1.44472     -1.42860     -1.41284
     -1.39742     -1.38233     -1.36757     -1.35311     -1.33896
     -4.04877     -3.92466     -3.80794     -3.69796     -3.59415     -3.49601
     -3.40309     -3.31498     -3.23132     -3.15178     -3.07606     -3.00389
     -2.93503     -2.86926     -2.80637     -2.74617     -2.68851     -2.63322
     -2.58015     -2.52923     -2.48031     -2.43323     -2.38789     -2.34419
     -2.30206     -2.26141     -2.22217     -2.18427     -2.14763     -2.11220
     -2.07791     -2.04470     -2.01253     -1.98132     -1.95107     -1.92179
     -1.89337     -1.86578     -1.83898     -1.81294     -1.78763     -1.76301
     -1.73907     -1.71576     -1.69308     -1.67098     -1.64945     -1.62847
     -1.60802     -1.58808     -1.56862     -1.54964     -1.53110     -1.51301
     -1.49534     -1.47808     -1.46121     -1.44472     -1.42860     -1.41284
     -1.39742     -1.38233     -1.36757     -1.35311     -1.33896
     -4.04877     -3.92466     -3.80794     -3.69796     -3.59415     -3.49601
     -3.40309     -3.31498     -3.23132     -3.15178     -3.07606     -3.00389
     -2.93503     -2.86926     -2.80637     -2.74617     -2.68851     -2.63322
     -2.58015     -2.52919     -2.48019     -2.43306     -2.38773     -2.34405
     -2.30193     -2.26129     -2.22205     -2.18414     -2.14749     -2.11203
     -2.07772     -2.04454     -2.01241     -1.98127     -1.95107     -1.92179
     -1.89337     -1.86578     -1.83898     -1.81294     -1.78763     -1.76301
     -1.73907     -1.71576     -1.69308     -1.67098     -1.64945     -1.62847
     -1.60802     -1.58808     -1.56862     -1.54964     -1.53110     -1.51301
     -1.49534     -1.47808     -1.46121     -1.44472     -1.42860     -1.41284
     -1.39742     -1.38233     -1.36757     -1.35311     -1.33896
     -4.04877     -3.92466     -3.80794     -3.69796     -3.59415     -3.49601
     -3.40309     -3.31498     -3.23132     -3.15178     -3.07606     -3.00389
     -2.93503     -2.86926     -2.80637     -2.74617     -2.68851     -2.63322
     -2.58015     -2.52919     -2.48019     -2.43306     -2.38769     -2.34398
     -2.30184     -2.26119     -2.22195     -2.18404     -2.14741     -2.11199
     -2.07772     -2.04454     -2.01241     -1.98127     -1.95107     -1.92179
     -1.89337     -1.86578     -1.83898     -1.81294     -1.78763     -1.76301
     -1.73907     -1.71576     -1.69308     -1.67098     -1.64945     -1.62847
     -1.60802     -1.58808     -1.56862     -1.54964     -1.53110     -1.51301
     -1.49534     -1.47808     -1.46121     -1.44472     -1.42860     -1.41284
     -1.39742     -1.38233     -1.36757     -1.35311     -1.33896
     -4.04877     -3.92466     -3.80794     -3.69796     -3.59415     -3.49601
     -3.40309     -3.31498     -3.23132     -3.15178     -3.07606     -3.00389
     -2.93503     -2.86926     -2.80637     -2.74617     -2.68851     -2.63322
     -2.58015     -2.52919     -2.48019     -2.43306     -2.38769     -2.34398
     -2.30184     -2.26119     -2.22195     -2.18404     -2.14741     -2.11199
     -2.07772     -2.04454     -2.01241     -1.98127     -1.95107     -1.92179
     -1.89337     -1.86578     -1.83898     -1.81294     -1.78763     -1.76301
     -1.73907     -1.71576     -1.69308     -1.67098     -1.64945     -1.62847
     -1.60802     -1.58808     -1.56862     -1.54964     -1.53110     -1.51301
     -1.49534     -1.47808     -1.46121     -1.44472     -1.42860     -1.41284
     -1.39742     -1.38233     -1.36757     -1.35311     -1.33896
     -4.04877     -3.92466     -3.80794     -3.69796     -3.59415     -3.49601
     -3.40309     -3.31498     -3.23132     -3.15178     -3.07606     -3.00389
     -2.93503     -2.86926     -2.80637     -2.74617     -2.68851     -2.63322
     -2.58015     -2.52919     -2.48019     -2.43306     -2.38769     -2.34398
     -2.30184     -2.26119     -2.22195     -2.18404     -2.14741     -2.11199
     -2.07772     -2.04454     -2.01241     -1.98127     -1.95107     -1.92179
     -1.89337     -1.86578     -1.83898     -1.81294     -1.78763     -1.76301
     -1.73907     -1.71576     -1.69308     -1.67098     -1.64945     -1.62847
     -1.60802     -1.58808     -1.56862     -1.54964     -1.53110     -1.51301
     -1.49534     -1.47808     -1.46121     -1.44472     -1.42860     -1.41284
     -1.39742     -1.38233     -1.36757     -1.35311     -1.33896
     -4.04877     -3.92466     -3.80794     -3.69796     -3.59415     -3.49601
     -3.40309     -3.31498     -3.23132     -3.15178     -3.07606     -3.00389
     -2.93503     -2.86926     -2.80637     -2.74617     -2.68851     -2.63322
     -2.58015     -2.52919     -2.48019     -2.43306     -2.38769     -2.34398
     -2.30184     -2.26119     -2.22195     -2.18404     -2.14741     -2.11199
     -2.07772     -2.04454     -2.01241     -1.98127     -1.95107     -1.92179
     -1.89337     -1.86578     -1.83898     -1.81294     -1.78763     -1.76301
     -1.73907     -1.71576     -1.69308     -1.67098     -1.64945     -1.62847
     -1.60802     -1.58808     -1.56862     -1.54964     -1.53110     -1.51301
     -1.49534     -1.47808     -1.46121     -1.44472     -1.42860     -1.41284
     -1.39742     -1.38233     -1.36757     -1.35311     -1.33896
     -4.04877     -3.92466     -3.80794     -3.69796     -3.59415     -3.49601
     -3.40309     -3.31498     -3.23132     -3.15178     -3.07606     -3.00389
     -2.93503     -2.86926     -2.80637     -2.74617     -2.68851     -2.63322
     -2.58015     -2.52919     -2.48019     -2.43306     -2.38769     -2.34398
     -2.30184     -2.26119     -2.22195     -2.18404     -2.14741     -2.11199
     -2.07772     -2.04454     -2.01241     -1.98127     -1.95107     -1.92179
     -1.89337     -1.86578     -1.83898     -1.81294     -1.78763     -1.76301
     -1.73907     -1.71576     -1.69308     -1.67098     -1.64945     -1.62847
     -1.60802     -1.58808     -1.56862     -1.54964     -1.53110     -1.51301
     -1.49534     -1.47808     -1.46121     -1.44472     -1.42860     -1.41284
     -1.39742     -1.38233     -1.36757     -1.35311     -1.33896
     -4.04877     -3.92466     -3.80794     -3.69796     -3.59415     -3.49601
     -3.40309     -3.31498     -3.23132     -3.15178     -3.07606     -3.00389
     -2.93503     -2.86926     -2.80637     -2.74617     -2.68851     -2.63322
     -2.58015     -2.52919     -2.48019     -2.43306     -2.38769     -2.34398
     -2.30184     -2.26119     -2.22195     -2.18404     -2.14741     -2.11199
     -2.07772     -2.04454     -2.01241     -1.98127     -1.95107     -1.92179
     -1.89337     -1.86578     -1.83898     -1.81294     -1.78763     -1.76301
     -1.73907     -1.71576     -1.69308     -1.67098     -1.64945     -1.62847
     -1.60802     -1.58808     -1.56862     -1.54964     -1.53110     -1.51301
     -1.49534     -1.47808     -1.46121     -1.44472     -1.42860     -1.41284
     -1.39742     -1.38233     -1.36757     -1.35311     -1.33896
     -4.04877     -3.92466     -3.80794     -3.69796     -3.59415     -3.49601
     -3.40309     -3.31498     -3.23132     -3.15178     -3.07606     -3.00389
     -2.93503     -2.86926     -2.80637     -2.74617     -2.68851     -2.63322
     -2.58015     -2.52919     -2.48019     -2.43306     -2.38769     -2.34398
     -2.30184     -2.26119     -2.22195     -2.18404     -2.14741     -2.11199
     -2.07772     -2.04454     -2.01241     -1.98127     -1.95107     -1.92179
     -1.89337     -1.86578     -1.83898     -1.81294     -1.78763     -1.76301
     -1.73907     -1.71576     -1.69308     -1.67098     -1.64945     -1.62847
     -1.60802     -1.58808     -1.56862     -1.54964     -1.53110     -1.51301
     -1.49534     -1.47808     -1.46121     -1.44472     -1.42860     -1.41284
     -1.39742     -1.38233     -1.36757     -1.35311     -1.33896
     -4.04877     -3.92466     -3.80794     -3.69796     -3.59415     -3.49601
     -3.40309     -3.31498     -3.23132     -3.15178     -3.07606     -3.00389
     -2.93503     -2.86926     -2.80637     -2.74617     -2.68851     -2.63322
     -2.58015     -2.52919     -2.48019     -2.43306     -2.38769     -2.34398
     -2.30184     -2.26119     -2.22195     -2.18404     -2.14741     -2.11199
     -2.07772     -2.04454     -2.01241     -1.98127     -1.95107     -1.92179
     -1.89337     -1.86578     -1.83898     -1.81294     -1.78763     -1.76301
     -1.73907     -1.71576     -1.69308     -1.67098     -1.64945     -1.62847
     -1.60802     -1.58808     -1.56862     -1.54964     -1.53110     -1.51301
     -1.49534     -1.47808     -1.46121     -1.44472     -1.42860     -1.41284
     -1.39742     -1.38233     -1.36757     -1.35311     -1.33896
     -4.04877     -3.92466     -3.80794     -3.69796     -3.59415     -3.49601
     -3.40309     -3.31498     -3.23132     -3.15178     -3.07606     -3.00389
     -2.93503     -2.86926     -2.80637     -2.74617     -2.68851     -2.63322
     -2.58015     -2.52919     -2.48019     -2.43306     -2.38769     -2.34398
     -2.30184     -2.26119     -2.22195     -2.18404     -2.14741     -2.11199
     -2.07772     -2.04454     -2.01241     -1.98127     -1.95107     -1.92179
     -1.89337     -1.86578     -1.83898     -1.81294     -1.78763     -1.76301
     -1.73907     -1.71576     -1.69308     -1.67098     -1.64945     -1.62847
     -1.60802     -1.58808     -1.56862     -1.54964     -1.53110     -1.51301
     -1.49534     -1.47808     -1.46121     -1.44472     -1.42860     -1.41284
     -1.39742     -1.38233     -1.36757     -1.35311     -1.33896
     -4.04877     -3.92466     -3.80794     -3.69796     -3.59415     -3.49601
     -3.40309     -3.31498     -3.23132     -3.15178     -3.07606     -3.00389
     -2.93503     -2.86926     -2.80637     -2.74617     -2.68851     -2.63322
     -2.58015     -2.52919     -2.48019     -2.43306     -2.38769     -2.34398
     -2.30184     -2.26119     -2.22195     -2.18404     -2.14741     -2.11199
     -2.07772     -2.04454     -2.01241     -1.98127     -1.95107     -1.92179
     -1.89337     -1.86578     -1.83898     -1.81294     -1.78763     -1.76301
     -1.73907     -1.71576     -1.69308     -1.67098     -1.64945     -1.62847
     -1.60802     -1.58808     -1.56862     -1.54964     -1.53110     -1.51301
     -1.49534     -1.47808     -1.46121     -1.44472     -1.42860     -1.41284
     -1.39742     -1.38233     -1.36757     -1.35311     -1.33896
     -4.04877     -3.92466     -3.80794     -3.69796     -3.59415     -3.49601
     -3.40309     -3.31498     -3.23132     -3.15178     -3.07606     -3.00389
     -2.93503     -2.86926     -2.80637     -2.74617     -2.68851     -2.63322
     -2.58015     -2.52919     -2.48019     -2.43306     -2.38769     -2.34398
     -2.30184     -2.26119     -2.22195     -2.18404     -2.14741     -2.11199
     -2.07772     -2.04454     -2.01241     -1.98127     -1.95107     -1.92179
     -1.89337     -1.86578     -1.83898     -1.81294     -1.78763     -1.76301
     -1.73907     -1.71576     -1.69308     -1.67098     -1.64945     -1.62847
     -1.60802     -1.58808     -1.56862     -1.54964     -1.53110     -1.51301
     -1.49534     -1.47808     -1.46121     -1.44472     -1.42860     -1.41284
     -1.39742     -1.38233     -1.36757     -1.35311     -1.33896
     -4.04877     -3.92466     -3.80794     -3.69796     -3.59415     -3.49601
     -3.40309     -3.31498     -3.23132     -3.15178     -3.07606     -3.00389
     -2.93503     -2.86926     -2.80637     -2.74617     -2.68851     -2.63322
     -2.58015     -2.52919     -2.48019     -2.43306     -2.38769     -2.34398
     -2.30184     -2.26119     -2.22195     -2.18404     -2.14741     -2.11199
     -2.07772     -2.04454     -2.01241     -1.98127     -1.95107     -1.92179
     -1.89337     -1.86578     -1.83898     -1.81294     -1.78763     -1.76301
     -1.73907     -1.71576     -1.69308     -1.67098     -1.64945     -1.62847
     -1.60802     -1.58808     -1.56862     -1.54964     -1.53110     -1.51301
     -1.49534     -1.47808     -1.46121     -1.44472     -1.42860     -1.41284
     -1.39742     -1.38233     -1.36757     -1.35311     -1.33896
     -4.04877     -3.92466     -3.80794     -3.69796     -3.59415     -3.49601
     -3.40309     -3.31498     -3.23132     -3.15178     -3.07606     -3.00389
     -2.93503     -2.86926     -2.80637     -2.74617     -2.68851     -2.63322
     -2.58015     -2.52919     -2.48019     -2.43306     -2.38769     -2.34398
     -2.30184     -2.26119     -2.22195     -2.18404     -2.14741     -2.11199
     -2.07772     -2.04454     -2.01241     -1.98127     -1.95107     -1.92179
     -1.89337     -1.86578     -1.83898     -1.81294     -1.78763     -1.76301
     -1.73907     -1.71576     -1.69308     -1.67098     -1.64945     -1.62847
     -1.60802     -1.58808     -1.56862     -1.54964     -1.53110     -1.51301
     -1.49534     -1.47808     -1.46121     -1.44472     -1.42860     -1.41284
     -1.39742     -1.38233     -1.36757     -1.35311     -1.33896
