      1.12057      0.00000
      1.12005     0.100000
      1.12409     0.200000
      1.13219     0.288583
      1.13966     0.350000
      1.15562     0.450000
      1.16592     0.500000
      1.18531     0.582169
      1.20432     0.650000
      1.22105     0.700000
      1.24039     0.750000
      1.26500     0.804579
      1.29288     0.850000
      1.33316     0.900000
      1.37125     0.931830
      1.40413     0.950000
      1.45094     0.967460
      1.50406     0.973571
      1.55719     0.969748
      1.61031     0.956767
      1.63688     0.946441
      1.69000     0.923615
      1.73137     0.900000
      1.76969     0.876609
      1.80677     0.850000
      1.84938     0.817589
      1.87594     0.794879
      1.92601     0.750000
      1.95563     0.722266
      1.98219     0.695027
      2.02371     0.650000
      2.06188     0.604663
      2.08844     0.568662
      2.11500     0.528872
      2.14156     0.484603
      2.16812     0.434891
      2.19469     0.378483
      2.22125     0.313459
      2.24266     0.250000
      2.25708     0.200000
      2.27437     0.111175
      2.27976    0.0500000
      2.27437   -0.0358191
      2.26299    -0.100000
      2.24781    -0.153741
      2.22125    -0.220487
      2.19469    -0.275070
      2.16812    -0.322455
      2.14156    -0.364785
      2.11500    -0.403127
      2.07813    -0.450000
      2.03586    -0.500000
      2.00875    -0.528881
      1.98219    -0.556401
      1.93706    -0.600000
      1.90250    -0.632336
      1.87594    -0.656666
      1.82651    -0.700000
      1.79625    -0.726159
      1.76716    -0.750000
      1.71656    -0.793446
      1.69000    -0.816859
      1.64999    -0.850000
      1.61031    -0.885016
      1.58375    -0.908312
      1.53431    -0.950000
      1.50406    -0.976515
      1.47237     -1.00000
      1.42438     -1.04228
      1.38875     -1.06925
      1.36614     -1.08850
      1.34469     -1.04502
      1.31813    -0.984797
      1.29156    -0.916784
      1.26944    -0.850000
      1.25242    -0.800000
      1.23648    -0.750000
      1.21187    -0.659282
      1.19824    -0.600000
      1.18531    -0.539384
      1.16828    -0.450000
      1.15875    -0.392574
      1.14525    -0.300000
      1.13404    -0.200000
      1.12907    -0.150000
      1.12243   -0.0500000
      1.12057      0.00000
      0.00000      0.00000
      0.00000      0.00000
      0.00000      0.00000
      0.00000      0.00000
      0.00000      0.00000
