   -0.0376490   -0.0469379   -0.0571444   -0.0682639   -0.0801865   -0.0926854
    -0.105431    -0.118040    -0.126829    -0.128024    -0.129944    -0.136210
    -0.144244    -0.149417    -0.152420    -0.153489    -0.152609    -0.149625
    -0.144176    -0.135539    -0.122347    -0.108999   -0.0988671   -0.0908823
   -0.0845143   -0.0795302   -0.0758873   -0.0737105   -0.0733275   -0.0752377
   -0.0752230   -0.0718690   -0.0655737   -0.0560698   -0.0432027   -0.0265069
  -0.00757107   0.00934264    0.0248909    0.0394911    0.0534118    0.0668304
    0.0798646    0.0925908     0.105055     0.117279     0.129269     0.141015
     0.152495     0.163679     0.174526     0.184992     0.195026     0.204577
     0.213594     0.222030     0.229841     0.236993     0.243461     0.249229
     0.254296     0.258671     0.262371     0.265426     0.267874
   -0.0395556   -0.0501511   -0.0621926   -0.0758515   -0.0911119    -0.107647
    -0.122693    -0.132272    -0.135587    -0.132461    -0.130657    -0.132342
    -0.135532    -0.138101    -0.139550    -0.139687    -0.138354    -0.135365
    -0.130490    -0.123477    -0.114304    -0.104725   -0.0963525   -0.0892565
   -0.0833451   -0.0785724   -0.0749793   -0.0727256   -0.0721496   -0.0737237
   -0.0734180   -0.0697858   -0.0631648   -0.0534164   -0.0403097   -0.0233166
  -0.00414335    0.0131719    0.0292378    0.0444542    0.0590733    0.0732605
    0.0871250     0.100737     0.114139     0.127349     0.140366     0.153175
     0.165744     0.178030     0.189977     0.201522     0.212594     0.223119
     0.233023     0.242233     0.250689     0.258338     0.265144     0.271087
     0.276167     0.280398     0.283813     0.286457     0.288385
   -0.0382158   -0.0494365   -0.0626590   -0.0786047   -0.0975350    -0.112618
    -0.122239    -0.126110    -0.124011    -0.120981    -0.119285    -0.118910
    -0.119288    -0.119775    -0.119875    -0.119259    -0.117710    -0.115092
    -0.111344    -0.106523    -0.100868   -0.0948061   -0.0887830   -0.0831004
   -0.0779184   -0.0733198   -0.0693559   -0.0660616   -0.0634289   -0.0611555
   -0.0578616   -0.0526158   -0.0452112   -0.0355421   -0.0235301  -0.00923075
   0.00638548    0.0219461    0.0372000    0.0521662    0.0669023    0.0814651
    0.0959007     0.110241     0.124501     0.138684     0.152774     0.166740
     0.180536     0.194101     0.207356     0.220210     0.232562     0.244300
     0.255312     0.265491     0.274741     0.282982     0.290160     0.296246
     0.301244     0.305181     0.308114     0.310114     0.311270
   -0.0326751   -0.0432090   -0.0556460   -0.0705277   -0.0872341   -0.0979736
    -0.101779    -0.102505    -0.102670    -0.102631    -0.102646    -0.102801
    -0.103014    -0.103107    -0.102878    -0.102151    -0.100794   -0.0987309
   -0.0959431   -0.0924800   -0.0884579   -0.0840424   -0.0794123   -0.0747213
   -0.0700772   -0.0655373   -0.0611062   -0.0567245   -0.0522415   -0.0473816
   -0.0417707   -0.0350551   -0.0269969   -0.0174852  -0.00653426   0.00569689
    0.0189064    0.0327510    0.0469739    0.0614303    0.0760510    0.0908068
     0.105686     0.120683     0.135787     0.150982     0.166238     0.181512
     0.196741     0.211841     0.226709     0.241215     0.255212     0.268535
     0.281010     0.292468     0.302754     0.311741     0.319342     0.325519
     0.330281     0.333684     0.335824     0.336828     0.336836
   -0.0229710   -0.0316281   -0.0416978   -0.0530414   -0.0642431   -0.0710294
   -0.0758604   -0.0793490   -0.0819032   -0.0838115   -0.0852681   -0.0863796
   -0.0871756   -0.0876291   -0.0876821   -0.0872696   -0.0863366   -0.0848496
   -0.0828030   -0.0802219   -0.0771585   -0.0736839   -0.0698748   -0.0657993
   -0.0615050   -0.0570102   -0.0522969   -0.0473060   -0.0419335   -0.0360355
   -0.0294463   -0.0220078   -0.0135991  -0.00415579   0.00632192    0.0177707
    0.0300788    0.0431135    0.0567506    0.0708921    0.0854696     0.100439
     0.115771     0.131446     0.147446     0.163747     0.180317     0.197106
     0.214046     0.231039     0.247953     0.264618     0.280823     0.296320
     0.310835     0.324087     0.335816     0.345806     0.353915     0.360082
     0.364339     0.366800     0.367643     0.367090     0.365379
  -0.00950612   -0.0154919   -0.0242230   -0.0334332   -0.0417876   -0.0489356
   -0.0548267   -0.0596142   -0.0634859   -0.0666081   -0.0691095   -0.0710783
   -0.0725642   -0.0735858   -0.0741403   -0.0742139   -0.0737913   -0.0728625
   -0.0714273   -0.0694974   -0.0670946   -0.0642478   -0.0609872   -0.0573380
   -0.0533142   -0.0489135   -0.0441139   -0.0388720   -0.0331242   -0.0267913
   -0.0197876   -0.0120321  -0.00346013   0.00596823    0.0162636    0.0274086
    0.0393635    0.0520763    0.0654927    0.0795646    0.0942542     0.109535
     0.125390     0.141808     0.158782     0.176302     0.194350     0.212893
     0.231878     0.251212     0.270758     0.290311     0.309586     0.328213
     0.345742     0.361685     0.375575     0.387023     0.395772     0.401730
     0.404979     0.405759     0.404426     0.401396     0.397080
   0.00303427  -0.00109604  -0.00880463   -0.0173743   -0.0251599   -0.0321068
   -0.0381999   -0.0434683   -0.0479726   -0.0517843   -0.0549706   -0.0575862
   -0.0596700   -0.0612459   -0.0623254   -0.0629114   -0.0630030   -0.0625983
   -0.0616974   -0.0603034   -0.0584224   -0.0560623   -0.0532305   -0.0499311
   -0.0461621   -0.0419127   -0.0371622   -0.0318788   -0.0260217   -0.0195432
   -0.0123932  -0.00452395   0.00410486    0.0135225    0.0237452    0.0347766
    0.0466101    0.0592327    0.0726295    0.0867878     0.101700     0.117366
     0.133792     0.150992     0.168984     0.187791     0.207432     0.227923
     0.249259     0.271409     0.294284     0.317706     0.341354     0.364704
     0.386995     0.407299     0.424692     0.438433     0.448049     0.453377
     0.454600     0.452253     0.447121     0.440042     0.431747
    0.0130319    0.0100060   0.00301103  -0.00494052   -0.0122889   -0.0190035
   -0.0250672   -0.0304834   -0.0352710   -0.0394580   -0.0430749   -0.0461500
   -0.0487059   -0.0507585   -0.0523172   -0.0533856   -0.0539636   -0.0540483
   -0.0536355   -0.0527206   -0.0512990   -0.0493662   -0.0469172   -0.0439453
   -0.0404413   -0.0363913   -0.0317766   -0.0265730   -0.0207518   -0.0142807
  -0.00712649  0.000743614   0.00935921    0.0187454    0.0289218    0.0399033
    0.0517005    0.0643223    0.0777778    0.0920791     0.107244     0.123296
     0.140269     0.158206     0.177162     0.197202     0.218404     0.240858
     0.264660     0.289911     0.316696     0.345046     0.374849     0.405639
     0.436222     0.464309     0.487770     0.505348     0.516281     0.520199
     0.517217     0.508485     0.496279     0.482443     0.468165
    0.0206848    0.0183265    0.0120088   0.00456959  -0.00239326  -0.00885110
   -0.0147890   -0.0202033   -0.0250987   -0.0294849   -0.0333736   -0.0367762
   -0.0397020   -0.0421566   -0.0441422   -0.0456568   -0.0466949   -0.0472478
   -0.0473038   -0.0468491   -0.0458685   -0.0443467   -0.0422702   -0.0396272
   -0.0364055   -0.0325915   -0.0281688   -0.0231180   -0.0174172   -0.0110426
  -0.00396878   0.00382950    0.0123770    0.0216972    0.0318123    0.0427430
    0.0545102    0.0671352    0.0806425    0.0950608     0.110426     0.126781
     0.144183     0.162702     0.182425     0.203462     0.225949     0.250058
     0.276005     0.304066     0.334601     0.368090     0.405202     0.446982
     0.494373     0.536905     0.570129     0.593773     0.607256     0.609305
     0.599581     0.575886     0.549637     0.525184     0.502841
    0.0264050    0.0244651    0.0186508    0.0116330   0.00502554  -0.00115551
  -0.00691008   -0.0122399   -0.0171470   -0.0216334   -0.0257010   -0.0293502
   -0.0325803   -0.0353881   -0.0377677   -0.0397100   -0.0412023   -0.0422277
   -0.0427651   -0.0427881   -0.0422662   -0.0411674   -0.0394700   -0.0371638
   -0.0342394   -0.0306861   -0.0264908   -0.0216381   -0.0161103  -0.00988835
  -0.00295171   0.00472107    0.0131521    0.0223640    0.0323799    0.0432241
    0.0549222    0.0675028    0.0809984    0.0954473     0.110895     0.127399
     0.145027     0.163866     0.184022     0.205631     0.228865     0.253943
     0.281155     0.310882     0.343648     0.380190     0.421579     0.469414
     0.525928     0.584077     0.628469     0.658980     0.675944     0.679145
     0.666517     0.636813     0.594924     0.559231     0.529027
    0.0304028    0.0287550    0.0231096    0.0164916    0.0102924   0.00445117
  -0.00105777  -0.00624308   -0.0111046   -0.0156379   -0.0198366   -0.0236929
   -0.0271976   -0.0303402   -0.0331080   -0.0354859   -0.0374550   -0.0389920
   -0.0400665   -0.0406382   -0.0406496   -0.0400117   -0.0386916   -0.0367180
   -0.0340920   -0.0308098   -0.0268615   -0.0222338   -0.0169123   -0.0108809
  -0.00412248   0.00338184    0.0116521    0.0207099    0.0305781    0.0412818
    0.0528483    0.0653084    0.0786971    0.0930555     0.108432     0.124885
     0.142485     0.161318     0.181492     0.203139     0.226425     0.251563
     0.278823     0.308556     0.341223     0.377430     0.417980     0.463910
     0.516525     0.577003     0.627908     0.663372     0.683972     0.689895
     0.681526     0.656786     0.615253     0.572993     0.538709
    0.0318189    0.0300235    0.0250990    0.0192919    0.0137338   0.00835447
   0.00315533  -0.00184943  -0.00664292   -0.0112080   -0.0155279   -0.0195863
   -0.0233670   -0.0268536   -0.0300288   -0.0328739   -0.0353683   -0.0374883
   -0.0392068   -0.0404925   -0.0413105   -0.0412051   -0.0401174   -0.0384323
   -0.0360793   -0.0330654   -0.0293736   -0.0249856   -0.0198903   -0.0140748
  -0.00752472 -0.000223832   0.00784607    0.0167049    0.0263745    0.0368785
    0.0482432    0.0604978    0.0736754    0.0878138     0.102957     0.119156
     0.136473     0.154979     0.174762     0.195928     0.218603     0.242940
     0.269126     0.297385     0.327982     0.361229     0.397477     0.437107
     0.480527     0.528290     0.577309     0.611278     0.632218     0.641202
     0.637779     0.622961     0.595053     0.557211     0.526325
    0.0317940    0.0294260    0.0255233    0.0208918    0.0160415    0.0111168
   0.00620043   0.00134499  -0.00341086  -0.00803600   -0.0125038   -0.0167906
   -0.0208746   -0.0247353   -0.0283529   -0.0317076   -0.0347794   -0.0375467
   -0.0399868   -0.0420768   -0.0433939   -0.0439006   -0.0435672   -0.0423806
   -0.0402357   -0.0375117   -0.0341022   -0.0299561   -0.0250943   -0.0195084
   -0.0131878  -0.00611791   0.00171784    0.0103377    0.0197616    0.0300108
    0.0411084    0.0530796    0.0659520    0.0797561    0.0945262     0.110301
     0.127124     0.145045     0.164121     0.184415     0.205999     0.228950
     0.253349     0.279273     0.306786     0.335915     0.366607     0.398661
     0.431580     0.464256     0.494414     0.519047     0.536367     0.545824
     0.547417     0.541538     0.529207     0.512637     0.494941
    0.0331993    0.0307912    0.0269769    0.0226093    0.0180421    0.0133361
   0.00855009   0.00373427  -0.00106893  -0.00582340   -0.0104978   -0.0150644
   -0.0194983   -0.0237771   -0.0278803   -0.0317892   -0.0354866   -0.0389547
   -0.0421687   -0.0447174   -0.0465640   -0.0476739   -0.0480157   -0.0475624
   -0.0462882   -0.0441936   -0.0412077   -0.0371888   -0.0325526   -0.0271963
   -0.0211195   -0.0143025  -0.00672902   0.00161847    0.0107578    0.0207073
    0.0314860    0.0431137    0.0556107    0.0689982    0.0832982    0.0985336
     0.114728     0.131906     0.150092     0.169308     0.189571     0.210893
     0.233266     0.256661     0.281005     0.306163     0.331898     0.357830
     0.383372     0.407686     0.429714     0.448362     0.462758     0.472404
     0.477197     0.477416     0.473711     0.467047     0.458516
    0.0350883    0.0326581    0.0289123    0.0245883    0.0200595    0.0153631
    0.0105388   0.00562665  0.000664580  -0.00431234  -0.00927227   -0.0141864
   -0.0190289   -0.0237765   -0.0284092   -0.0329111   -0.0372741   -0.0415070
   -0.0451746   -0.0482304   -0.0506357   -0.0523553   -0.0533554   -0.0536030
   -0.0530649   -0.0517069   -0.0494840   -0.0463468   -0.0422647   -0.0371019
   -0.0313026   -0.0247597   -0.0174739  -0.00942574 -0.000600134   0.00901832
    0.0194444    0.0306923    0.0427749    0.0557036    0.0694880    0.0841354
    0.0996507     0.116035     0.133285     0.151390     0.170327     0.190060
     0.210532     0.231653     0.253294     0.275271     0.297327     0.319121
     0.340218     0.360101     0.378203     0.393982     0.406993     0.416953
     0.423778     0.427586     0.428679     0.427499     0.424547
    0.0374965    0.0350479    0.0312397    0.0268440    0.0222140    0.0173792
    0.0123744   0.00723601   0.00199967  -0.00330086  -0.00863442   -0.0139725
   -0.0192888   -0.0245589   -0.0297588   -0.0348637   -0.0398444   -0.0446623
   -0.0488860   -0.0525097   -0.0555121   -0.0578642   -0.0595334   -0.0604846
   -0.0606814   -0.0600853   -0.0586559   -0.0563508   -0.0531283   -0.0489420
   -0.0437650   -0.0374576   -0.0304927   -0.0227616   -0.0142690  -0.00499905
   0.00505907    0.0159154    0.0275771    0.0400463    0.0533209    0.0673943
    0.0822556    0.0978877     0.114266     0.131358     0.149117     0.167482
     0.186370     0.205674     0.225254     0.244933     0.264493     0.283670
     0.302162     0.319638     0.335763     0.350226     0.362769     0.373218
     0.381501     0.387647     0.391781     0.394102     0.394857
    0.0404325    0.0379590    0.0340367    0.0294781    0.0246269    0.0195208
    0.0142018   0.00871083   0.00308511  -0.00264178  -0.00844001   -0.0142829
   -0.0201465   -0.0260086   -0.0318480   -0.0376417   -0.0433576   -0.0486044
   -0.0533420   -0.0575368   -0.0611557   -0.0641639   -0.0665248   -0.0682004
   -0.0691515   -0.0693378   -0.0687185   -0.0672526   -0.0648992   -0.0616179
   -0.0573692   -0.0521100   -0.0458175   -0.0383509   -0.0302133   -0.0212958
   -0.0116078  -0.00113507    0.0101299    0.0221781    0.0349951    0.0485620
    0.0628548    0.0778434    0.0934905     0.109749     0.126562     0.143857
     0.161547     0.179525     0.197662     0.215808     0.233787     0.251404
     0.268446     0.284689     0.299918     0.313930     0.326556     0.337672
     0.347203     0.355128     0.361478     0.366327     0.369778
    0.0440714    0.0415781    0.0375310    0.0326815    0.0274473    0.0219060
    0.0161219    0.0101450   0.00401428  -0.00223879  -0.00858804   -0.0150112
   -0.0214892   -0.0280066   -0.0345539   -0.0411345   -0.0473346   -0.0531105
   -0.0584237   -0.0632376   -0.0675153   -0.0712184   -0.0743072   -0.0767404
   -0.0784759   -0.0794712   -0.0796835   -0.0790709   -0.0775924   -0.0752085
   -0.0718817   -0.0675760   -0.0622578   -0.0558909   -0.0484613   -0.0398297
   -0.0305286   -0.0204340  -0.00950208   0.00220508    0.0146598    0.0278307
    0.0416844    0.0561828    0.0712810    0.0869262     0.103057     0.119600
     0.136471     0.153575     0.170799     0.188020     0.205102     0.221898
     0.238253     0.254011     0.269020     0.283138     0.296239     0.308219
     0.318997     0.328518     0.336749     0.343679     0.349319
    0.0490476    0.0466213    0.0421977    0.0367203    0.0307921    0.0245789
    0.0181536    0.0115565   0.00481470  -0.00205091  -0.00902275   -0.0160851
   -0.0232230   -0.0304201   -0.0376541   -0.0448835   -0.0517009   -0.0581015
   -0.0640640   -0.0695583   -0.0745490   -0.0789967   -0.0828594   -0.0860929
   -0.0886518   -0.0904903   -0.0915628   -0.0918246   -0.0912327   -0.0897470
   -0.0873300   -0.0839480   -0.0795716   -0.0741760   -0.0677435   -0.0602610
   -0.0517555   -0.0421591   -0.0313084   -0.0198148  -0.00758406   0.00533274
    0.0189049    0.0330907    0.0478426    0.0631065    0.0788208    0.0949161
     0.111316     0.127934     0.144679     0.161451     0.178144     0.194647
     0.210847     0.226633     0.241893     0.256523     0.270424     0.283503
     0.295672     0.306846     0.316938     0.325863     0.333538
    0.0564333    0.0546430    0.0485753    0.0414731    0.0344443    0.0273547
    0.0201642    0.0128601   0.00544000  -0.00209380  -0.00973682   -0.0174839
   -0.0253310   -0.0332777   -0.0413333   -0.0490955   -0.0565216   -0.0635804
   -0.0702407   -0.0764686   -0.0822262   -0.0874714   -0.0921593   -0.0962419
   -0.0996699    -0.102393    -0.104361    -0.105525    -0.105839    -0.105258
    -0.103744    -0.101260   -0.0977779   -0.0932726   -0.0877256   -0.0811226
   -0.0734529   -0.0646956   -0.0548276   -0.0438550   -0.0316412   -0.0188465
  -0.00538649   0.00867241    0.0232860    0.0383990    0.0539514    0.0698780
    0.0861088     0.102570     0.119186     0.135875     0.152558     0.169153
     0.185579     0.201758     0.217613     0.233072     0.248061     0.262507
     0.276325     0.289411     0.301631     0.312806     0.322721
    0.0617119    0.0600320    0.0535076    0.0455627    0.0376926    0.0298249
    0.0219063    0.0139048   0.00580236  -0.00241029   -0.0107367   -0.0191767
   -0.0277277   -0.0363854   -0.0451460   -0.0535911   -0.0617137   -0.0694961
   -0.0769124   -0.0839299   -0.0905097   -0.0966076    -0.102175    -0.107160
    -0.111507    -0.115162    -0.118067    -0.120169    -0.121414    -0.121753
    -0.121143    -0.119544    -0.116924    -0.113255    -0.108518    -0.102699
   -0.0957884   -0.0877797   -0.0786693   -0.0684576   -0.0571418   -0.0447463
   -0.0311421   -0.0170354  -0.00234861    0.0128381    0.0284697    0.0444814
    0.0608079    0.0773848    0.0941488     0.111038     0.127991     0.144952
     0.161867     0.178689     0.195375     0.211889     0.228197     0.244264
     0.260048     0.275474     0.290410     0.304599     0.317559
    0.0656906    0.0639950    0.0569733    0.0485929    0.0401942    0.0317428
    0.0232121    0.0145806   0.00583292  -0.00304060   -0.0120451   -0.0211813
   -0.0304443   -0.0398197   -0.0492711   -0.0584203   -0.0672742   -0.0758219
   -0.0840404   -0.0918969   -0.0993508    -0.106355    -0.112856    -0.118797
    -0.124117    -0.128753    -0.132643    -0.135722    -0.137932    -0.139215
    -0.139521    -0.138804    -0.137027    -0.134160    -0.130181    -0.125077
    -0.118840    -0.111473    -0.102980   -0.0933728   -0.0826661   -0.0708764
   -0.0580146   -0.0441175   -0.0290578   -0.0135891   0.00236093    0.0186964
    0.0353508    0.0522695    0.0694016    0.0866996     0.104120     0.121627
     0.139191     0.156792     0.174423     0.192089     0.209810     0.227619
     0.245567     0.263711     0.282106     0.300734     0.318765
    0.0683746    0.0665596    0.0595261    0.0508457    0.0420501    0.0331308
    0.0240768    0.0148783   0.00552731  -0.00398253   -0.0136563   -0.0234993
   -0.0335191   -0.0437314   -0.0537622   -0.0635829   -0.0731732   -0.0825105
   -0.0915659    -0.100303    -0.108677    -0.116637    -0.124123    -0.131073
    -0.137418    -0.143087    -0.148008    -0.152109    -0.155321    -0.157577
    -0.158817    -0.158990    -0.158049    -0.155962    -0.152702    -0.148255
    -0.142616    -0.135791    -0.127792    -0.118640    -0.108359   -0.0969773
   -0.0845241   -0.0710265   -0.0565026   -0.0409956   -0.0243772  -0.00747435
   0.00970592    0.0271489    0.0448185    0.0626772    0.0806933    0.0988447
     0.117121     0.135525     0.154078     0.172822     0.191827     0.211198
     0.231085     0.251709     0.273398     0.296680     0.320621
    0.0706685    0.0687317    0.0615450    0.0526023    0.0434638    0.0341291
    0.0245972    0.0148685   0.00494345  -0.00517836   -0.0154977   -0.0260156
   -0.0367333   -0.0476531   -0.0583873   -0.0689412   -0.0793075   -0.0894681
   -0.0993945    -0.109049    -0.118383    -0.127341    -0.135859    -0.143865
    -0.151283    -0.158033    -0.164032    -0.169197    -0.173447    -0.176706
    -0.178904    -0.179977    -0.179872    -0.178549    -0.175978    -0.172141
    -0.167035    -0.160667    -0.153055    -0.144228    -0.134219    -0.123069
    -0.110816   -0.0974983   -0.0831452   -0.0677714   -0.0513570   -0.0338578
   -0.0160962   0.00200179    0.0203433    0.0388748    0.0575649    0.0763982
    0.0953743     0.114509     0.133840     0.153427     0.173364     0.193789
     0.214897     0.236963     0.260361     0.285588     0.312144
    0.0730165    0.0709972    0.0632929    0.0541187    0.0446596    0.0349153
    0.0249070    0.0146516   0.00415885  -0.00656671   -0.0175230   -0.0287073
   -0.0401100   -0.0517028   -0.0631372   -0.0744325   -0.0855884   -0.0965897
    -0.107408    -0.118004    -0.128327    -0.138315    -0.147899    -0.156998
    -0.165528    -0.173398    -0.180513    -0.186778    -0.192101    -0.196391
    -0.199565    -0.201550    -0.202282    -0.201712    -0.199805    -0.196539
    -0.191909    -0.185926    -0.178611    -0.170001    -0.160139    -0.149077
    -0.136869    -0.123569    -0.109228   -0.0938904   -0.0775933   -0.0603738
   -0.0422883   -0.0232017  -0.00399740    0.0153183    0.0347366    0.0542535
    0.0738743    0.0936172     0.113517     0.133630     0.154041     0.174868
     0.196281     0.218516     0.241908     0.266932     0.293246
    0.0744769    0.0720898    0.0650559    0.0557967    0.0459156    0.0356684
    0.0251264    0.0143158   0.00324514  -0.00808632   -0.0196853   -0.0315648
   -0.0437475   -0.0558824   -0.0679579   -0.0799686   -0.0919041    -0.103745
    -0.115460    -0.127006    -0.138329    -0.149363    -0.160031    -0.170245
    -0.179910    -0.188923    -0.197179    -0.204568    -0.210983    -0.216322
    -0.220485    -0.223388    -0.224955    -0.225126    -0.223860    -0.221129
    -0.216928    -0.211267    -0.204174    -0.195690    -0.185871    -0.174780
    -0.162486    -0.149060    -0.134573    -0.119087    -0.102657   -0.0853228
   -0.0671036   -0.0479758   -0.0278899  -0.00776229    0.0123949    0.0325741
    0.0527743    0.0730032    0.0932792     0.113633     0.134112     0.154777
     0.175710     0.197017     0.218835     0.241378     0.264644
    0.0791836    0.0773590    0.0687226    0.0580644    0.0473319    0.0364136
    0.0252717    0.0138880   0.00224821  -0.00966121   -0.0218548   -0.0343487
   -0.0471608   -0.0599268   -0.0726687   -0.0853949   -0.0981007    -0.110769
    -0.123368    -0.135854    -0.148170    -0.160244    -0.171992    -0.183318
    -0.194119    -0.204278    -0.213678    -0.222194    -0.229706    -0.236093
    -0.241244    -0.245058    -0.247448    -0.248343    -0.247691    -0.245462
    -0.241646    -0.236254    -0.229318    -0.220888    -0.211027    -0.199812
    -0.187328    -0.173663    -0.158905    -0.143135    -0.126426    -0.108837
   -0.0904069   -0.0711492   -0.0510526   -0.0300779  -0.00916255    0.0116749
    0.0324201    0.0530634    0.0736004    0.0940310     0.114356     0.134574
     0.154669     0.174595     0.194240     0.213346     0.231371
    0.0822471    0.0804933    0.0710793    0.0597666    0.0483998    0.0369010
    0.0252181    0.0133123   0.00115431   -0.0112800   -0.0240111   -0.0370568
   -0.0504346   -0.0637956   -0.0771722   -0.0905806    -0.104022    -0.117481
    -0.130929    -0.144320    -0.157594    -0.170674    -0.183471    -0.195881
    -0.207788    -0.219067    -0.229585    -0.239205    -0.247789    -0.255202
    -0.261317    -0.266018    -0.269204    -0.270793    -0.270723    -0.268959
    -0.265486    -0.260316    -0.253485    -0.245049    -0.235083    -0.223675
    -0.210925    -0.196939    -0.181822    -0.165677    -0.148595    -0.130658
    -0.111928   -0.0924469   -0.0722340   -0.0512822   -0.0295565  -0.00802362
    0.0132857    0.0343435    0.0551258    0.0756098    0.0957673     0.115558
     0.134921     0.153759     0.171927     0.189212     0.205341
    0.0832430    0.0813666    0.0721516    0.0605555    0.0488289    0.0369423
    0.0248565    0.0125350 -5.50628e-05   -0.0129417   -0.0261473   -0.0396847
   -0.0535468   -0.0674255   -0.0813658   -0.0953901    -0.109503    -0.123690
    -0.137923    -0.152154    -0.166321    -0.180343    -0.194125    -0.207554
    -0.220505    -0.232841    -0.244418    -0.255083    -0.264683    -0.273068
    -0.280096    -0.285634    -0.289569    -0.291805    -0.292274    -0.290930
    -0.287758    -0.282769    -0.276000    -0.267516    -0.257400    -0.245754
    -0.232691    -0.218335    -0.202808    -0.186232    -0.168719    -0.150371
    -0.131271    -0.111487   -0.0910620   -0.0700176   -0.0483512   -0.0260351
  -0.00408365    0.0174487    0.0385324    0.0591406    0.0792395    0.0987823
     0.117704     0.135920     0.153318     0.169765     0.185113
    0.0837385    0.0817806    0.0723453    0.0605774    0.0486530    0.0365366
    0.0241893    0.0115733  -0.00134710   -0.0146070   -0.0282429   -0.0422984
   -0.0564512   -0.0707184   -0.0851201   -0.0996684    -0.114363    -0.129190
    -0.144116    -0.159094    -0.174058    -0.188924    -0.203589    -0.217935
    -0.231829    -0.245122    -0.257657    -0.269270    -0.279792    -0.289060
    -0.296915    -0.303212    -0.307823    -0.310642    -0.311590    -0.310615
    -0.307698    -0.302850    -0.296111    -0.287551    -0.277262    -0.265358
    -0.251966    -0.237224    -0.221270    -0.204244    -0.186276    -0.167486
    -0.147975    -0.127829    -0.107110   -0.0858585   -0.0640968   -0.0418320
   -0.0190742   0.00300693    0.0244549    0.0452739    0.0654448    0.0849307
     0.103681     0.121630     0.138702     0.154814     0.169880
    0.0834852    0.0814369    0.0717426    0.0599308    0.0479640    0.0357721
    0.0233057    0.0105255  -0.00260208   -0.0161089   -0.0300273   -0.0443907
   -0.0588554   -0.0734671   -0.0882562    -0.103239    -0.118416    -0.133773
    -0.149278    -0.164882    -0.180515    -0.196092    -0.211505    -0.226629
    -0.241323    -0.255430    -0.268783    -0.281205    -0.292517    -0.302540
    -0.311103    -0.318048    -0.323235    -0.326548    -0.327899    -0.327231
    -0.324521    -0.319777    -0.313045    -0.304396    -0.293933    -0.281777
    -0.268068    -0.252957    -0.236596    -0.219139    -0.200731    -0.181505
    -0.161578    -0.141045    -0.119978   -0.0984203   -0.0763855   -0.0538502
   -0.0307454  -0.00830868    0.0134509    0.0345127    0.0548484    0.0744224
    0.0931920     0.111108     0.128118     0.144165     0.159195
    0.0817379    0.0794533    0.0701952    0.0586642    0.0468980    0.0348060
    0.0223552   0.00952612  -0.00370049   -0.0173466   -0.0314372   -0.0459997
   -0.0606918   -0.0755613   -0.0906416    -0.105951    -0.121493    -0.137252
    -0.153198    -0.169280    -0.185429    -0.201553    -0.217543    -0.233269
    -0.248585    -0.263326    -0.277317    -0.290371    -0.302299    -0.312913
    -0.322030    -0.329481    -0.335119    -0.338817    -0.340480    -0.340046
    -0.337488    -0.332816    -0.326074    -0.317340    -0.306719    -0.294343
    -0.280360    -0.264928    -0.248215    -0.230383    -0.211589    -0.191978
    -0.171675    -0.150786    -0.129389    -0.107534   -0.0852355   -0.0624605
   -0.0391124   -0.0163274   0.00577815    0.0271449    0.0477334    0.0675084
    0.0864337     0.104470     0.121576     0.137709     0.152833
    0.0787726    0.0758173    0.0678294    0.0572582    0.0458597    0.0339346
    0.0215547   0.00873869  -0.00451531   -0.0182201   -0.0323952   -0.0470645
   -0.0618877   -0.0769124   -0.0921724    -0.107687    -0.123459    -0.139476
    -0.155706    -0.172098    -0.188581    -0.205063    -0.221433    -0.237557
    -0.253284    -0.268446    -0.282861    -0.296337    -0.308677    -0.319686
    -0.329174    -0.336965    -0.342904    -0.346858    -0.348728    -0.348447
    -0.345986    -0.341354    -0.334595    -0.325790    -0.315048    -0.302504
    -0.288314    -0.272642    -0.255661    -0.237543    -0.218452    -0.198538
    -0.177936    -0.156760    -0.135098    -0.113016   -0.0905503   -0.0677205
   -0.0445347   -0.0210261   0.00159676    0.0233689    0.0442945    0.0643601
    0.0835408     0.101804     0.119114     0.135432     0.150723
    0.0795083    0.0769488    0.0679784    0.0568659    0.0453695    0.0334464
    0.0210900   0.00829618  -0.00494450   -0.0186471   -0.0328316   -0.0475221
   -0.0623798   -0.0774520   -0.0927725    -0.108361    -0.124220    -0.140338
    -0.156681    -0.173200    -0.189822    -0.206456    -0.222989    -0.239285
    -0.255192    -0.270539    -0.285142    -0.298806    -0.311332    -0.322519
    -0.332175    -0.340120    -0.346194    -0.350264    -0.352226    -0.352012
    -0.349590    -0.344969    -0.338193    -0.329343    -0.318529    -0.305888
    -0.291577    -0.275765    -0.258626    -0.240334    -0.221056    -0.200946
    -0.180140    -0.158755    -0.136882    -0.114590   -0.0919194   -0.0688875
   -0.0454818   -0.0216483   0.00132188    0.0234414    0.0447100    0.0651130
    0.0846231     0.103203     0.120810     0.137397     0.152920
    0.0795647    0.0770553    0.0680661    0.0568298    0.0452559    0.0333162
    0.0209838   0.00823660  -0.00494603   -0.0185858   -0.0327064   -0.0473336
   -0.0621290   -0.0771398   -0.0923998    -0.107928    -0.123727    -0.139783
    -0.156066    -0.172522    -0.189083    -0.205654    -0.222123    -0.238357
    -0.254203    -0.269491    -0.284036    -0.297646    -0.310119    -0.321258
    -0.330870    -0.338776    -0.344817    -0.348857    -0.350794    -0.350558
    -0.348119    -0.343483    -0.336694    -0.327831    -0.317004    -0.304347
    -0.290016    -0.274176    -0.257001    -0.238662    -0.219322    -0.199134
    -0.178229    -0.156720    -0.134695    -0.112216   -0.0893193   -0.0660213
   -0.0423264   -0.0182608   0.00496591    0.0273896    0.0490107    0.0698064
    0.0897364     0.108747     0.126773     0.143746     0.159596
    0.0797710    0.0773482    0.0680330    0.0568137    0.0452846    0.0334120
    0.0211695   0.00853141  -0.00452743   -0.0180325   -0.0320100   -0.0464878
   -0.0611248   -0.0759677   -0.0910488    -0.106386    -0.121980    -0.137818
    -0.153867    -0.170077    -0.186377    -0.202675    -0.218861    -0.234803
    -0.250351    -0.265338    -0.279585    -0.292900    -0.305090    -0.315960
    -0.325321    -0.332999    -0.338839    -0.342708    -0.344506    -0.344166
    -0.341656    -0.336983    -0.330188    -0.321348    -0.310569    -0.297979
    -0.283729    -0.267979    -0.250893    -0.232638    -0.213367    -0.193224
    -0.172332    -0.150794    -0.128683    -0.106044   -0.0828889   -0.0591832
   -0.0348271   -0.0109426    0.0123681    0.0350517    0.0570641    0.0783540
    0.0988554     0.118484     0.137138     0.154703     0.171060
    0.0791374    0.0767435    0.0678498    0.0567591    0.0453696    0.0336559
    0.0215888   0.00914097  -0.00371406   -0.0170026   -0.0307524   -0.0449931
   -0.0593804   -0.0739568   -0.0887503    -0.103775    -0.119032    -0.134505
    -0.150161    -0.165951    -0.181805    -0.197635    -0.213332    -0.228768
    -0.243799    -0.258263    -0.271988    -0.284789    -0.296482    -0.306878
    -0.315799    -0.323076    -0.328562    -0.332131    -0.333688    -0.333167
    -0.330539    -0.325809    -0.319017    -0.310234    -0.299560    -0.287116
    -0.273044    -0.257493    -0.240617    -0.222569    -0.203493    -0.183517
    -0.162753    -0.141288    -0.119183   -0.0964689   -0.0731511   -0.0492166
   -0.0246676 -0.000638246    0.0229080    0.0459679    0.0685133    0.0904921
     0.111824     0.132393     0.152047     0.170593     0.187819
    0.0785323    0.0762054    0.0674686    0.0565974    0.0454589    0.0340074
    0.0222082    0.0100360  -0.00253143   -0.0155167   -0.0289464   -0.0428565
   -0.0569213   -0.0711530   -0.0855684    -0.100178    -0.114979    -0.129957
    -0.145080    -0.160298    -0.175544    -0.190733    -0.205760    -0.220504
    -0.234826    -0.248575    -0.261584    -0.273682    -0.284692    -0.294440
    -0.302757    -0.309486    -0.314488    -0.317647    -0.318873    -0.318106
    -0.315319    -0.310515    -0.303732    -0.295035    -0.284515    -0.272285
    -0.258473    -0.243215    -0.226651    -0.208920    -0.190148    -0.170448
    -0.149916    -0.128618    -0.106594   -0.0838462   -0.0603263   -0.0359134
   -0.0116712    0.0123374    0.0360951    0.0595937    0.0828171     0.105728
     0.128255     0.150271     0.171569     0.191842     0.210682
    0.0776794    0.0753917    0.0666708    0.0562715    0.0455610    0.0344805
    0.0230271    0.0111989  -0.00100990   -0.0136076   -0.0266024   -0.0399974
   -0.0537786   -0.0676343   -0.0816059   -0.0957141    -0.109962    -0.124335
    -0.138805    -0.153323    -0.167826    -0.182232    -0.196442    -0.210341
    -0.223801    -0.236676    -0.248815    -0.260057    -0.270239    -0.279200
    -0.286783    -0.292846    -0.297261    -0.299922    -0.300747    -0.299682
    -0.296700    -0.291807    -0.285035    -0.276443    -0.266113    -0.254145
    -0.240653    -0.225760    -0.209587    -0.192254    -0.173872    -0.154536
    -0.134322    -0.113281   -0.0914402   -0.0687982   -0.0453280   -0.0209901
   0.00314552    0.0271687    0.0511383    0.0751010    0.0990951     0.123147
     0.147259     0.171384     0.195369     0.218834     0.240971
    0.0758773    0.0734339    0.0659142    0.0562089    0.0459101    0.0351798
    0.0240716    0.0126032  0.000777474   -0.0114095   -0.0239654   -0.0369001
   -0.0502259   -0.0635907   -0.0770251   -0.0905450    -0.104151    -0.117830
    -0.131550    -0.145269    -0.158924    -0.172438    -0.185719    -0.198660
    -0.211140    -0.223029    -0.234184    -0.244459    -0.253706    -0.261779
    -0.268536    -0.273849    -0.277602    -0.279701    -0.280073    -0.278668
    -0.275465    -0.270466    -0.263700    -0.255220    -0.245097    -0.233418
    -0.220283    -0.205795    -0.190060    -0.173178    -0.155238    -0.136316
    -0.116465   -0.0957177   -0.0740751   -0.0515079   -0.0279507  -0.00433201
    0.0193598    0.0431719    0.0671716    0.0914435     0.116091     0.141237
     0.167033     0.193660     0.221347     0.250435     0.280933
    0.0767679    0.0748258    0.0668675    0.0568702    0.0466373    0.0361236
    0.0253124    0.0141958   0.00276621  -0.00898608   -0.0210732   -0.0335102
   -0.0463147   -0.0591213   -0.0719534   -0.0848209   -0.0977210    -0.110638
    -0.123542    -0.136390    -0.149124    -0.161672    -0.173949    -0.185856
    -0.197283    -0.208109    -0.218208    -0.227448    -0.235694    -0.242816
    -0.248690    -0.253199    -0.256244    -0.257739    -0.257621    -0.255847
    -0.252397    -0.247274    -0.240502    -0.232127    -0.222208    -0.210820
    -0.198048    -0.183977    -0.168694    -0.152278    -0.134798    -0.116307
   -0.0968365   -0.0763920   -0.0549493   -0.0324478  -0.00978188    0.0130699
    0.0361455    0.0595057    0.0832377     0.107460     0.132330     0.158059
     0.184926     0.213315     0.243751     0.276974     0.312480
    0.0770259    0.0753240    0.0673092    0.0574233    0.0473640    0.0370974
    0.0266023    0.0158615   0.00485990  -0.00641732   -0.0179864   -0.0298676
   -0.0420898   -0.0543031   -0.0665009   -0.0786818   -0.0908387    -0.102954
    -0.115001    -0.126936    -0.138708    -0.150248    -0.161480    -0.172314
    -0.182649    -0.192378    -0.201387    -0.209558    -0.216773    -0.222917
    -0.227880    -0.231561    -0.233873    -0.234742    -0.234112    -0.231946
    -0.228227    -0.222956    -0.216154    -0.207859    -0.198121    -0.187002
    -0.174570    -0.160895    -0.146044    -0.130077    -0.113041   -0.0949667
   -0.0758621   -0.0557091   -0.0344580   -0.0129897   0.00870793    0.0306601
    0.0529092    0.0755191    0.0985812     0.122222     0.146614     0.171992
     0.198675     0.227099     0.257856     0.291714     0.327935
    0.0763427    0.0747842    0.0672370    0.0576052    0.0478236    0.0378839
    0.0277673    0.0174564   0.00693526  -0.00381012   -0.0147917   -0.0260181
   -0.0374905   -0.0491908   -0.0607743   -0.0722648   -0.0836654   -0.0949637
    -0.106135    -0.117142    -0.127936    -0.138456    -0.148632    -0.158383
    -0.167620    -0.176247    -0.184163    -0.191265    -0.197449    -0.202614
    -0.206666    -0.209516    -0.211089    -0.211322    -0.210166    -0.207590
    -0.203578    -0.198130    -0.191263    -0.183008    -0.173406    -0.162505
    -0.150361    -0.137027    -0.122555    -0.106985   -0.0903443   -0.0726393
   -0.0538548   -0.0339498   -0.0137989   0.00659488    0.0272375    0.0481461
    0.0693518    0.0909032     0.112871     0.135355     0.158490     0.182459
     0.207510     0.233992     0.262410     0.293584     0.326127
    0.0754120    0.0740471    0.0666288    0.0572879    0.0478637    0.0383298
    0.0286631    0.0188440   0.00885674  -0.00131188   -0.0116736   -0.0222398
   -0.0330240   -0.0440481   -0.0549541   -0.0657278   -0.0763598   -0.0868354
   -0.0971306    -0.107211    -0.117034    -0.126543    -0.135676    -0.144361
    -0.152518    -0.160065    -0.166911    -0.172966    -0.178141    -0.182348
    -0.185506    -0.187538    -0.188379    -0.187976    -0.186286    -0.183282
    -0.178948    -0.173285    -0.166305    -0.158030    -0.148494    -0.137735
    -0.125794    -0.112714   -0.0985317   -0.0832731   -0.0669489   -0.0495349
   -0.0309874   -0.0121746   0.00688844    0.0261891    0.0457200    0.0654802
    0.0854780     0.105732     0.126274     0.147150     0.168420     0.190160
     0.212457     0.235404     0.259065     0.283351     0.306964
    0.0736671    0.0724556    0.0652465    0.0563088    0.0473557    0.0383256
    0.0291872    0.0199232    0.0105227  0.000977169  -0.00872041   -0.0185758
   -0.0285924   -0.0387668   -0.0490780   -0.0591638   -0.0690411   -0.0787056
   -0.0881391   -0.0973119    -0.106185    -0.114710    -0.122831    -0.130483
    -0.137599    -0.144103    -0.149919    -0.154968    -0.159172    -0.162455
    -0.164748    -0.165985    -0.166109    -0.165074    -0.162843    -0.159390
    -0.154702    -0.148775    -0.141617    -0.133244    -0.123680    -0.112953
    -0.101095   -0.0881372   -0.0741090   -0.0590305   -0.0429465   -0.0257310
  -0.00822559   0.00955120    0.0275722    0.0458083    0.0642314    0.0828164
     0.101542     0.120391     0.139350     0.158408     0.177549     0.196749
     0.215957     0.235067     0.253870     0.271968     0.288660
    0.0703731    0.0691094    0.0626927    0.0545422    0.0462644    0.0378443
    0.0292974    0.0206336    0.0118568   0.00296658  -0.00603964   -0.0151665
   -0.0244209   -0.0338139   -0.0433678   -0.0527099   -0.0618216   -0.0706844
   -0.0792762   -0.0875685   -0.0955255    -0.103104    -0.110255    -0.116922
    -0.123045    -0.128558    -0.133394    -0.137486    -0.140766    -0.143168
    -0.144631    -0.145100    -0.144524    -0.142862    -0.140081    -0.136156
    -0.131072    -0.124822    -0.117408    -0.108838   -0.0991263   -0.0882901
   -0.0763497   -0.0633197   -0.0492403   -0.0339885   -0.0183221  -0.00217171
    0.0143604    0.0311996    0.0482833    0.0655541    0.0829572     0.100439
     0.117949     0.135434     0.152842     0.170117     0.187195     0.203998
     0.220419     0.236312     0.251473     0.265627     0.278443
    0.0670379    0.0658547    0.0600232    0.0525454    0.0448426    0.0369784
    0.0290029    0.0209398    0.0127995   0.00458508  -0.00370383   -0.0120696
   -0.0205152   -0.0290429   -0.0376514   -0.0463297   -0.0547271   -0.0628265
   -0.0706118   -0.0780604   -0.0851424   -0.0918205   -0.0980512    -0.103786
    -0.108970    -0.113548    -0.117461    -0.120650    -0.123056    -0.124621
    -0.125293    -0.125022    -0.123763    -0.121478    -0.118136    -0.113710
    -0.108183    -0.101541   -0.0937794   -0.0848962   -0.0748950   -0.0637764
   -0.0515683   -0.0381468   -0.0242175  -0.00970396   0.00531117    0.0207688
    0.0365981    0.0527254    0.0690759    0.0855736     0.102141     0.118698
     0.135164     0.151458     0.167495     0.183190     0.198455     0.213194
     0.227300     0.240652     0.253110     0.264521     0.274724
    0.0646198    0.0637554    0.0580215    0.0505808    0.0431495    0.0357067
    0.0282466    0.0207679    0.0132686   0.00574555  -0.00180548  -0.00938875
   -0.0170079   -0.0246648   -0.0323584   -0.0400823   -0.0478197   -0.0551831
   -0.0621899   -0.0688296   -0.0750779   -0.0809024   -0.0862648   -0.0911217
   -0.0954257   -0.0991270    -0.102174    -0.104514    -0.106095    -0.106868
    -0.106784    -0.105798    -0.103871    -0.100964   -0.0970455   -0.0920873
   -0.0860643   -0.0789556   -0.0707455   -0.0614171   -0.0509814   -0.0393071
   -0.0270512   -0.0141281 -0.000602960    0.0134806    0.0280664    0.0430914
    0.0584849    0.0741681    0.0900549     0.106052     0.122058     0.137967
     0.153668     0.169049     0.183996     0.198401     0.212160     0.225176
     0.237361     0.248629     0.258905     0.268119     0.276212
    0.0612678    0.0605334    0.0550479    0.0478665    0.0407782    0.0337786
    0.0268511    0.0199796    0.0131494   0.00634769 -0.000436370  -0.00721171
   -0.0139856   -0.0207644   -0.0275558   -0.0343733   -0.0412477   -0.0477895
   -0.0540144   -0.0598724   -0.0653273   -0.0703456   -0.0748920   -0.0789267
   -0.0824071   -0.0852881   -0.0875233   -0.0890658   -0.0898688   -0.0898873
   -0.0890781   -0.0874003   -0.0848142   -0.0812824   -0.0767709   -0.0712496
   -0.0646801   -0.0570237   -0.0482714   -0.0382805   -0.0276622   -0.0163192
  -0.00429709   0.00837912    0.0216727    0.0355407    0.0499315    0.0647839
    0.0800258    0.0955726     0.111326     0.127174     0.142989     0.158633
     0.173954     0.188800     0.203020     0.216472     0.229035     0.240610
     0.251128     0.260545     0.268845     0.276033     0.282133
    0.0570297    0.0564435    0.0509314    0.0440484    0.0373925    0.0309242
    0.0246107    0.0184198    0.0123233   0.00629846  0.000328080  -0.00560000
   -0.0114934   -0.0173558   -0.0231868   -0.0289809   -0.0347230   -0.0403738
   -0.0459625   -0.0511204   -0.0558371   -0.0600997   -0.0638835   -0.0671511
   -0.0698626   -0.0719768   -0.0734512   -0.0742421   -0.0743061   -0.0736008
   -0.0720880   -0.0697334   -0.0664957   -0.0623288   -0.0571947   -0.0510992
   -0.0439599   -0.0356063   -0.0266068   -0.0168523  -0.00637149   0.00482770
    0.0167280    0.0293080    0.0425404    0.0563907    0.0708152    0.0857594
     0.101154     0.116914     0.132931     0.149074     0.165186     0.181082
     0.196555     0.211383     0.225348     0.238250     0.249925     0.260263
     0.269214     0.276785     0.283037     0.288069     0.292001
    0.0509070    0.0502888    0.0452037    0.0387618    0.0326858    0.0269074
    0.0213555    0.0159712    0.0107102   0.00554088  0.000442554  -0.00459730
  -0.00958446   -0.0145192   -0.0193971   -0.0242094   -0.0289435   -0.0335858
   -0.0381314   -0.0425813   -0.0465505   -0.0500777   -0.0531538   -0.0557095
   -0.0577035   -0.0590996   -0.0598596   -0.0599410   -0.0592974   -0.0578825
   -0.0556612   -0.0526442   -0.0487778   -0.0439609   -0.0380223   -0.0314651
   -0.0241536   -0.0160312  -0.00714145   0.00250748    0.0129069    0.0240496
    0.0359276    0.0485302    0.0618430    0.0758459    0.0905112     0.105800
     0.121658     0.138010     0.154752     0.171744     0.188798     0.205672
     0.222069     0.237646     0.252045     0.264937     0.276069     0.285292
     0.292576     0.298012     0.301791     0.304170     0.305431
    0.0426961    0.0419496    0.0372249    0.0315041    0.0263487    0.0215646
    0.0170156    0.0126178   0.00832092   0.00409576 -7.30651e-05  -0.00419165
  -0.00825931   -0.0122701   -0.0162135   -0.0200752   -0.0238363   -0.0274739
   -0.0309589   -0.0342505   -0.0372821   -0.0400457   -0.0425891   -0.0444979
   -0.0458115   -0.0465268   -0.0466175   -0.0460403   -0.0447332   -0.0426040
   -0.0395000   -0.0358665   -0.0315695   -0.0265281   -0.0207042   -0.0141353
  -0.00681596   0.00126367    0.0101049    0.0197100    0.0300820    0.0412251
    0.0531444    0.0658448    0.0793304    0.0936037     0.108663     0.124499
     0.141093     0.158403     0.176362     0.194853     0.213692     0.232593
     0.251134     0.268742     0.284742     0.298497     0.309549     0.317670
     0.322868     0.325375     0.325636     0.324258     0.321857
    0.0308831    0.0295219    0.0256649    0.0217660    0.0183157    0.0150132
    0.0117656   0.00853711   0.00531471   0.00209684  -0.00111157  -0.00430131
  -0.00746001   -0.0105725   -0.0136210   -0.0165850   -0.0194408   -0.0221609
   -0.0247134   -0.0270610   -0.0291613   -0.0309722   -0.0324421   -0.0334796
   -0.0340324   -0.0340609   -0.0335274   -0.0323931   -0.0306185   -0.0281676
   -0.0250209   -0.0212146   -0.0167382   -0.0115696  -0.00569107  0.000906033
   0.00823180    0.0162976    0.0251150    0.0346967    0.0450571    0.0562132
    0.0681850    0.0809957    0.0946724     0.109246     0.124751     0.141224
     0.158702     0.177218     0.196790     0.217405     0.238992     0.261362
     0.284094     0.306288     0.326294     0.342476     0.354095     0.360961
     0.363143     0.360974     0.355274     0.347654     0.339813
    0.0148955    0.0116608    0.0111711    0.0107569   0.00959071   0.00801057
   0.00616978   0.00415205   0.00201156 -0.000211905  -0.00248622  -0.00478351
  -0.00707818  -0.00934559   -0.0115611   -0.0136992   -0.0157330   -0.0176333
   -0.0193682   -0.0209030   -0.0221995   -0.0232169   -0.0239100   -0.0242292
   -0.0241295   -0.0235703   -0.0225142   -0.0209262   -0.0187746   -0.0160320
   -0.0126786  -0.00870261  -0.00408959   0.00117707   0.00711407    0.0137372
    0.0210624    0.0291066    0.0378881    0.0474275    0.0577485    0.0688793
    0.0808534    0.0937114     0.107502     0.122287     0.138138     0.155145
     0.173419     0.193091     0.214318     0.237283     0.262188     0.289250
     0.318710     0.350989     0.379943     0.399832     0.412080     0.417428
     0.415232     0.406072     0.388991     0.369622     0.355005
   0.00419774  0.000462006  0.000793327   0.00175742   0.00199232   0.00168413
  0.000980421 -9.66977e-06  -0.00120530  -0.00254486  -0.00397971  -0.00546985
  -0.00698102  -0.00848255  -0.00994572   -0.0113426   -0.0126451   -0.0138241
   -0.0148491   -0.0156879   -0.0163062   -0.0166680   -0.0167354   -0.0164699
   -0.0158334   -0.0147894   -0.0133035   -0.0113432  -0.00887847  -0.00588237
  -0.00233115   0.00179605   0.00651897    0.0118569    0.0178288    0.0244537
    0.0317508    0.0397408    0.0484462    0.0578921    0.0681082    0.0791294
    0.0909981     0.103766     0.117498     0.132275     0.148199     0.165403
     0.184055     0.204380     0.226672     0.251322     0.278845     0.309902
     0.345312     0.383235     0.412288     0.432250     0.443632     0.446056
     0.439774     0.423455     0.398773     0.377593     0.360657
  -0.00278301  -0.00670271  -0.00608325  -0.00464238  -0.00376389  -0.00335353
  -0.00331860  -0.00357401  -0.00404678  -0.00467624  -0.00541250  -0.00621412
  -0.00704591  -0.00787694  -0.00867890  -0.00942480   -0.0100879   -0.0106412
   -0.0110566   -0.0113048   -0.0113552   -0.0111759   -0.0107338  -0.00999540
  -0.00892689  -0.00749507  -0.00566758  -0.00341330 -0.000702682   0.00249201
   0.00619654    0.0104348    0.0152294    0.0206015    0.0265717    0.0331604
    0.0403880    0.0482758    0.0568472    0.0661283    0.0761495    0.0869467
    0.0985637     0.111054     0.124486     0.138942     0.154532     0.171396
     0.189719     0.209752     0.231842     0.256485     0.284414     0.316710
     0.354538     0.388015     0.413327     0.430539     0.439408     0.439879
     0.430429     0.410188     0.388279     0.370081     0.354864
  -0.00694990   -0.0109441   -0.0104969  -0.00892927  -0.00780405  -0.00706016
  -0.00662363  -0.00642441  -0.00640144  -0.00650398  -0.00669073  -0.00692788
  -0.00718706  -0.00744331  -0.00767357  -0.00785543  -0.00796628  -0.00798272
  -0.00788022  -0.00763287  -0.00721343  -0.00659331  -0.00574280  -0.00463129
  -0.00322758  -0.00150028  0.000581906   0.00304980   0.00593338   0.00926141
    0.0130612    0.0173583    0.0221766    0.0275382    0.0334638    0.0399728
    0.0470845    0.0548179    0.0631935    0.0722339    0.0819653    0.0924182
     0.103630     0.115646     0.128521     0.142326     0.157145     0.173088
     0.190293     0.208938     0.229261     0.251583     0.276373     0.304437
     0.334355     0.359566     0.379087     0.392549     0.399820     0.399898
     0.392428     0.378076     0.364229     0.351577     0.340200
  -0.00926562   -0.0133861   -0.0129341   -0.0114663   -0.0104009  -0.00963424
  -0.00907696  -0.00865945  -0.00833172  -0.00805923  -0.00781813  -0.00759105
  -0.00736394  -0.00712379  -0.00685719  -0.00654939  -0.00618390  -0.00574224
  -0.00520394  -0.00454664  -0.00374616  -0.00277667  -0.00161085 -0.000220036
   0.00142558   0.00335676   0.00560489   0.00820170    0.0111787    0.0145668
    0.0183954    0.0226919    0.0274812    0.0327855    0.0386241    0.0450135
    0.0519688    0.0595037    0.0676320    0.0763688    0.0857313    0.0957398
     0.106419     0.117798     0.129912     0.142801     0.156514     0.171103
     0.186626     0.203138     0.220682     0.239255     0.258739     0.278742
     0.298294     0.315742     0.330014     0.340495     0.346817     0.348826
     0.346733     0.341697     0.335134     0.327955     0.320709
  -0.00924700   -0.0134744   -0.0133982   -0.0124581   -0.0118766   -0.0114388
   -0.0110213   -0.0105665   -0.0100559  -0.00949099  -0.00888140  -0.00823782
  -0.00756844  -0.00687720  -0.00616318  -0.00542072  -0.00463985  -0.00380694
  -0.00290522  -0.00191532 -0.000815592  0.000417607   0.00180978   0.00338824
   0.00518214   0.00722244   0.00954186    0.0121746    0.0151558    0.0185205
    0.0223026    0.0265332    0.0312393    0.0364429    0.0421606    0.0484038
    0.0551799    0.0624932    0.0703472    0.0787454    0.0876928    0.0971964
     0.107266     0.117912     0.129146     0.140982     0.153429     0.166488
     0.180151     0.194384     0.209113     0.224200     0.239404     0.254347
     0.268505     0.281276     0.292113     0.300616     0.306560     0.309919
     0.310894     0.309889     0.307418     0.303970     0.299940
  -0.00585452  -0.00983281   -0.0114424   -0.0122747   -0.0129325   -0.0132231
   -0.0131089   -0.0126514   -0.0119328   -0.0110300   -0.0100074  -0.00891516
  -0.00778856  -0.00664948  -0.00550826  -0.00436602  -0.00321684  -0.00204957
 -0.000849244  0.000401932   0.00172401   0.00313895   0.00467059   0.00634485
   0.00819007    0.0102376    0.0125223    0.0150828    0.0179609    0.0212009
    0.0248460    0.0289361    0.0335037    0.0385719    0.0441532    0.0502498
    0.0568558    0.0639602    0.0715504    0.0796146    0.0881434    0.0971299
     0.106569     0.116458     0.126789     0.137554     0.148737     0.160310
     0.172229     0.184425     0.196795     0.209194     0.221421     0.233225
     0.244310     0.254371     0.263126     0.270359     0.275944     0.279862
     0.282200     0.283134     0.282898     0.281744     0.279911
  -0.00181509  -0.00572800  -0.00931674   -0.0127074   -0.0156996   -0.0165428
   -0.0163904   -0.0155904   -0.0143673   -0.0128854   -0.0112677  -0.00960195
  -0.00794453  -0.00632631  -0.00475925  -0.00324259  -0.00176744 -0.000320054
   0.00111624   0.00255986   0.00403034   0.00554814   0.00713479   0.00881337
    0.0106095    0.0125528    0.0146790    0.0170319    0.0196653    0.0226412
    0.0260254    0.0298787    0.0342483    0.0391619    0.0446253    0.0506233
    0.0571242    0.0640885    0.0714775    0.0792590    0.0874090    0.0959097
     0.104747     0.113909     0.123380     0.133140     0.143162     0.153407
     0.163821     0.174334     0.184850     0.195251     0.205394     0.215113
     0.224232     0.232575     0.239986     0.246343     0.251570     0.255649
     0.258615     0.260550     0.261571     0.261816     0.261424
  0.000679469  -0.00360543  -0.00821657   -0.0134010   -0.0190937   -0.0220792
   -0.0217795   -0.0198514   -0.0175364   -0.0150330   -0.0125114   -0.0100838
  -0.00780256  -0.00567880  -0.00370215  -0.00185288 -0.000108156   0.00155515
   0.00315923   0.00472503   0.00627223   0.00781933   0.00938386    0.0109828
    0.0126339    0.0143578    0.0161824    0.0181498    0.0203266    0.0228124
    0.0257305    0.0291971    0.0332937    0.0380598    0.0434918    0.0495390
    0.0561088    0.0630952    0.0704130    0.0780081    0.0858499    0.0939208
     0.102209     0.110702     0.119387     0.128242     0.137241     0.146345
     0.155505     0.164660     0.173735     0.182640     0.191274     0.199530
     0.207293     0.214458     0.220930     0.226634     0.231524     0.235582
     0.238820     0.241280     0.243022     0.244124     0.244670
   0.00332184 -0.000974373  -0.00578255   -0.0113942   -0.0180376   -0.0228652
   -0.0250444   -0.0244625   -0.0211042   -0.0169267   -0.0131175  -0.00979680
  -0.00689863  -0.00433809  -0.00204348  4.21799e-05   0.00196367   0.00375635
   0.00544840   0.00706277   0.00861869    0.0101323    0.0116157    0.0130761
    0.0145161    0.0159341    0.0173273    0.0186976    0.0200728    0.0215904
    0.0236165    0.0264388    0.0301582    0.0348161    0.0404243    0.0469215
    0.0540191    0.0613482    0.0687788    0.0762882    0.0838799    0.0915626
    0.0993424     0.107220     0.115190     0.123239     0.131346     0.139478
     0.147598     0.155657     0.163597     0.171354     0.178857     0.186032
     0.192805     0.199106     0.204876     0.210067     0.214645     0.218597
     0.221924     0.224648     0.226802     0.228431     0.229585
   0.00666364   0.00284383  -0.00132552  -0.00590562   -0.0108836   -0.0161097
   -0.0205155   -0.0222324   -0.0209356   -0.0163408   -0.0115696  -0.00776932
  -0.00460454  -0.00188693  0.000506203   0.00265628   0.00461888   0.00643277
   0.00812508   0.00971452    0.0112147    0.0126456    0.0140197    0.0153313
    0.0165644    0.0176903    0.0186609    0.0193979    0.0197678    0.0195594
    0.0202419    0.0222880    0.0255516    0.0301189    0.0360316    0.0434581
    0.0518548    0.0597120    0.0672693    0.0746588    0.0819617    0.0892300
    0.0964962     0.103778     0.111080     0.118397     0.125716     0.133013
     0.140259     0.147417     0.154444     0.161294     0.167915     0.174257
     0.180269     0.185904     0.191121     0.195887     0.200179     0.203985
     0.207303     0.210143     0.212524     0.214472     0.216018
    0.0105624   0.00747296   0.00420396  0.000767420  -0.00276873  -0.00627481
  -0.00956603   -0.0124139   -0.0133400   -0.0103491  -0.00659455  -0.00342162
 -0.000659244   0.00177998   0.00397699   0.00598545   0.00784162   0.00957017
    0.0111870    0.0126997    0.0141067    0.0154416    0.0167223    0.0179319
    0.0190461    0.0200275    0.0208154    0.0213111    0.0213551    0.0207564
    0.0210446    0.0227785    0.0258183    0.0302021    0.0360009    0.0433990
    0.0517268    0.0594123    0.0666725    0.0736668    0.0804998    0.0872398
    0.0939301     0.100595     0.107245     0.113878     0.120485     0.127049
     0.133545     0.139946     0.146220     0.152331     0.158242     0.163917
     0.169320     0.174417     0.179179     0.183584     0.187612     0.191254
     0.194508     0.197375     0.199868     0.202002     0.203796
