     0.265257     0.285579     0.306051     0.327294     0.348721     0.376116
     0.403770     0.389410     0.328037     0.310839     0.398572     0.484982
     0.460363     0.374202     0.315635     0.273964     0.247955     0.242529
     0.266801     0.334990     0.366391     0.299827     0.211443     0.152544
     0.107904    0.0697842    0.0345099    0.0226615    0.0665630    0.0804515
    0.0618229    0.0912516     0.143354     0.204630     0.272712     0.328340
     0.324304     0.285282     0.258501     0.239408     0.225286     0.214506
     0.206051     0.199249     0.193643     0.188900     0.184775     0.181072
     0.177637     0.174341     0.171078     0.167762     0.164325     0.160714
     0.156894     0.152848     0.148576     0.144088     0.139406     0.134561
     0.129588     0.124526     0.119412     0.114283     0.109113
     0.283430     0.311716     0.339938     0.368962     0.396295     0.402961
     0.364924     0.302788     0.251536     0.255014     0.321847     0.388448
     0.413143     0.399655     0.380754     0.362344     0.345950     0.333004
     0.324904     0.320183     0.293404     0.242408     0.189181     0.145505
     0.109524    0.0791833    0.0561507    0.0536751    0.0849307     0.105274
     0.103672     0.130478     0.174942     0.228155     0.290496     0.340872
     0.333868     0.295883     0.269869     0.251468     0.237966     0.227775
     0.219901     0.213685     0.208672     0.204532     0.201015     0.197921
     0.195084     0.192366     0.189645     0.186815     0.183784     0.180470
     0.176812     0.172762     0.168294     0.163404     0.158107     0.152444
     0.146471     0.140261     0.133895     0.127457     0.120958
     0.297877     0.336227     0.377353     0.423133     0.420617     0.369474
     0.324986     0.291687     0.281553     0.289272     0.312055     0.341789
     0.366003     0.375230     0.373390     0.364797     0.351816     0.335132
     0.313830     0.285128     0.246169     0.206734     0.174530     0.148183
     0.127252     0.112329     0.105238     0.109101     0.127480     0.163164
     0.195763     0.222928     0.248104     0.271683     0.292968     0.302589
     0.293150     0.276916     0.262525     0.251106     0.242173     0.235203
     0.229766     0.225513     0.222168     0.219502     0.217325     0.215468
     0.213777     0.212112     0.210334     0.208319     0.205943     0.203094
     0.199678     0.195620     0.190874     0.185429     0.179311     0.172584
     0.165347     0.157724     0.149853     0.141878     0.133865
     0.310015     0.353051     0.396337     0.437759     0.429446     0.378527
     0.347110     0.335667     0.322245     0.312256     0.309360     0.310307
     0.311078     0.308865     0.302699     0.292819     0.279780     0.264002
     0.245696     0.225164     0.203393     0.182275     0.163639     0.148500
     0.137410     0.130961     0.130016     0.135714     0.149222     0.170178
     0.192277     0.211846     0.228677     0.242300     0.251480     0.254764
     0.253636     0.250938     0.247449     0.243894     0.240738     0.238177
     0.236253     0.234924     0.234114     0.233725     0.233650     0.233772
     0.233960     0.234074     0.233962     0.233461     0.232402     0.230611
     0.227925     0.224207     0.219363     0.213355     0.206215     0.198050
     0.189030     0.179378     0.169343     0.159176     0.149072
     0.330748     0.384539     0.411950     0.428968     0.420967     0.393540
     0.366731     0.340923     0.320942     0.305672     0.293918     0.284283
     0.275350     0.265982     0.255507     0.243694     0.230615     0.216519
     0.201773     0.186877     0.172489     0.159369     0.148229     0.139619
     0.133930     0.131468     0.132498     0.137185     0.145395     0.156437
     0.169094     0.182117     0.194549     0.205666     0.214925     0.222082
     0.227300     0.231002     0.233645     0.235644     0.237342     0.238995
     0.240769     0.242756     0.244998     0.247494     0.250210     0.253077
     0.255991     0.258816     0.261373     0.263447     0.264777     0.265071
     0.264021     0.261335     0.256792     0.250276     0.241812     0.231567
     0.219848     0.207076     0.193727     0.180269     0.167184
     0.297983     0.389284     0.438745     0.428285     0.405146     0.376741
     0.349987     0.326412     0.306076     0.288527     0.273133     0.259210
     0.246115     0.233325     0.220503     0.207506     0.194367     0.181267
     0.168495     0.156426     0.145485     0.136102     0.128656     0.123434
     0.120613     0.120273     0.122407     0.126912     0.133561     0.141982
     0.151679     0.162101     0.172716     0.183062     0.192780     0.201649
     0.209588     0.216647     0.222959     0.228706     0.234086     0.239286
     0.244469     0.249763     0.255266     0.261042     0.267122     0.273498
     0.280109     0.286840     0.293497     0.299798     0.305354     0.309648
     0.312041     0.311846     0.308503     0.301711     0.291462     0.278004
     0.261863     0.243863     0.225028     0.206333     0.188886
     0.244518     0.317145     0.409063     0.410154     0.378996     0.351877
     0.327597     0.305659     0.285799     0.267724     0.251088     0.235536
     0.220744     0.206454     0.192504     0.178842     0.165521     0.152694
     0.140601     0.129551     0.119895     0.111996     0.106174     0.102663
     0.101556     0.102801     0.106231     0.111601     0.118625     0.126992
     0.136375     0.146445     0.156883     0.167399     0.177757     0.187781
     0.197371     0.206500     0.215203     0.223567     0.231713     0.239783
     0.247927     0.256292     0.265023     0.274252     0.284104     0.294677
     0.306028     0.318152     0.330930     0.344086     0.357139     0.369323
     0.379253     0.384848     0.384547     0.377979     0.365353     0.346898
     0.322994     0.295094     0.266094     0.238566     0.214703
     0.195029     0.244718     0.364777     0.376358     0.350300     0.326274
     0.304111     0.283642     0.264650     0.246905     0.230177     0.214247
     0.198930     0.184080     0.169614     0.155516     0.141842     0.128723
     0.116369     0.105079    0.0952353    0.0873028    0.0817723    0.0790460
    0.0792725    0.0822422    0.0875265    0.0946396     0.103144     0.112678
     0.122953     0.133723     0.144783     0.155954     0.167092     0.178089
     0.188883     0.199456     0.209832     0.220077     0.230294     0.240617
     0.251203     0.262231     0.273908     0.286463     0.300161     0.315300
     0.332211     0.351257     0.372765     0.396876     0.423185     0.450986
     0.482423     0.501628     0.504945     0.497947     0.483324     0.459542
     0.425277     0.370005     0.318948     0.277179     0.244209
     0.159540     0.190021     0.326647     0.345948     0.323181     0.301729
     0.281622     0.262761     0.244976     0.228081     0.211898     0.196269
     0.181065     0.166188     0.151575     0.137208     0.123113     0.109370
    0.0961270    0.0836323    0.0722943    0.0627756    0.0560678    0.0533239
    0.0551706    0.0607536    0.0688969    0.0786247    0.0893106     0.100580
     0.112206     0.124038     0.135965     0.147905     0.159792     0.171586
     0.183272     0.194862     0.206401     0.217963     0.229656     0.241625
     0.254047     0.267141     0.281176     0.296483     0.313489     0.332738
     0.354964     0.381194     0.412938     0.452612     0.504672     0.573383
     0.605173     0.584954     0.552309     0.522883     0.496513     0.478977
     0.473534     0.454053     0.384652     0.322254     0.273322
     0.136649     0.152577     0.297263     0.320557     0.299361     0.279652
     0.261407     0.244291     0.228021     0.212379     0.197195     0.182343
     0.167721     0.153252     0.138882     0.124573     0.110307    0.0960848
    0.0819282    0.0678985    0.0541495    0.0411062    0.0300950    0.0250042
    0.0310432    0.0417326    0.0540736    0.0668661    0.0797546    0.0926156
     0.105407     0.118111     0.130720     0.143227     0.155633     0.167946
     0.180188     0.192401     0.204645     0.217007     0.229604     0.242588
     0.256148     0.270523     0.286015     0.303012     0.322027     0.343743
     0.369108     0.399492     0.436943     0.484658     0.547606     0.632360
     0.687849     0.620561     0.479429     0.358469     0.271813     0.252045
     0.331450     0.446581     0.448154     0.365872     0.296050
     0.129792     0.129360     0.281235     0.298028     0.276923     0.259322
     0.243501     0.228647     0.214343     0.200366     0.186587     0.172923
     0.159315     0.145719     0.132097     0.118422     0.104667    0.0908085
    0.0768143    0.0626448    0.0482445    0.0335466    0.0185857   0.00303870
    0.0203398    0.0353317    0.0497592    0.0637232    0.0773388    0.0906739
     0.103785     0.116710     0.129481     0.142121     0.154654     0.167109
     0.179522     0.191945     0.204444     0.217105     0.230041     0.243395
     0.257347     0.272119     0.287998     0.305345     0.324633     0.346480
     0.371712     0.401451     0.437228     0.481112     0.535810     0.604731
     0.689750     0.679596     0.529553     0.357562     0.202497     0.103800
     0.185691     0.349608     0.438854     0.395570     0.307352
    0.0942330     0.124108     0.246376     0.264908     0.251176     0.239446
     0.227833     0.216110     0.204261     0.192300     0.180242     0.168100
     0.155882     0.143596     0.131252     0.118865     0.106461    0.0940872
    0.0818230    0.0698220    0.0583905    0.0481701    0.0360146    0.0261737
    0.0309701    0.0447715    0.0591184    0.0712303    0.0832299    0.0954991
     0.107818     0.120135     0.132419     0.144662     0.156866     0.169046
     0.181227     0.193451     0.205770     0.218257     0.231002     0.244122
     0.257763     0.272101     0.287355     0.303798     0.321772     0.341698
     0.364105     0.389659     0.419196     0.453789     0.494862     0.544551
     0.606984     0.669529     0.633351     0.538408     0.470392     0.421171
     0.395134     0.393924     0.417636     0.390687     0.300721
    0.0375150     0.118214     0.207617     0.230335     0.229158     0.223896
     0.216393     0.207667     0.198211     0.188288     0.178050     0.167596
     0.157000     0.146320     0.135616     0.124955     0.114424     0.104142
    0.0942817    0.0850971    0.0769628    0.0660076    0.0533278    0.0456552
    0.0457706    0.0536204    0.0667815    0.0817638    0.0952399     0.106188
     0.116890     0.127995     0.139266     0.150657     0.162123     0.173648
     0.185230     0.196884     0.208639     0.220537     0.232638     0.245020
     0.257777     0.271021     0.284887     0.299532     0.315142     0.331921
     0.350094     0.369902     0.391579     0.415326     0.441237     0.469140
     0.498231     0.527405     0.553167     0.547538     0.526238     0.498063
     0.463047     0.423250     0.369442     0.301408     0.257421
    0.0348492     0.119041     0.209296     0.225452     0.221863     0.217058
     0.211034     0.204049     0.196359     0.188166     0.179620     0.170838
     0.161917     0.152941     0.143997     0.135181     0.126605     0.118412
     0.110777     0.103923    0.0938064    0.0809212    0.0704247    0.0636383
    0.0619300    0.0658017    0.0744798    0.0865539     0.101111     0.116262
     0.129289     0.139557     0.149425     0.159692     0.170131     0.180714
     0.191407     0.202195     0.213076     0.224061     0.235171     0.246440
     0.257911     0.269630     0.281653     0.294033     0.306822     0.320059
     0.333752     0.347869     0.362302     0.376837     0.391095     0.404484
     0.416176     0.424962     0.428384     0.423052     0.408349     0.385818
     0.356919     0.322534     0.283702     0.243556     0.209141
    0.0302679     0.118744     0.206793     0.224857     0.220732     0.215926
     0.210517     0.204560     0.198143     0.191363     0.184313     0.177085
     0.169766     0.162440     0.155198     0.148134     0.141356     0.134989
     0.129175     0.119849     0.107310    0.0961760    0.0870671    0.0807849
    0.0781430    0.0796251    0.0851189    0.0940053     0.105512     0.118902
     0.133907     0.149041     0.161697     0.171386     0.180524     0.190007
     0.199612     0.209326     0.219113     0.228954     0.238835     0.248753
     0.258702     0.268678     0.278672     0.288666     0.298623     0.308481
     0.318136     0.327434     0.336149     0.343970     0.350481     0.355146
     0.357306     0.356172     0.350885     0.340747     0.325550     0.305656
     0.281833     0.255119     0.226840     0.198598     0.172389
    0.0314206     0.123230     0.210752     0.227048     0.222589     0.217947
     0.213082     0.207976     0.202635     0.197089     0.191382     0.185576
     0.179738     0.173944     0.168273     0.162807     0.157628     0.152819
     0.144336     0.132401     0.121375     0.111575     0.103441    0.0975071
    0.0943201    0.0942855    0.0975174     0.103801     0.112697     0.123696
     0.136344     0.150226     0.165310     0.180250     0.192425     0.201419
     0.209701     0.218235     0.226787     0.235344     0.243858     0.252296
     0.260621     0.268791     0.276759     0.284463     0.291822     0.298728
     0.305035     0.310560     0.315068     0.318279     0.319854     0.319413
     0.316552     0.310878     0.302070     0.289950     0.274565     0.256217
     0.235449     0.213011     0.189794     0.166751     0.144664
    0.0371471     0.130540     0.216104     0.230508     0.225883     0.221595
     0.217422     0.213235     0.208967     0.204598     0.200144     0.195647
     0.191166     0.186770     0.182541     0.178559     0.174877     0.167375
     0.156245     0.145705     0.135932     0.127180     0.119775     0.114104
     0.110566     0.109500     0.111093     0.115331     0.122008     0.130799
     0.141339     0.153282     0.166347     0.180264     0.195105     0.209584
     0.221018     0.229031     0.236149     0.243372     0.250451     0.257362
     0.264044     0.270438     0.276482     0.282097     0.287187     0.291633
     0.295288     0.297979     0.299508     0.299649     0.298159     0.294782
     0.289279     0.281443     0.271142     0.258345     0.243152     0.225814
     0.206728     0.186424     0.165527     0.144711     0.124431
    0.0445616     0.137449     0.217723     0.232949     0.228830     0.225571
     0.222586     0.219599     0.216523     0.213345     0.210088     0.206795
     0.203523     0.200352     0.197402     0.194879     0.189045     0.178995
     0.169177     0.159800     0.151043     0.143115     0.136265     0.130787
     0.126991     0.125166     0.125519     0.128135     0.132955     0.139800
     0.148408     0.158491     0.169769     0.181994     0.194975     0.208512
     0.222737     0.236396     0.246708     0.253313     0.258807     0.264211
     0.269260     0.273935     0.278189     0.281944     0.285104     0.287553
     0.289159     0.289779     0.289252     0.287415     0.284092     0.279112
     0.272322     0.263598     0.252862     0.240104     0.225390     0.208880
     0.190831     0.171601     0.151637     0.131460     0.111566
    0.0447287     0.140997     0.211893     0.228729     0.229810     0.229514
     0.228428     0.226895     0.225081     0.223079     0.220952     0.218745
     0.216488     0.214190     0.211818     0.209253     0.202312     0.192454
     0.183308     0.174737     0.166751     0.159454     0.153020     0.147667
     0.143645     0.141206     0.140560     0.141845     0.145094     0.150233
     0.157098     0.165464     0.175081     0.185702     0.197103     0.209094
     0.221532     0.234264     0.247451     0.259868     0.268586     0.273235
     0.276503     0.279441     0.282027     0.284148     0.285692     0.286545
     0.286594     0.285727     0.283828     0.280780     0.276467     0.270770
     0.263585     0.254820     0.244407     0.232307     0.218516     0.203074
     0.186078     0.167703     0.148217     0.128008     0.107901
    0.0376276     0.144168     0.216742     0.233736     0.235194     0.235929
     0.235939     0.235479     0.234723     0.233780     0.232718     0.231586
     0.230411     0.229199     0.227944     0.222875     0.214165     0.205792
     0.197774     0.190123     0.182879     0.176136     0.170031     0.164745
     0.160493     0.157502     0.155985     0.156113     0.157982     0.161601
     0.166886     0.173678     0.181766     0.190918     0.200900     0.211498
     0.222527     0.233835     0.245318     0.256847     0.268585     0.279290
     0.285640     0.286720     0.287890     0.288660     0.288902     0.288497
     0.287365     0.285438     0.282649     0.278931     0.274216     0.268432
     0.261513     0.253394     0.244011     0.233302     0.221194     0.207609
     0.192456     0.175656     0.157209     0.137307     0.117562
    0.0364688     0.150411     0.226857     0.244429     0.244635     0.244933
     0.245181     0.245316     0.245348     0.245311     0.245244     0.245189
     0.245175     0.245186     0.241397     0.233988     0.226741     0.219645
     0.212700     0.205925     0.199362     0.193092     0.187234     0.181946
     0.177420     0.173872     0.171522     0.170566     0.171153     0.173359
     0.177173     0.182501     0.189178     0.196994     0.205716     0.215114
     0.224977     0.235128     0.245436     0.255816     0.266266     0.276842
     0.288047     0.294208     0.295623     0.295417     0.294696     0.293270
     0.291179     0.288441     0.285054     0.281004     0.276272     0.270834
     0.264669     0.257757     0.250076     0.241594     0.232251     0.221939
     0.210448     0.197400     0.182209     0.164434     0.147497
    0.0400453     0.160869     0.238470     0.253732     0.253987     0.254492
     0.255113     0.255799     0.256530     0.257309     0.258167     0.259175
     0.260490     0.258464     0.252370     0.246276     0.240219     0.234185
     0.228158     0.222134     0.216140     0.210234     0.204517     0.199125
     0.194238     0.190067     0.186839     0.184780     0.184087     0.184899
     0.187278     0.191197     0.196541     0.203129     0.210735     0.219115
     0.228030     0.237269     0.246657     0.256068     0.265427     0.274711
     0.283942     0.293058     0.301036     0.304600     0.303491     0.300858
     0.297716     0.294177     0.290277     0.286033     0.281461     0.276580
     0.271425     0.266047     0.260513     0.254908     0.249335     0.243917
     0.238779     0.233985     0.229025     0.219624     0.210432
    0.0488022     0.166791     0.244222     0.262073     0.262849     0.263844
     0.265037     0.266375     0.267820     0.269343     0.270913     0.272465
     0.273814     0.270979     0.265140     0.259756     0.254544     0.249345
     0.244062     0.238645     0.233084     0.227410     0.221699     0.216070
     0.210690     0.205767     0.201543     0.198273     0.196206     0.195549
     0.196442     0.198930     0.202962     0.208391     0.215002     0.222536
     0.230722     0.239302     0.248049     0.256779     0.265353     0.273678
     0.281696     0.289363     0.296653     0.303794     0.309884     0.311044
     0.306360     0.301842     0.297371     0.292910     0.288474     0.284111
     0.279908     0.275987     0.272525     0.269757     0.268014     0.267780
     0.269799     0.275354     0.286934     0.297212     0.304094
    0.0535382     0.173119     0.251138     0.269604     0.270910     0.272609
     0.274598     0.276769     0.279069     0.281490     0.284065     0.286914
     0.286446     0.282053     0.277719     0.273461     0.269186     0.264784
     0.260156     0.255231     0.249974     0.244393     0.238537     0.232508
     0.226460     0.220603     0.215193     0.210521     0.206890     0.204587
     0.203841     0.204789     0.207456     0.211744     0.217454     0.224311
     0.232003     0.240219     0.248668     0.257105     0.265339     0.273236
     0.280723     0.287781     0.294467     0.300916     0.307337     0.314280
     0.315292     0.310159     0.305214     0.300480     0.296009     0.291887
     0.288242     0.285247     0.283145     0.282264     0.283054     0.286145
     0.292416     0.303071     0.319615     0.336464     0.349889
    0.0585372     0.184697     0.260724     0.275018     0.277401     0.280470
     0.283662     0.286868     0.290083     0.293307     0.296493     0.299456
     0.298408     0.294404     0.290855     0.287448     0.283970     0.280257
     0.276175     0.271624     0.266541     0.260903     0.254737     0.248123
     0.241202     0.234183     0.227336     0.220992     0.215516     0.211285
     0.208638     0.207832     0.208993     0.212095     0.216965     0.223311
     0.230769     0.238955     0.247502     0.256088     0.264459     0.272432
     0.279904     0.286847     0.293314     0.299435     0.305421     0.311560
     0.318155     0.318735     0.313179     0.307938     0.303088     0.298726
     0.294991     0.292063     0.290182     0.289666     0.290939     0.294590
     0.301441     0.312676     0.329977     0.349318     0.367062
    0.0830992     0.180541     0.248578     0.274677     0.282877     0.288258
     0.292802     0.297039     0.301204     0.305462     0.310009     0.311269
     0.308723     0.306228     0.303788     0.301286     0.298561     0.295454
     0.291817     0.287523     0.282480     0.276636     0.269990     0.262596
     0.254579     0.246141     0.237564     0.229216     0.221529     0.214984
     0.210057     0.207161     0.206567     0.208360     0.212411     0.218411
     0.225924     0.234465     0.243558     0.252777     0.261781     0.270320
     0.278241     0.285477     0.292055     0.298078     0.303720     0.309216
     0.314845     0.320927     0.320961     0.314871     0.309196     0.304024
     0.299472     0.295683     0.292831     0.291134     0.290863     0.292380
     0.296185     0.303040     0.314358     0.330688     0.351671
    0.0651502     0.190052     0.268559     0.288914     0.293289     0.298062
     0.302782     0.307429     0.312054     0.316709     0.321438     0.322510
     0.320251     0.318383     0.316655     0.314835     0.312711     0.310084
     0.306769     0.302610     0.297476     0.291284     0.283996     0.275638
     0.266307     0.256192     0.245579     0.234862     0.224539     0.215203
     0.207495     0.202032     0.199301     0.199560     0.202766     0.208591
     0.216496     0.225844     0.235999     0.246394     0.256567     0.266180
     0.275009     0.282946     0.289978     0.296182     0.301709     0.306771
     0.311627     0.316582     0.321981     0.321253     0.314321     0.307801
     0.301795     0.296397     0.291690     0.287749     0.284639     0.282412
     0.281067     0.280481     0.280219     0.279485     0.281889
    0.0613237     0.199049     0.281989     0.300331     0.304058     0.308429
     0.313116     0.317968     0.322895     0.327796     0.332446     0.333344
     0.331450     0.330123     0.328979     0.327714     0.326068     0.323802
     0.320697     0.316558     0.311219     0.304558     0.296497     0.287023
     0.276202     0.264193     0.251270     0.237837     0.224440     0.211778
     0.200675     0.192011     0.186590     0.184955     0.187230     0.193075
     0.201790     0.212502     0.224335     0.236520     0.248443     0.259656
     0.269865     0.278909     0.286750     0.293442     0.299124     0.303997
     0.308305     0.312336     0.316400     0.320835     0.318930     0.310562
     0.302623     0.295182     0.288222     0.281691     0.275506     0.269541
     0.263601     0.257395     0.250517     0.242451     0.234097
    0.0688235     0.200992     0.285411     0.308349     0.313034     0.317930
     0.323057     0.328396     0.333991     0.339972     0.342706     0.341908
     0.341279     0.340794     0.340283     0.339520     0.338259     0.336252
     0.333255     0.329043     0.323413     0.316200     0.307287     0.296616
     0.284206     0.270178     0.254770     0.238367     0.221528     0.205020
     0.189837     0.177169     0.168270     0.164179     0.165356     0.171481
     0.181579     0.194377     0.208631     0.223293     0.237571     0.250902
     0.262929     0.273459     0.282434     0.289909     0.296021     0.300977
     0.305025     0.308445     0.311518     0.314488     0.317468     0.312985
     0.302668     0.293102     0.283973     0.275092     0.266298     0.257424
     0.248274     0.238628     0.228248     0.216897     0.205212
    0.0715442     0.205946     0.291835     0.315370     0.321043     0.326694
     0.332339     0.338024     0.343820     0.349810     0.352176     0.351236
     0.350827     0.350665     0.350485     0.350014     0.348980     0.347107
     0.344120     0.339760     0.333787     0.325997     0.316227     0.304371
     0.290399     0.274374     0.256480     0.237046     0.216587     0.195865
     0.175961     0.158345     0.144858     0.137397     0.137173     0.143993
     0.156344     0.172211     0.189769     0.207626     0.224809     0.240682
     0.254858     0.267141     0.277485     0.285959     0.292727     0.298018
     0.302116     0.305354     0.308117     0.310878     0.314297     0.311719
     0.301420     0.290770     0.280103     0.269456     0.258754     0.247878
     0.236693     0.225068     0.212889     0.200078     0.187093
    0.0732421     0.211092     0.298874     0.322390     0.329186     0.335573
     0.341565     0.347323     0.353021     0.358808     0.360957     0.359881
     0.359439     0.359322     0.359227     0.358850     0.357885     0.356025
     0.352966     0.348414     0.342097     0.333769     0.323227     0.310318
     0.294959     0.277156     0.257018     0.234790     0.210884     0.185949
     0.160980     0.137517     0.117930     0.105495     0.103266     0.111595
     0.127674     0.147950     0.169752     0.191380     0.211798     0.230389
     0.246808     0.260904     0.272670     0.282212     0.289722     0.295456
     0.299715     0.302828     0.305135     0.306955     0.308517     0.309791
     0.303251     0.290302     0.277957     0.265870     0.253820     0.241653
     0.229246     0.216516     0.203409     0.189914     0.176375
    0.0845288     0.213623     0.302825     0.331034     0.339404     0.346088
     0.351708     0.356846     0.361887     0.367071     0.368723     0.367274
     0.366568     0.366278     0.366075     0.365626     0.364598     0.362659
     0.359475     0.354728     0.348114     0.339357     0.328221     0.314513
     0.298106     0.278952     0.257092     0.232678     0.205991     0.177486
     0.147873     0.118322    0.0910262    0.0705823    0.0647888    0.0766999
    0.0991649     0.125355     0.151948     0.177381     0.200838     0.221871
     0.240256     0.255924     0.268928     0.279419     0.287624     0.293829
     0.298359     0.301570     0.303830     0.305517     0.307014     0.308737
     0.303052     0.289993     0.277177     0.264480     0.251773     0.238950
     0.225925     0.212645     0.199088     0.185272     0.171483
     0.108912     0.228136     0.316973     0.349631     0.356782     0.360357
     0.363396     0.366572     0.370133     0.374194     0.374987     0.372888
     0.371701     0.371056     0.370589     0.369942     0.368755     0.366676
     0.363353     0.358447     0.351634     0.342620     0.331146     0.316997
     0.300017     0.280124     0.257316     0.231680     0.203402     0.172773
     0.140200     0.106248    0.0718039    0.0391932    0.0235155    0.0465041
    0.0784809     0.110440     0.140800     0.168904     0.194368     0.216968
     0.236602     0.253273     0.267084     0.278217     0.286927     0.293521
     0.298344     0.301772     0.304203     0.306050     0.307743     0.309731
     0.304293     0.291339     0.278513     0.265730     0.252893     0.239917
     0.226732     0.213296     0.199598     0.185662     0.171768
    0.0865142     0.241593     0.370109     0.388081     0.379430     0.375641
     0.374424     0.374843     0.376500     0.379200     0.378970     0.376086
     0.374304     0.373201     0.372378     0.371452     0.370051     0.367808
     0.364362     0.359365     0.352488     0.343429     0.331925     0.317753
     0.300758     0.280847     0.258016     0.232345     0.204014     0.173301
     0.140596     0.106422    0.0715536    0.0378505    0.0197877    0.0442359
    0.0769816     0.109345     0.139991     0.168333     0.194015     0.216824
     0.236662     0.253537     0.267554     0.278897     0.287821     0.294636
     0.299689     0.303361     0.306049     0.308173     0.310162     0.312470
     0.307370     0.294766     0.282292     0.269856     0.257351     0.244679
     0.231756     0.218526     0.204964     0.191080     0.177201
    0.0528636     0.226929     0.373652     0.398957     0.389942     0.383917
     0.380435     0.378983     0.379196     0.380829     0.379798     0.376261
     0.373933     0.372365     0.371155     0.369920     0.368285     0.365883
     0.362354     0.357355     0.350562     0.341684     0.330466     0.316702
     0.300251     0.281048     0.259120     0.234602     0.207750     0.178988
     0.148973     0.118785    0.0904487    0.0683871    0.0609860    0.0725965
    0.0955815     0.122423     0.149647     0.175685     0.199731     0.221347
     0.240317     0.256575     0.270179     0.281283     0.290119     0.296979
     0.302195     0.306130     0.309163     0.311683     0.314082     0.316786
     0.312133     0.300142     0.288416     0.276808     0.265161     0.253328
     0.241179     0.228611     0.215555     0.201981     0.188319
    0.0431323     0.226140     0.378800     0.399129     0.390375     0.383989
     0.379739     0.377436     0.376892     0.378003     0.376901     0.373205
     0.370450     0.368430     0.366821     0.365264     0.363394     0.360855
     0.357295     0.352387     0.345823     0.337333     0.326689     0.313713
     0.298300     0.280430     0.260187     0.237785     0.213600     0.188229
     0.162602     0.138170     0.117229     0.103145    0.0994345     0.106999
     0.123057     0.143758     0.166201     0.188577     0.209805     0.229246
     0.246547     0.261554     0.274261     0.284776     0.293298     0.300091
     0.305467     0.309770     0.313357     0.316568     0.319658     0.322629
     0.317843     0.306733     0.296309     0.286193     0.276119     0.265870
     0.255243     0.244056     0.232147     0.219397     0.206407
    0.0364103     0.216095     0.367058     0.393005     0.383878     0.377082
     0.372512     0.369859     0.368791     0.368952     0.369898     0.368069
     0.364202     0.361503     0.359432     0.357550     0.355466     0.352824
     0.349288     0.344552     0.338338     0.330403     0.320557     0.308660
     0.294653     0.278567     0.260548     0.240884     0.220041     0.198725
     0.177952     0.159142     0.144148     0.135026     0.133321     0.139158
     0.151127     0.167113     0.185143     0.203705     0.221752     0.238600
     0.253836     0.267248     0.278786     0.288519     0.296613     0.303312
     0.308911     0.313767     0.318287     0.322980     0.328548     0.328316
     0.320529     0.312581     0.304805     0.297225     0.289725     0.282119
     0.274163     0.265571     0.256029     0.245218     0.234011
    0.0509203     0.214217     0.358646     0.380746     0.370107     0.363221
     0.359156     0.357136     0.356649     0.357359     0.359049     0.357865
     0.354071     0.351254     0.349003     0.346942     0.344726     0.342038
     0.338578     0.334076     0.328289     0.321019     0.312112     0.301474
     0.289089     0.275036     0.259511     0.242847     0.225550     0.208329
     0.192130     0.178127     0.167634     0.161855     0.161498     0.166471
     0.175910     0.188529     0.203006     0.218204     0.233255     0.247543
     0.260672     0.272424     0.282730     0.291640     0.299298     0.305922
     0.311779     0.317173     0.322414     0.327786     0.333462     0.331963
     0.324862     0.318856     0.313662     0.309122     0.305090     0.301388
     0.297749     0.293792     0.288996     0.282709     0.276262
    0.0900336     0.228003     0.345943     0.354295     0.345126     0.341333
     0.339893     0.339853     0.340835     0.342664     0.345255     0.344701
     0.341196     0.338447     0.336131     0.333955     0.331642     0.328927
     0.325558     0.321309     0.315980     0.309414     0.301499     0.292183
     0.281489     0.269531     0.256533     0.242843     0.228949     0.215500
     0.203285     0.193197     0.186117     0.182743     0.183396     0.187919
     0.195721     0.205956     0.217718     0.230184     0.242679     0.254702
     0.265920     0.276142     0.285312     0.293482     0.300797     0.307478
     0.313798     0.320071     0.326628     0.333826     0.335002     0.330063
     0.325933     0.322776     0.320683     0.319730     0.319984     0.321498
     0.324263     0.328106     0.332444     0.336288     0.345375
     0.102434     0.201533     0.274695     0.303115     0.310711     0.314573
     0.317394     0.319992     0.322711     0.325755     0.329332     0.329832
     0.326832     0.324109     0.321647     0.319286     0.316820     0.314035
     0.310724     0.306699     0.301803     0.295918     0.288969     0.280940
     0.271883     0.261934     0.251324     0.240385     0.229561     0.219395
     0.210512     0.203554     0.199094     0.197531     0.198993     0.203305
     0.210038     0.218601     0.228361     0.238721     0.249178     0.259348
     0.268971     0.277903     0.286115     0.293675     0.300749     0.307588
     0.314516     0.321909     0.330117     0.332410     0.328764     0.325854
     0.323899     0.323128     0.323792     0.326184     0.330669     0.337738
     0.348086     0.362802     0.383961     0.412339     0.447556
    0.0696207     0.177733     0.253240     0.277935     0.285633     0.291618
     0.296389     0.300423     0.304060     0.307499     0.310805     0.313850
     0.313010     0.309359     0.306335     0.303586     0.300850     0.297914
     0.294591     0.290729     0.286202     0.280927     0.274861     0.268013
     0.260456     0.252334     0.243867     0.235358     0.227184     0.219783
     0.213624     0.209154     0.206737     0.206588     0.208733     0.213001
     0.219063     0.226493     0.234835     0.243659     0.252594     0.261358
     0.269758     0.277694     0.285159     0.292230     0.299084     0.306004
     0.313433     0.322071     0.325998     0.323083     0.320517     0.318708
     0.317963     0.318581     0.320911     0.325396     0.332627     0.343422
     0.358940     0.380869     0.411647     0.445012     0.475718
    0.0564113     0.169051     0.241728     0.262358     0.268541     0.273990
     0.278727     0.282913     0.286725     0.290325     0.293842     0.297381
     0.297143     0.293488     0.290245     0.287204     0.284190     0.281052
     0.277652     0.273877     0.269635     0.264872     0.259571     0.253760
     0.247523     0.240998     0.234391     0.227960     0.222015     0.216896
     0.212942     0.210457     0.209660     0.210655     0.213410     0.217765
     0.223463     0.230184     0.237596     0.245385     0.253285     0.261093
     0.268673     0.275959     0.282950     0.289695     0.296294     0.302883
     0.309663     0.317016     0.317595     0.313288     0.310259     0.308370
     0.307686     0.308406     0.310851     0.315476     0.322922     0.334094
     0.350254     0.373127     0.404838     0.436689     0.463390
    0.0513342     0.158860     0.229299     0.250289     0.255249     0.259699
     0.263709     0.267348     0.270732     0.274007     0.277349     0.281006
     0.281357     0.277786     0.274254     0.270802     0.267392     0.263947
     0.260376     0.256597     0.252548     0.248192     0.243531     0.238604
     0.233495     0.228336     0.223304     0.218618     0.214522     0.211272
     0.209107     0.208222     0.208741     0.210698     0.214030     0.218592
     0.224174     0.230533     0.237424     0.244618     0.251926     0.259212
     0.266394     0.273448     0.280401     0.287305     0.294197     0.301000
     0.307159     0.308348     0.303731     0.299905     0.296855     0.294608
     0.293264     0.292995     0.294058     0.296820     0.301798     0.309750
     0.321837     0.340028     0.368057     0.395105     0.418322
    0.0426362     0.151680     0.221188     0.240194     0.244035     0.247485
     0.250524     0.253216     0.255671     0.258005     0.260323     0.262694
     0.265111     0.263906     0.259275     0.254950     0.250884     0.246980
     0.243137     0.239275     0.235337     0.231300     0.227169     0.222987
     0.218836     0.214833     0.211129     0.207900     0.205336     0.203623
     0.202923     0.203355     0.204979     0.207783     0.211691     0.216571
     0.222249     0.228540     0.235256     0.242231     0.249334     0.256479
     0.263636     0.270840     0.278204     0.285942     0.294343     0.297297
     0.295212     0.291979     0.288493     0.285044     0.281785     0.278822
     0.276257     0.274210     0.272833     0.272319     0.272911     0.274915
     0.278700     0.284629     0.292403     0.296952     0.304434
    0.0349331     0.144351     0.213499     0.231413     0.234584     0.237087
     0.238946     0.240360     0.241537     0.242644     0.243794     0.245046
     0.246381     0.247666     0.244943     0.239460     0.234665     0.230284
     0.226161     0.222199     0.218343     0.214571     0.210894     0.207355
     0.204027     0.201012     0.198434     0.196434     0.195153     0.194723
     0.195250     0.196799     0.199385     0.202972     0.207479     0.212785
     0.218749     0.225223     0.232066     0.239154     0.246389     0.253710
     0.261098     0.268602     0.276320     0.284716     0.287472     0.284306
     0.281255     0.278001     0.274524     0.270848     0.267004     0.263022
     0.258933     0.254776     0.250594     0.246430     0.242310     0.238220
     0.234049     0.229520     0.224190     0.217887     0.214152
    0.0387910     0.137498     0.204385     0.224728     0.228113     0.229214
     0.229166     0.228673     0.228118     0.227723     0.227626     0.227934
     0.228754     0.230252     0.228787     0.223510     0.218543     0.213928
     0.209638     0.205630     0.201873     0.198357     0.195099     0.192139
     0.189542     0.187394     0.185795     0.184853     0.184671     0.185339
     0.186922     0.189449     0.192909     0.197252     0.202397     0.208237
     0.214657     0.221542     0.228791     0.236313     0.244029     0.251889
     0.259804     0.267939     0.275170     0.277800     0.274835     0.272020
     0.269125     0.265975     0.262455     0.258495     0.254042     0.249055
     0.243505     0.237369     0.230634     0.223284     0.215302     0.206659
     0.197318     0.187245     0.176467     0.165112     0.155102
    0.0389871     0.136267     0.221644     0.234837     0.229044     0.224751
     0.220905     0.217531     0.214701     0.212473     0.210883     0.209957
     0.209708     0.210133     0.211194     0.208890     0.203321     0.198342
     0.193882     0.189863     0.186239     0.182998     0.180157     0.177752
     0.175838     0.174484     0.173765     0.173761     0.174544     0.176176
     0.178693     0.182106     0.186390     0.191490     0.197325     0.203805
     0.210831     0.218317     0.226224     0.234515     0.243094     0.252158
     0.260489     0.264986     0.265241     0.264153     0.262739     0.260998
     0.258852     0.256201     0.252936     0.248954     0.244159     0.238463
     0.231796     0.224104     0.215358     0.205556     0.194725     0.182936
     0.170302     0.157006     0.143303     0.129528     0.116917
    0.0506449     0.122472     0.227261     0.242220     0.229538     0.219708
     0.211823     0.205399     0.200200     0.196102     0.193022     0.190896
     0.189668     0.189280     0.189679     0.190809     0.188699     0.183467
     0.179029     0.175127     0.171723     0.168811     0.166418     0.164583
     0.163348     0.162759     0.162864     0.163716     0.165364     0.167852
     0.171209     0.175443     0.180530     0.186412     0.193002     0.200233
     0.208014     0.216170     0.224883     0.234421     0.243418     0.249074
     0.250966     0.251725     0.252426     0.252766     0.252705     0.252173
     0.251073     0.249286     0.246677     0.243105     0.238428     0.232513
     0.225247     0.216553     0.206398     0.194809     0.181880     0.167782
     0.152762     0.137150     0.121342     0.105785    0.0912618
    0.0637163     0.116285     0.221840     0.237792     0.223228     0.210526
     0.199798     0.190898     0.183668     0.177953     0.173607     0.170498
     0.168509     0.167537     0.167506     0.168374     0.170163     0.168993
     0.165436     0.161747     0.158655     0.156103     0.154200     0.152991
     0.152483     0.152680     0.153592     0.155239     0.157656     0.160885
     0.164973     0.169961     0.175861     0.182610     0.189997     0.198136
     0.207219     0.215463     0.224171     0.230341     0.233298     0.235349
     0.237627     0.239803     0.241818     0.243566     0.244948     0.245852
     0.246144     0.245668     0.244246     0.241684     0.237777     0.232321
     0.225140     0.216102     0.205153     0.192329     0.177781     0.161776
     0.144685     0.126971     0.109151    0.0917604    0.0752037
    0.0949103     0.126701     0.224222     0.232268     0.214047     0.198232
     0.184789     0.173676     0.164731     0.157734     0.152459     0.148689
     0.146229     0.144905     0.144573     0.145107     0.146401     0.148346
     0.150224     0.149821     0.147488     0.145071     0.143712     0.143287
     0.143658     0.144733     0.146465     0.148846     0.151901     0.155687
     0.160299     0.165883     0.172645     0.180825     0.188475     0.196731
     0.203246     0.207510     0.211863     0.215102     0.218635     0.222208
     0.225823     0.229414     0.232915     0.236243     0.239303     0.241974
     0.244109     0.245527     0.246004     0.245284     0.243073     0.239058
     0.232935     0.224449     0.213447     0.199926     0.184066     0.166236
     0.146962     0.126890     0.106728    0.0871694    0.0684105
     0.127057     0.150037     0.224838     0.227633     0.203895     0.183618
     0.166991     0.153712     0.143353     0.135483     0.129714     0.125709
     0.123180     0.121884     0.121614     0.122202     0.123508     0.125425
     0.127861     0.130976     0.133807     0.134810     0.134819     0.135803
     0.137419     0.139536     0.142107     0.145133     0.148636     0.152665
     0.157310     0.162752     0.169397     0.175224     0.179476     0.183896
     0.187445     0.191632     0.196133     0.200720     0.205443     0.210289
     0.215241     0.220270     0.225340     0.230399     0.235381     0.240189
     0.244695     0.248720     0.252028     0.254309     0.255172     0.254146
     0.250701     0.244288     0.234442     0.220957     0.204008     0.184115
     0.162026     0.138660     0.115091    0.0924687    0.0714164
     0.179921     0.200527     0.241856     0.225151     0.191342     0.165376
     0.145668     0.130770     0.119634     0.111496     0.105783     0.102043
    0.0999036    0.0990543    0.0992358     0.100234     0.101876     0.104030
     0.106598     0.109527     0.112752     0.116526     0.119449     0.122146
     0.124877     0.127764     0.130878     0.134264     0.137950     0.141943
     0.146213     0.150649     0.154948     0.158333     0.162478     0.167037
     0.171803     0.176850     0.182156     0.187686     0.193432     0.199394
     0.205575     0.211978     0.218608     0.225461     0.232532     0.239790
     0.247180     0.254597     0.261867     0.268715     0.274719     0.279279
     0.281609     0.280636     0.274632     0.262325     0.244267     0.221682
     0.195600     0.166865     0.136756     0.108041    0.0839754
     0.254674     0.286181     0.260647     0.208360     0.167783     0.140026
     0.119890     0.105054    0.0942137    0.0865390    0.0814360    0.0784305
    0.0771118    0.0771150    0.0781232    0.0798714    0.0821483    0.0847922
    0.0876843    0.0907416    0.0939004    0.0971069     0.100198     0.103214
     0.106237     0.109348     0.112615     0.116094     0.119823     0.123817
     0.128067     0.132532     0.137143     0.141853     0.146823     0.152073
     0.157588     0.163371     0.169420     0.175736     0.182331     0.189226
     0.196456     0.204064     0.212109     0.220660     0.229800     0.239620
     0.250209     0.261655     0.274013     0.287281     0.301322     0.315704
     0.329378     0.341744     0.343488     0.328516     0.305840     0.279905
     0.249613     0.216022     0.173668     0.131963     0.105291
     0.298902     0.269691     0.214872     0.165768     0.133590     0.110054
    0.0922941    0.0788759    0.0689763    0.0620837    0.0578181    0.0558074
    0.0556326    0.0568475    0.0590334    0.0618415    0.0650071    0.0683428
    0.0717240    0.0750742    0.0783508    0.0815347    0.0846213    0.0876460
    0.0906716    0.0937718    0.0970204     0.100483     0.104212     0.108241
     0.112585     0.117237     0.122185     0.127414     0.132931     0.138732
     0.144810     0.151161     0.157787     0.164700     0.171927     0.179512
     0.187519     0.196034     0.205174     0.215087     0.225966     0.238056
     0.251661     0.267170     0.285066     0.305970     0.330727     0.360711
     0.399049     0.414690     0.370828     0.312579     0.269106     0.233430
     0.210772     0.205784     0.207354     0.176887     0.121656
     0.265041     0.171658     0.147706     0.126519     0.102770    0.0835914
    0.0682428    0.0560476    0.0466486    0.0399872    0.0361488    0.0350684
    0.0362993    0.0391251    0.0428564    0.0469867    0.0511931    0.0552858
    0.0591623    0.0627795    0.0661345    0.0692542    0.0721897    0.0750140
    0.0778167    0.0806950    0.0837456    0.0870554    0.0906952    0.0947134
    0.0991347     0.103961     0.109178     0.114759     0.120675     0.126897
     0.133398     0.140163     0.147189     0.154490     0.162097     0.170071
     0.178496     0.187490     0.197212     0.207875     0.219766     0.233269
     0.248902     0.267380     0.289674     0.317091     0.351305     0.394385
     0.433157     0.395187     0.293442     0.198002     0.109927    0.0545804
     0.111280     0.200537     0.223663     0.181987     0.137734
     0.246454     0.112144     0.100046    0.0940498    0.0775944    0.0631145
    0.0504754    0.0394363    0.0299007    0.0221779    0.0173271    0.0168061
    0.0201609    0.0253342    0.0309696    0.0364769    0.0416068    0.0462556
    0.0503923    0.0540309    0.0572180    0.0600262    0.0625514    0.0649092
    0.0672296    0.0696491    0.0723010    0.0753042    0.0787525    0.0827063
    0.0871904    0.0921948    0.0976828     0.103599     0.109882     0.116470
     0.123312     0.130374     0.137639     0.145117     0.152838     0.160867
     0.169295     0.178250     0.187905     0.198493     0.210331     0.223850
     0.239666     0.258683     0.282279     0.312634     0.353039     0.405827
     0.409888     0.344253     0.266206     0.198363     0.150609     0.145503
     0.200647     0.244650     0.217743     0.174839     0.139886
     0.232927    0.0808804    0.0657021    0.0712785    0.0595005    0.0492404
    0.0398983    0.0309457    0.0221121    0.0133438   0.00471658   0.00364134
    0.0115841    0.0189908    0.0257639    0.0318364    0.0371726    0.0417659
    0.0456383    0.0488391    0.0514448    0.0535588    0.0553115    0.0568585
    0.0583762    0.0600532    0.0620761    0.0646110    0.0677837    0.0716651
    0.0762659    0.0815419    0.0874086    0.0937581     0.100476     0.107459
     0.114620     0.121900     0.129269     0.136725     0.144297     0.152046
     0.160059     0.168453     0.177384     0.187048     0.197705     0.209693
     0.223475     0.239713     0.259404     0.284224     0.317669     0.351993
     0.357471     0.336502     0.315037     0.295923     0.278384     0.266313
     0.259159     0.233700     0.192647     0.160466     0.135196
     0.233786    0.0642209    0.0420726    0.0535870    0.0456012    0.0402940
    0.0355272    0.0302970    0.0245946    0.0191206    0.0153351    0.0151176
    0.0184449    0.0234386    0.0287462    0.0337428    0.0381459    0.0418314
    0.0447618    0.0469570    0.0484829    0.0494462    0.0499939    0.0503141
    0.0506347    0.0512163    0.0523313    0.0542286    0.0570899    0.0609943
    0.0659103    0.0717146    0.0782273    0.0852477    0.0925826     0.100067
     0.107573     0.115018     0.122361     0.129599     0.136764     0.143917
     0.151141     0.158536     0.166223     0.174334     0.183027     0.192472
     0.202854     0.214356     0.227098     0.240993     0.255495     0.270454
     0.285142     0.290871     0.288928     0.281459     0.270076     0.252858
     0.227971     0.193843     0.166223     0.143673     0.125757
     0.235625    0.0807329    0.0290877    0.0319660    0.0300588    0.0339182
    0.0358549    0.0352791    0.0332562    0.0310479    0.0297554    0.0300242
    0.0318351    0.0346759    0.0379253    0.0410854    0.0438230    0.0459409
    0.0473412    0.0480012    0.0479583    0.0473026    0.0461774    0.0447864
    0.0434068    0.0424016    0.0422043    0.0432501    0.0458513    0.0500881
    0.0558010    0.0626745    0.0703396    0.0784425    0.0866812    0.0948210
     0.102699     0.110225     0.117367     0.124146     0.130620     0.136869
     0.142985     0.149061     0.155189     0.161454     0.167929     0.174664
     0.181679     0.188938     0.196325     0.203613     0.210457     0.216329
     0.220328     0.221434     0.219066     0.213191     0.203966     0.191553
     0.176377     0.159588     0.142919     0.127565     0.114318
     0.203791     0.124026    0.0553063    0.0190890    0.0348907    0.0437406
    0.0476707    0.0488704    0.0486559    0.0480599    0.0477726    0.0481019
    0.0490282    0.0503289    0.0517066    0.0528768    0.0536079    0.0537337
    0.0531542    0.0518313    0.0497846    0.0470828    0.0438399    0.0402250
    0.0365035    0.0331223    0.0308157    0.0305655    0.0331472    0.0385660
    0.0461613    0.0551164    0.0647311    0.0744627    0.0839073    0.0927850
     0.100932     0.108292     0.114895     0.120835     0.126236     0.131231
     0.135941     0.140469     0.144896     0.149278     0.153648     0.158005
     0.162314     0.166500     0.170437     0.173949     0.176800     0.178688
     0.179263     0.178187     0.175220     0.170277     0.163423     0.154873
     0.145000     0.134336     0.123477     0.112938     0.103165
     0.165044     0.148069     0.125525     0.107804    0.0808886    0.0823876
    0.0838732    0.0795423    0.0768519    0.0750088    0.0737618    0.0729005
    0.0722258    0.0715578    0.0707236    0.0695581    0.0679090    0.0656452
    0.0626710    0.0589483    0.0545103    0.0494447    0.0438460    0.0377765
    0.0312814    0.0245120    0.0181629    0.0148285    0.0185143    0.0277941
    0.0394400    0.0518605    0.0642111    0.0759232    0.0865743    0.0958893
     0.103771     0.110289     0.115634     0.120057     0.123809     0.127102
     0.130095     0.132899     0.135585     0.138186     0.140711     0.143138
     0.145419     0.147485     0.149238     0.150557     0.151301     0.151314
     0.150438     0.148537     0.145519     0.141363     0.136121     0.129930
     0.122998     0.115585     0.107971     0.100413    0.0930973
     0.162972     0.169737     0.179438     0.192156     0.143532    0.0618434
     0.103587     0.128597     0.123860     0.117459     0.112689     0.108529
     0.104630     0.100806    0.0968822    0.0927285    0.0882142    0.0831686
    0.0773999    0.0707849    0.0634274    0.0556984    0.0479360    0.0401843
    0.0322472    0.0238100    0.0145944   0.00615030    0.0131135    0.0283682
    0.0446056    0.0602119    0.0748419    0.0880532    0.0991623     0.107562
     0.113460     0.117471     0.120080     0.121816     0.123089     0.124150
     0.125137     0.126117     0.127111     0.128113     0.129098     0.130024
     0.130834     0.131464     0.131838     0.131874     0.131485     0.130584
     0.129093     0.126952     0.124127     0.120620     0.116470     0.111760
     0.106603     0.101138    0.0955118    0.0898660    0.0842664
     0.163718     0.179332     0.199634     0.229109     0.209495     0.116567
    0.0211329     0.112814     0.176847     0.182851     0.170114     0.158522
     0.149436     0.140821     0.132468     0.124510     0.116840     0.109115
     0.100752    0.0908220    0.0784542    0.0664432    0.0568357    0.0489731
    0.0424363    0.0371920    0.0337653    0.0334461    0.0376925    0.0494821
    0.0630138    0.0771308    0.0928948     0.108667     0.123138     0.131973
     0.133006     0.130698     0.127653     0.125016     0.122947     0.121404
     0.120300     0.119541     0.119043     0.118724     0.118512     0.118336
     0.118126     0.117817     0.117342     0.116641     0.115652     0.114323
     0.112610     0.110481     0.107924     0.104946     0.101572    0.0978523
    0.0938513    0.0896475    0.0853239    0.0809625    0.0765787
     0.155663     0.167647     0.182204     0.201020     0.223677     0.217901
     0.166999     0.127076     0.180414     0.238052     0.232501     0.212969
     0.193547     0.171879     0.153902     0.139373     0.127471     0.117691
     0.109849     0.103415    0.0926411    0.0790166    0.0677105    0.0601650
    0.0558004    0.0544657    0.0567554    0.0642598    0.0796396    0.0773001
    0.0516114    0.0440842    0.0641899    0.0952381     0.131366     0.161895
     0.162060     0.144769     0.133791     0.126343     0.121092     0.117302
     0.114518     0.112440     0.110856     0.109613     0.108592     0.107696
     0.106846     0.105973     0.105017     0.103927     0.102655     0.101165
    0.0994274    0.0974239    0.0951478    0.0926039    0.0898094    0.0867936
    0.0835950    0.0802599    0.0768375    0.0733779    0.0698760
     0.142520     0.151424     0.163361     0.177832     0.193802     0.235788
     0.278076     0.255224     0.231210     0.250127     0.247792     0.238603
     0.213333     0.177307     0.150633     0.130146     0.114474     0.103818
    0.0998764     0.106553     0.107083    0.0901724    0.0734715    0.0654836
    0.0626072    0.0636434    0.0687535    0.0791670    0.0963033    0.0939387
    0.0612602    0.0379151    0.0530350    0.0871745     0.128791     0.163237
     0.163399     0.144026     0.130763     0.121643     0.115193     0.110509
     0.107022     0.104359     0.102270     0.100574    0.0991394    0.0978623
    0.0966599    0.0954659    0.0942253    0.0928950    0.0914409    0.0898391
    0.0880754    0.0861451    0.0840530    0.0818101    0.0794330    0.0769431
    0.0743633    0.0717181    0.0690319    0.0663282    0.0635871
