 Col 1: rhob  Col 2: y/(dy/dR) (m) where y = ersplrhob and R = maj rad at outboard midplane   Col 3: ersplrhob (kV/m)
 201
        0.0000000	    -0.77100503	      3.3029358
     0.0049999999	   -0.057982299	      3.6115544
     0.0099999998	   -0.039735179	      3.9915404
      0.015000000	   -0.033582043	      4.4218974
      0.020000000	   -0.031129861	      4.8873162
      0.025000000	   -0.030320119	      5.3777156
      0.029999999	   -0.030356357	      5.8859811
      0.035000000	   -0.031273872	      6.4069943
      0.039999999	   -0.031803109	      6.9454060
      0.045000002	   -0.033464640	      7.4923139
      0.050000001	   -0.035490420	      8.0430641
      0.055000000	   -0.037897490	      8.5961647
      0.059999999	   -0.040724039	      9.1504831
      0.064999998	   -0.044049922	      9.7051535
      0.070000000	   -0.046090763	      10.267959
      0.075000003	   -0.050374936	      10.845224
      0.079999998	   -0.053800926	      11.427258
      0.085000001	   -0.056984264	      12.039117
      0.090000004	   -0.060192570	      12.685494
      0.094999999	   -0.064019069	      13.372538
       0.10000000	   -0.070457853	      14.087393
       0.10500000	   -0.075885542	      14.814178
       0.11000000	   -0.080834642	      15.541798
       0.11500000	   -0.086869210	      16.236172
       0.12000000	   -0.092059068	      16.878397
       0.12500000	   -0.097167760	      17.486971
       0.13000000	    -0.10235643	      18.071739
       0.13500001	    -0.10750178	      18.641577
       0.14000000	    -0.11264344	      19.206203
       0.14500000	    -0.11795717	      19.769636
       0.15000001	    -0.12345721	      20.330452
       0.15500000	    -0.12924537	      20.885025
       0.16000000	    -0.13524637	      21.428934
       0.16500001	    -0.14173244	      21.958673
       0.17000000	    -0.14839166	      22.474077
       0.17500000	    -0.15523969	      22.976633
       0.18000001	    -0.16227424	      23.467735
       0.18500000	    -0.16951026	      23.948248
       0.19000000	    -0.17703794	      24.418051
       0.19499999	    -0.18485942	      24.876734
       0.20000000	    -0.19290248	      25.324379
       0.20500000	    -0.21102716	      25.744291
       0.20999999	    -0.22107285	      26.148106
       0.21500000	    -0.23177288	      26.539219
       0.22000000	    -0.24294491	      26.917747
       0.22499999	    -0.25476804	      27.283766
       0.23000000	    -0.26726544	      27.637283
       0.23500000	    -0.28049323	      27.978397
       0.23999999	    -0.29450828	      28.307190
       0.24500000	    -0.30972984	      28.623558
       0.25000000	    -0.32613418	      28.927320
       0.25500000	    -0.34341580	      29.218588
       0.25999999	    -0.36702672	      29.497616
       0.26499999	    -0.41522723	      29.745279
       0.27000001	    -0.44264379	      29.978245
       0.27500001	    -0.47200626	      30.198561
       0.28000000	    -0.50457287	      30.406296
       0.28500000	    -0.54095328	      30.601519
       0.28999999	    -0.58192414	      30.784315
       0.29499999	    -0.62858152	      30.954779
       0.30000001	    -0.68484616	      31.112957
       0.30500001	    -0.88270015	      31.253729
       0.31000000	    -0.96747977	      31.367582
       0.31500000	     -1.0921957	      31.469387
       0.31999999	     -1.2524546	      31.559113
       0.32499999	     -1.4573377	      31.636992
       0.33000001	     -1.7285696	      31.703279
       0.33500001	     -2.0545757	      31.757759
       0.34000000	     -5.3653326	      31.792116
       0.34500000	     -13.123832	      31.806055
       0.34999999	      53.675797	      31.808435
       0.35499999	      7.2357388	      31.799555
       0.36000001	      3.9469690	      31.779524
       0.36500001	      2.7313080	      31.750355
       0.37000000	      1.6777472	      31.695208
       0.37500000	      1.4282025	      31.627796
       0.38000000	      1.2469682	      31.550165
       0.38499999	      1.1120909	      31.462477
       0.38999999	      1.0237035	      31.365107
       0.39500001	     0.81143910	      31.248848
       0.40000001	     0.75726908	      31.120554
       0.40500000	     0.70705998	      30.982613
       0.41000000	     0.65993530	      30.835815
       0.41499999	     0.56750810	      30.675842
       0.41999999	     0.54427660	      30.499023
       0.42500001	     0.51561320	      30.313885
       0.43000001	     0.49100092	      30.120197
       0.43500000	     0.43836820	      29.914183
       0.44000000	     0.42191207	      29.693056
       0.44499999	     0.40353480	      29.463791
       0.44999999	     0.38502914	      29.228495
       0.45500001	     0.35623848	      28.976248
       0.46000001	     0.34183690	      28.715231
       0.46500000	     0.33925876	      28.451445
       0.47000000	     0.31414548	      28.180273
       0.47499999	     0.30506143	      27.895830
       0.47999999	     0.29555562	      27.605663
       0.48500001	     0.27670604	      27.306715
       0.49000001	     0.26766473	      26.994621
       0.49500000	     0.25917661	      26.678185
       0.50000000	     0.24410471	      26.353577
       0.50500000	     0.23755211	      26.017710
       0.50999999	     0.23082246	      25.677130
       0.51499999	     0.21286541	      25.321775
       0.51999998	     0.20750894	      24.956976
       0.52499998	     0.19976443	      24.587269
       0.52999997	     0.19254418	      24.207741
       0.53500003	     0.18744962	      23.825939
       0.54000002	     0.18132511	      23.439096
       0.54500002	     0.17659165	      23.049276
       0.55000001	     0.17220636	      22.657438
       0.55500001	     0.16790915	      22.264135
       0.56000000	     0.16419610	      21.869574
       0.56500000	     0.16103949	      21.476645
       0.56999999	     0.15733729	      21.083094
       0.57499999	     0.15610848	      20.693451
       0.57999998	     0.15257774	      20.305048
       0.58499998	     0.15229648	      19.923101
       0.58999997	     0.14916617	      19.544779
       0.59500003	     0.15013926	      19.171654
       0.60000002	     0.14675313	      18.805548
       0.60500002	     0.14906372	      18.445744
       0.61000001	     0.14720602	      18.096029
       0.61500001	     0.14687747	      17.751513
       0.62000000	     0.14932141	      17.418224
       0.62500000	     0.15043384	      17.096931
       0.63000000	     0.15252671	      16.785625
       0.63499999	     0.15563437	      16.486935
       0.63999999	     0.16002338	      16.201511
       0.64499998	     0.17373513	      15.937590
       0.64999998	     0.18315016	      15.697373
       0.65499997	     0.18566315	      15.469185
       0.66000003	     0.18770422	      15.247898
       0.66500002	     0.19023639	      15.033607
       0.67000002	     0.19477691	      14.826911
       0.67500001	     0.20698076	      14.632309
       0.68000001	     0.23097338	      14.456599
       0.68500000	     0.27010119	      14.306089
       0.69000000	     0.30914152	      14.178352
       0.69499999	     0.34331834	      14.066883
       0.69999999	     0.36566788	      13.965815
       0.70499998	     0.38710985	      13.871260
       0.70999998	     0.52140874	      13.791608
       0.71499997	     0.40097034	      13.720735
       0.72000003	     0.48229355	      13.641359
       0.72500002	     0.45049658	      13.565712
       0.73000002	     0.54146165	      13.499474
       0.73500001	     0.60225618	      13.441474
       0.74000001	     0.64592105	      13.394054
       0.74500000	     0.64218903	      13.335434
       0.75000000	     0.87424469	      13.289721
       0.75500000	     0.56358367	      13.247414
       0.75999999	     0.68460262	      13.199219
       0.76499999	     0.60808694	      13.162045
       0.76999998	     0.63954806	      13.108674
       0.77499998	     0.65599746	      13.067541
       0.77999997	     0.57237053	      13.010639
       0.78500003	     0.44441590	      12.957688
       0.79000002	     0.52804208	      12.897218
       0.79500002	     0.41929388	      12.827822
       0.80000001	     0.36907816	      12.755547
       0.80500001	     0.33952764	      12.680360
       0.81000000	     0.33400917	      12.603322
       0.81500000	     0.34665346	      12.526814
       0.81999999	     0.35710925	      12.451737
       0.82499999	     0.33634087	      12.378431
       0.82999998	     0.25363472	      12.292338
       0.83499998	     0.17121039	      12.170570
       0.83999997	     0.11349101	      11.989820
       0.84500003	    0.077802397	      11.727854
       0.85000002	    0.057729580	      11.364253
       0.85500002	    0.045193348	      10.937715
       0.86000001	    0.037958473	      10.425661
       0.86500001	    0.032037128	      9.8502836
       0.87000000	    0.027452461	      9.2200441
       0.87500000	    0.023666693	      8.5445175
       0.88000000	    0.019811064	      7.8257923
       0.88499999	    0.017128533	      7.0574408
       0.88999999	    0.014758065	      6.2703719
       0.89499998	    0.012016634	      5.4548759
       0.89999998	    0.010062322	      4.6129608
       0.90499997	   0.0077505307	      3.7399235
       0.91000003	   0.0056502759	      2.8421254
       0.91500002	   0.0035089774	      1.9027206
       0.92000002	   0.0014927550	     0.88919044
       0.92500001	 -0.00032838632	    -0.22545268
       0.93000001	  -0.0018890580	     -1.4997745
       0.93500000	  -0.0032227780	     -2.9375935
       0.94000000	  -0.0044712499	     -4.5453830
       0.94499999	  -0.0057946187	     -6.2884259
       0.94999999	  -0.0073271142	     -8.0966845
       0.95499998	  -0.0090409135	     -9.9298096
       0.95999998	   -0.012077249	     -11.608456
       0.96499997	   -0.022247003	     -12.919577
       0.97000003	   -0.048037197	     -13.491558
       0.97500002	    0.021194927	     -13.224762
       0.98000002	   0.0080237789	     -11.750787
       0.98500001	   0.0042609745	     -9.3389206
       0.99000001	   0.0022922454	     -6.2411227
       0.99500000	  0.00091426563	     -2.8006070
        1.0000000	 -0.00024785163	     0.81376565
