 &DNUBEAM_PROF
 T0_NUBEAM =    1.412000000000000     ,
 T1_NUBEAM =    1.426999985694885     ,
 NRHO_IN =          201,
 RHO_IN =    0.000000000000000     ,
            5.0000000000000001E-003,
            1.0000000000000000E-002,
            1.4999999999999999E-002,
            2.0000000000000000E-002,
            2.5000000000000001E-002,
            2.9999999999999999E-002,
            3.5000000000000003E-002,
            4.0000000000000001E-002,
            4.4999999999999998E-002,
            5.0000000000000003E-002,
            5.5000000000000000E-002,
            5.9999999999999998E-002,
            6.5000000000000002E-002,
            7.0000000000000007E-002,
            7.4999999999999997E-002,
            8.0000000000000002E-002,
            8.5000000000000006E-002,
            8.9999999999999997E-002,
            9.5000000000000001E-002,
            0.1000000000000000     ,
            0.1050000000000000     ,
            0.1100000000000000     ,
            0.1150000000000000     ,
            0.1200000000000000     ,
            0.1250000000000000     ,
            0.1300000000000000     ,
            0.1350000000000000     ,
            0.1400000000000000     ,
            0.1450000000000000     ,
            0.1500000000000000     ,
            0.1550000000000000     ,
            0.1600000000000000     ,
            0.1650000000000000     ,
            0.1700000000000000     ,
            0.1750000000000000     ,
            0.1800000000000000     ,
            0.1850000000000000     ,
            0.1900000000000000     ,
            0.1950000000000000     ,
            0.2000000000000000     ,
            0.2050000000000000     ,
            0.2100000000000000     ,
            0.2150000000000000     ,
            0.2200000000000000     ,
            0.2250000000000000     ,
            0.2300000000000000     ,
            0.2350000000000000     ,
            0.2400000000000000     ,
            0.2450000000000000     ,
            0.2500000000000000     ,
            0.2550000000000000     ,
            0.2600000000000000     ,
            0.2650000000000000     ,
            0.2700000000000000     ,
            0.2750000000000000     ,
            0.2800000000000000     ,
            0.2850000000000000     ,
            0.2900000000000000     ,
            0.2950000000000000     ,
            0.3000000000000000     ,
            0.3050000000000000     ,
            0.3100000000000000     ,
            0.3150000000000000     ,
            0.3200000000000000     ,
            0.3250000000000000     ,
            0.3300000000000000     ,
            0.3350000000000000     ,
            0.3400000000000000     ,
            0.3450000000000000     ,
            0.3500000000000000     ,
            0.3550000000000000     ,
            0.3600000000000000     ,
            0.3650000000000000     ,
            0.3700000000000000     ,
            0.3750000000000000     ,
            0.3800000000000000     ,
            0.3850000000000000     ,
            0.3900000000000000     ,
            0.3950000000000000     ,
            0.4000000000000000     ,
            0.4050000000000000     ,
            0.4100000000000000     ,
            0.4150000000000000     ,
            0.4200000000000000     ,
            0.4250000000000000     ,
            0.4300000000000000     ,
            0.4350000000000000     ,
            0.4400000000000000     ,
            0.4450000000000000     ,
            0.4500000000000000     ,
            0.4550000000000000     ,
            0.4600000000000000     ,
            0.4650000000000000     ,
            0.4700000000000000     ,
            0.4750000000000000     ,
            0.4800000000000000     ,
            0.4850000000000000     ,
            0.4900000000000000     ,
            0.4950000000000000     ,
            0.5000000000000000     ,
            0.5050000000000000     ,
            0.5100000000000000     ,
            0.5150000000000000     ,
            0.5200000000000000     ,
            0.5250000000000000     ,
            0.5300000000000000     ,
            0.5350000000000000     ,
            0.5400000000000000     ,
            0.5450000000000000     ,
            0.5500000000000000     ,
            0.5550000000000000     ,
            0.5600000000000001     ,
            0.5650000000000001     ,
            0.5700000000000001     ,
            0.5750000000000001     ,
            0.5800000000000000     ,
            0.5850000000000000     ,
            0.5900000000000000     ,
            0.5950000000000000     ,
            0.6000000000000000     ,
            0.6050000000000000     ,
            0.6100000000000000     ,
            0.6150000000000000     ,
            0.6200000000000000     ,
            0.6250000000000000     ,
            0.6300000000000000     ,
            0.6350000000000000     ,
            0.6400000000000000     ,
            0.6450000000000000     ,
            0.6500000000000000     ,
            0.6550000000000000     ,
            0.6600000000000000     ,
            0.6650000000000000     ,
            0.6700000000000000     ,
            0.6750000000000000     ,
            0.6800000000000000     ,
            0.6850000000000001     ,
            0.6900000000000001     ,
            0.6950000000000001     ,
            0.7000000000000001     ,
            0.7050000000000000     ,
            0.7100000000000000     ,
            0.7150000000000000     ,
            0.7200000000000000     ,
            0.7250000000000000     ,
            0.7300000000000000     ,
            0.7350000000000000     ,
            0.7400000000000000     ,
            0.7450000000000000     ,
            0.7500000000000000     ,
            0.7550000000000000     ,
            0.7600000000000000     ,
            0.7650000000000000     ,
            0.7700000000000000     ,
            0.7750000000000000     ,
            0.7800000000000000     ,
            0.7850000000000000     ,
            0.7900000000000000     ,
            0.7950000000000000     ,
            0.8000000000000000     ,
            0.8050000000000000     ,
            0.8100000000000001     ,
            0.8150000000000001     ,
            0.8200000000000001     ,
            0.8250000000000001     ,
            0.8300000000000001     ,
            0.8350000000000000     ,
            0.8400000000000000     ,
            0.8450000000000000     ,
            0.8500000000000000     ,
            0.8550000000000000     ,
            0.8600000000000000     ,
            0.8650000000000000     ,
            0.8700000000000000     ,
            0.8750000000000000     ,
            0.8800000000000000     ,
            0.8850000000000000     ,
            0.8900000000000000     ,
            0.8950000000000000     ,
            0.9000000000000000     ,
            0.9050000000000000     ,
            0.9100000000000000     ,
            0.9150000000000000     ,
            0.9200000000000000     ,
            0.9250000000000000     ,
            0.9300000000000000     ,
            0.9350000000000001     ,
            0.9400000000000001     ,
            0.9450000000000001     ,
            0.9500000000000001     ,
            0.9550000000000001     ,
            0.9600000000000000     ,
            0.9650000000000000     ,
            0.9700000000000000     ,
            0.9750000000000000     ,
            0.9800000000000000     ,
            0.9850000000000000     ,
            0.9900000000000000     ,
            0.9950000000000000     ,
             1.000000000000000     ,
 TE_IN =    1.433520000000000     ,
            1.433399782400687     ,
            1.433041086401832     ,
            1.432446847202061     ,
            1.431620000000000     ,
            1.430563554445191     ,
            1.429280817990840     ,
            1.427775172541069     ,
            1.426050000000000     ,
            1.424108499818550     ,
            1.421953141634809     ,
            1.419586212633664     ,
            1.417010000000000     ,
            1.414226977530611     ,
            1.411240365469924     ,
            1.408053570674275     ,
            1.404670000000000     ,
            1.401092965059008     ,
            1.397325396485497     ,
            1.393370129669237     ,
            1.389230000000000     ,
            1.384907880983358     ,
            1.380406798588090     ,
            1.375729816898777     ,
            1.370880000000000     ,
            1.365860354757561     ,
            1.360673659162144     ,
            1.355322633985656     ,
            1.349810000000000     ,
            1.344138512486398     ,
            1.338311064763332     ,
            1.332330584658600     ,
            1.326200000000000     ,
            1.319922314046847     ,
            1.313500831784526     ,
            1.306938933629943     ,
            1.300240000000000     ,
            1.293407231326215     ,
            1.286443108098563     ,
            1.279349930821628     ,
            1.272130000000000     ,
            1.264785791898292     ,
            1.257320485821224     ,
            1.249737436833544     ,
            1.242040000000000     ,
            1.234231476080618     ,
            1.226314948616542     ,
            1.218293446844195     ,
            1.210170000000000     ,
            1.201947522529237     ,
            1.193628469712609     ,
            1.185215182039676     ,
            1.176710000000000     ,
            1.168115465052435     ,
            1.159434922533023     ,
            1.150671918747099     ,
            1.141830000000000     ,
            1.132912492261021     ,
            1.123921840155299     ,
            1.114860267971926     ,
            1.105730000000000     ,
            1.096533472153479     ,
            1.087273966845783     ,
            1.077954978115195     ,
            1.068580000000000     ,
            1.059152369125062     ,
            1.049674792461570     ,
            1.040149819567293     ,
            1.030580000000000     ,
            1.020967910721272     ,
            1.011316238307936     ,
            1.001627696740632     ,
           0.9919050000000000     ,
           0.9821508942398512     ,
           0.9723682543066865     ,
           0.9625599872201784     ,
           0.9527290000000000     ,
           0.9428781529443235     ,
           0.9330101194653185     ,
           0.9231275262536544     ,
           0.9132330000000000     ,
           0.9033291814828551     ,
           0.8934187678320399     ,
           0.8835044702652046     ,
           0.8735889999999999     ,
           0.8636750429992559     ,
           0.8537651842065219     ,
           0.8438619833105271     ,
           0.8339680000000002     ,
           0.8240857871451209     ,
           0.8142178703418723     ,
           0.8043667683676875     ,
           0.7945350000000001     ,
           0.7847250584202605     ,
           0.7749393344259891     ,
           0.7651801932187231     ,
           0.7554500000000001     ,
           0.7457511041738372     ,
           0.7360857919541715     ,
           0.7264563337574200     ,
           0.7168650000000000     ,
           0.7073140248843913     ,
           0.6978054977573250     ,
           0.6883414717515965     ,
           0.6789240000000000     ,
           0.6695551087885984     ,
           0.6602367170165283     ,
           0.6509707167361938     ,
           0.6417590000000002     ,
           0.6326034149612153     ,
           0.6235056341765624     ,
           0.6144672863036286     ,
           0.6054900000000000     ,
           0.5965753563665410     ,
           0.5877247462772225     ,
           0.5789395130492927     ,
           0.5702210000000000     ,
           0.5615704876976212     ,
           0.5529890057145481     ,
           0.5444775208742009     ,
           0.5360370000000000     ,
           0.5276683490929740     ,
           0.5193722308645851     ,
           0.5111492472039035     ,
           0.5030000000000002     ,
           0.4949249909304828     ,
           0.4869243208271120     ,
           0.4789979903101849     ,
           0.4711460000000000     ,
           0.4633682809350951     ,
           0.4556644858269678     ,
           0.4480341978053569     ,
           0.4404770000000000     ,
           0.4329923540791378     ,
           0.4255792358650173     ,
           0.4182364997183882     ,
           0.4109630000000002     ,
           0.4037574902483547     ,
           0.3966183207129638     ,
           0.3895437408210908     ,
           0.3825320000000000     ,
           0.3755812318024436     ,
           0.3686891062831282     ,
           0.3618531776222487     ,
           0.3550710000000000     ,
           0.3483400200418708     ,
           0.3416572541545235     ,
           0.3350196111899145     ,
           0.3284240000000000     ,
           0.3218672505300735     ,
           0.3153458770987777     ,
           0.3088563151180933     ,
           0.3023950000000000     ,
           0.2959583215878356     ,
           0.2895424874503658     ,
           0.2831436595877129     ,
           0.2767580000000002     ,
           0.2703816974935842     ,
           0.2640110480997599     ,
           0.2576423746560557     ,
           0.2512720000000000     ,
           0.2448963728128277     ,
           0.2385124451505951     ,
           0.2321172949130652     ,
           0.2257080000000000     ,
           0.2192818893801053     ,
           0.2128372962978594     ,
           0.2063728050666838     ,
           0.1998870000000000     ,
           0.1933788665417513     ,
           0.1868489946579672     ,
           0.1802983754451996     ,
           0.1737280000000000     ,
           0.1671394100778900     ,
           0.1605363500702720     ,
           0.1539231150275177     ,
           0.1473040000000001     ,
           0.1406840087716887     ,
           0.1340709800609454     ,
           0.1274734613197296     ,
           0.1209000000000000     ,
           0.1143597673353551     ,
           0.1078644296859463     ,
           0.1014262771935647     ,
           9.5057600000000145E-002,
           8.8771953136891471E-002,
           8.2587951195269363E-002,
           7.6525473656012477E-002,
           7.0604399999999998E-002,
           6.4843176367079591E-002,
           5.9254515532976518E-002,
           5.3849696932385185E-002,
           4.8640000000000114E-002,
           4.3644625769790231E-002,
           3.8914461672824689E-002,
           3.4508316739446654E-002,
           3.0485000000000002E-002,
           2.6875117428759573E-002,
           2.3596462775725139E-002,
           2.0538626734828279E-002,
           1.7591200000000001E-002,
 TI_IN =    1.217430000000000     ,
            1.217347143579486     ,
            1.217099882878629     ,
            1.216690180738457     ,
            1.216120000000000     ,
            1.215391244943600     ,
            1.214505585606857     ,
            1.213464633466685     ,
            1.212270000000000     ,
            1.210923345396116     ,
            1.209426524693946     ,
            1.207781441644803     ,
            1.205990000000000     ,
            1.204054123471938     ,
            1.201975815617361     ,
            1.199757099954105     ,
            1.197400000000000     ,
            1.194906410716134     ,
            1.192277712836608     ,
            1.189515158538779     ,
            1.186620000000000     ,
            1.183593671163526     ,
            1.180438333036205     ,
            1.177156328390781     ,
            1.173750000000000     ,
            1.170221560879761     ,
            1.166572705018573     ,
            1.162804996648099     ,
            1.158920000000000     ,
            1.154919304067430     ,
            1.150804596889503     ,
            1.146577591266825     ,
            1.142240000000000     ,
            1.137793566600519     ,
            1.133240157423415     ,
            1.128581669534603     ,
            1.123820000000000     ,
            1.118957054530492     ,
            1.113994773416837     ,
            1.108935105594764     ,
            1.103780000000000     ,
            1.098531340277513     ,
            1.093190748909236     ,
            1.087759783086341     ,
            1.082240000000000     ,
            1.076633053109455     ,
            1.070940980946218     ,
            1.065165918309873     ,
            1.059310000000000     ,
            1.053375197284668     ,
            1.047362827305891     ,
            1.041274043674168     ,
            1.035110000000000     ,
            1.028872095251873     ,
            1.022562709830219     ,
            1.016184469493455     ,
            1.009740000000000     ,
            1.003231687332840     ,
           0.9966609583732353     ,
           0.9900290002270126     ,
           0.9833370000000000     ,
           0.9765862960417659     ,
           0.9697788316768406     ,
           0.9629167014734951     ,
           0.9560020000000000     ,
           0.9490367535000962     ,
           0.9420227149194025     ,
           0.9349615688790076     ,
           0.9278550000000001     ,
           0.9207047212078496     ,
           0.9135125586455498     ,
           0.9062803667604751     ,
           0.8990100000000000     ,
           0.8917032991685055     ,
           0.8843620504983986     ,
           0.8769880265790923     ,
           0.8695830000000000     ,
           0.8621487539931283     ,
           0.8546871143608561     ,
           0.8471999175481559     ,
           0.8396890000000000     ,
           0.8321561848589817     ,
           0.8246032420581775     ,
           0.8170319282282845     ,
           0.8094440000000001     ,
           0.8018412253209449     ,
           0.7942254174064343     ,
           0.7865984007887066     ,
           0.7789620000000002     ,
           0.7713180388572386     ,
           0.7636683383160857     ,
           0.7560147186168900     ,
           0.7483590000000001     ,
           0.7407029942501009     ,
           0.7330484793292232     ,
           0.7253972247437339     ,
           0.7177510000000001     ,
           0.7101115778923581     ,
           0.7024807443670218     ,
           0.6948602886581746     ,
           0.6872520000000000     ,
           0.6796576785554672     ,
           0.6720791682026896     ,
           0.6645183237485675     ,
           0.6569770000000000     ,
           0.6494570360107736     ,
           0.6419602078222197     ,
           0.6344882757225558     ,
           0.6270430000000002     ,
           0.6196261461514387     ,
           0.6122395005084321     ,
           0.6048848546112098     ,
           0.5975640000000000     ,
           0.5902787387584721     ,
           0.5830309151440520     ,
           0.5758223839576060     ,
           0.5686550000000000     ,
           0.5615306019396735     ,
           0.5544509639153600     ,
           0.5474178439333666     ,
           0.5404330000000001     ,
           0.5334981972328341     ,
           0.5266152291945082     ,
           0.5197858965589282     ,
           0.5130120000000001     ,
           0.5062953435039903     ,
           0.4996377443066077     ,
           0.4930410229559211     ,
           0.4865070000000000     ,
           0.4800374912512051     ,
           0.4736342935790618     ,
           0.4672991991173879     ,
           0.4610340000000000     ,
           0.4548404883661901     ,
           0.4487204563771454     ,
           0.4426756961995280     ,
           0.4367080000000001     ,
           0.4308191646590354     ,
           0.4250110059123571     ,
           0.4192853442095003     ,
           0.4136440000000000     ,
           0.4080887904976686     ,
           0.4026215199734265     ,
           0.3972439894624711     ,
           0.3919580000000000     ,
           0.3867653452252902     ,
           0.3816677891939369     ,
           0.3766670885656153     ,
           0.3717650000000000     ,
           0.3669632973511709     ,
           0.3622638232508258     ,
           0.3576684375250680     ,
           0.3531790000000000     ,
           0.3487973559950268     ,
           0.3445252928027601     ,
           0.3403645832091132     ,
           0.3363170000000001     ,
           0.3323843099187221     ,
           0.3285682555381343     ,
           0.3248705733884794     ,
           0.3212930000000000     ,
           0.3178372793300848     ,
           0.3145051850447029     ,
           0.3112984982369698     ,
           0.3082190000000000     ,
           0.3052684165109391     ,
           0.3024482542830540     ,
           0.2997599649136418     ,
           0.2972050000000000     ,
           0.2947847265011589     ,
           0.2925001728230812     ,
           0.2903522827334629     ,
           0.2883420000000000     ,
           0.2864699899844255     ,
           0.2847358044246214     ,
           0.2831387166525066     ,
           0.2816780000000000     ,
           0.2803516885611389     ,
           0.2791528594784332     ,
           0.2780733506565109     ,
           0.2771050000000000     ,
           0.2762375213960188     ,
           0.2754521326616458     ,
           0.2747279275964499     ,
           0.2740440000000000     ,
           0.2733664289797862     ,
           0.2726092348749838     ,
           0.2716734233326895     ,
           0.2704600000000000     ,
           0.2688595595598365     ,
           0.2667210528384190     ,
           0.2638830196977920     ,
           0.2601840000000001     ,
           0.2553746140308678     ,
           0.2488538037713405     ,
           0.2399325916261427     ,
           0.2279220000000000     ,
           0.2124053124416928     ,
           0.1940548570762199     ,
           0.1738152231726379     ,
           0.1526310000000000     ,
 NE_IN =   4.8161400000000000E+019,
           4.8158762768101843E+019,
           4.8150900714938262E+019,
           4.8137888304305537E+019,
           4.8119800000000000E+019,
           4.8096709060787069E+019,
           4.8068683925308695E+019,
           4.8035791827175981E+019,
           4.7998100000000000E+019,
           4.7955675988749885E+019,
           4.7908588583826948E+019,
           4.7856906886990529E+019,
           4.7800700000000000E+019,
           4.7740036984213389E+019,
           4.7674986739383525E+019,
           4.7605618124861891E+019,
           4.7532000000000000E+019,
           4.7454201074396537E+019,
           4.7372289458638963E+019,
           4.7286333113561899E+019,
           4.7196400000000000E+019,
           4.7102558718200455E+019,
           4.7004880426060644E+019,
           4.6903436920890507E+019,
           4.6798300000000000E+019,
           4.6689540615301661E+019,
           4.6577226337118487E+019,
           4.6461423890376065E+019,
           4.6342200000000000E+019,
           4.6219622570592903E+019,
           4.6093764225465434E+019,
           4.5964698767605252E+019,
           4.5832500000000000E+019,
           4.5697239414826713E+019,
           4.5558979261019775E+019,
           4.5417779476702953E+019,
           4.5273700000000000E+019,
           4.5126804145100268E+019,
           4.4977168730455466E+019,
           4.4824873950582940E+019,
           4.4670000000000000E+019,
           4.4512623692272239E+019,
           4.4352808317158351E+019,
           4.4190613783465288E+019,
           4.4026100000000000E+019,
           4.3859329210810769E+019,
           4.3690373000911118E+019,
           4.3519305290555916E+019,
           4.3346200000000000E+019,
           4.3171129776984695E+019,
           4.2994162179197174E+019,
           4.2815363491811066E+019,
           4.2634800000000000E+019,
           4.2452539181250454E+019,
           4.2268653282300207E+019,
           4.2083215742199841E+019,
           4.1896300000000000E+019,
           4.1707977560513495E+019,
           4.1518312191602041E+019,
           4.1327365726889566E+019,
           4.1135200000000000E+019,
           4.0941878701695574E+019,
           4.0747472951291658E+019,
           4.0552055725241917E+019,
           4.0355700000000000E+019,
           4.0158477945204212E+019,
           3.9960458503231341E+019,
           3.9761709809642799E+019,
           3.9562300000000000E+019,
           3.9362297017487581E+019,
           3.9161768035782984E+019,
           3.8960780036186898E+019,
           3.8759400000000000E+019,
           3.8557694922345488E+019,
           3.8355731853636731E+019,
           3.8153577858109612E+019,
           3.7951300000000000E+019,
           3.7748965480630452E+019,
           3.7546642049670087E+019,
           3.7344397593874678E+019,
           3.7142300000000000E+019,
           3.6940416592632701E+019,
           3.6738812447682929E+019,
           3.6537552078891688E+019,
           3.6336700000000000E+019,
           3.6136321273838735E+019,
           3.5936483159598195E+019,
           3.5737253465558561E+019,
           3.5538700000000000E+019,
           3.5340888937012367E+019,
           3.5143879913924289E+019,
           3.4947730933874061E+019,
           3.4752500000000004E+019,
           3.4558246415611789E+019,
           3.4365034684704649E+019,
           3.4172930611445182E+019,
           3.3982000000000004E+019,
           3.3792306650540478E+019,
           3.3603906347257119E+019,
           3.3416852870345200E+019,
           3.3231200000000000E+019,
           3.3047001982226301E+019,
           3.2864314926266876E+019,
           3.2683195407174017E+019,
           3.2503700000000000E+019,
           3.2325883858054328E+019,
           3.2149796447675384E+019,
           3.1975485813458739E+019,
           3.1803000000000004E+019,
           3.1632384460556386E+019,
           3.1463674283031609E+019,
           3.1296901963991036E+019,
           3.1132100000000000E+019,
           3.0969301737220145E+019,
           3.0808543920198189E+019,
           3.0649864143077143E+019,
           3.0493300000000000E+019,
           3.0338883590563045E+019,
           3.0186625036175643E+019,
           3.0036528963700417E+019,
           2.9888600000000000E+019,
           2.9742842025527665E+019,
           2.9599255935099236E+019,
           2.9457841877121196E+019,
           2.9318600000000004E+019,
           2.9181523307326296E+019,
           2.9046576223427408E+019,
           2.8913716027814810E+019,
           2.8782900000000000E+019,
           2.8654081932667150E+019,
           2.8527201671191146E+019,
           2.8402195574119571E+019,
           2.8279000000000000E+019,
           2.8157539587005121E+019,
           2.8037692091808027E+019,
           2.7919323550706913E+019,
           2.7802300000000004E+019,
           2.7686480031812379E+019,
           2.7571692461576765E+019,
           2.7457758660552770E+019,
           2.7344500000000000E+019,
           2.7231721535745360E+019,
           2.7119163061884916E+019,
           2.7006548057082012E+019,
           2.6893600000000000E+019,
           2.6780024450206175E+019,
           2.6665455290883580E+019,
           2.6549508486119191E+019,
           2.6431800000000000E+019,
           2.6311925975929946E+019,
           2.6189403274580783E+019,
           2.6063728935941231E+019,
           2.5934400000000000E+019,
           2.5800887271074054E+019,
           2.5662556610793304E+019,
           2.5518747645115900E+019,
           2.5368800000000004E+019,
           2.5212029627273843E+019,
           2.5047657782246015E+019,
           2.4874882046095176E+019,
           2.4692900000000000E+019,
           2.4500887969830580E+019,
           2.4297937260222657E+019,
           2.4083117920503411E+019,
           2.3855500000000000E+019,
           2.3614146618403848E+019,
           2.3358093176863359E+019,
           2.3086368146891190E+019,
           2.2798000000000000E+019,
           2.2492038056554037E+019,
           2.2167615032323903E+019,
           2.1823884491931820E+019,
           2.1460000000000000E+019,
           2.1075171467880030E+019,
           2.0668834193841046E+019,
           2.0240479822881522E+019,
           1.9789600000000012E+019,
           1.9315799509425848E+019,
           1.8819135692311949E+019,
           1.8299779029042094E+019,
           1.7757900000000000E+019,
           1.7193811744416600E+019,
           1.6608398036911159E+019,
           1.6002685310950169E+019,
           1.5377700000000014E+019,
           1.4734670700407824E+019,
           1.4075634660043422E+019,
           1.3402831289657297E+019,
           1.2718500000000000E+019,
           1.2024889360202162E+019,
           1.1324284572915180E+019,
           1.0618979999170607E+019,
           9.9112700000000164E+018,
           9.2039687337835336E+018,
           8.5019695482958746E+018,
           7.8106855886602578E+018,
           7.1355300000000000E+018,
           6.4801161734137221E+018,
           5.8408584839013796E+018,
           5.2123715524383764E+018,
           4.5892700000000000E+018,
 ZEFF_IN =    1.750000000000000     ,
              1.750000000000000     ,
              1.750000000000000     ,
              1.750000000000000     ,
              1.750000000000000     ,
              1.750000000000000     ,
              1.750000000000000     ,
              1.750000000000000     ,
              1.750000000000000     ,
              1.750000000000000     ,
              1.750000000000000     ,
              1.750000000000000     ,
              1.750000000000000     ,
              1.750000000000000     ,
              1.750000000000000     ,
              1.750000000000000     ,
              1.750000000000000     ,
              1.750000000000000     ,
              1.750000000000000     ,
              1.750000000000000     ,
              1.750000000000000     ,
              1.750000000000000     ,
              1.750000000000000     ,
              1.750000000000000     ,
              1.750000000000000     ,
              1.750000000000000     ,
              1.750000000000000     ,
              1.750000000000000     ,
              1.750000000000000     ,
              1.750000000000000     ,
              1.750000000000000     ,
              1.750000000000000     ,
              1.750000000000000     ,
              1.750000000000000     ,
              1.750000000000000     ,
              1.750000000000000     ,
              1.750000000000000     ,
              1.750000000000000     ,
              1.750000000000000     ,
              1.750000000000000     ,
              1.750000000000000     ,
              1.750000000000000     ,
              1.750000000000000     ,
              1.750000000000000     ,
              1.750000000000000     ,
              1.750000000000000     ,
              1.750000000000000     ,
              1.750000000000000     ,
              1.750000000000000     ,
              1.750000000000000     ,
              1.750000000000000     ,
              1.750000000000000     ,
              1.750000000000000     ,
              1.750000000000000     ,
              1.750000000000000     ,
              1.750000000000000     ,
              1.750000000000000     ,
              1.750000000000000     ,
              1.750000000000000     ,
              1.750000000000000     ,
              1.750000000000000     ,
              1.750000000000000     ,
              1.750000000000000     ,
              1.750000000000000     ,
              1.750000000000000     ,
              1.750000000000000     ,
              1.750000000000000     ,
              1.750000000000000     ,
              1.750000000000000     ,
              1.750000000000000     ,
              1.750000000000000     ,
              1.750000000000000     ,
              1.750000000000000     ,
              1.750000000000000     ,
              1.750000000000000     ,
              1.750000000000000     ,
              1.750000000000000     ,
              1.750000000000000     ,
              1.750000000000000     ,
              1.750000000000000     ,
              1.750000000000000     ,
              1.750000000000000     ,
              1.750000000000000     ,
              1.750000000000000     ,
              1.750000000000000     ,
              1.750000000000000     ,
              1.750000000000000     ,
              1.750000000000000     ,
              1.750000000000000     ,
              1.750000000000000     ,
              1.750000000000000     ,
              1.750000000000000     ,
              1.750000000000000     ,
              1.750000000000000     ,
              1.750000000000000     ,
              1.750000000000000     ,
              1.750000000000000     ,
              1.750000000000000     ,
              1.750000000000000     ,
              1.750000000000000     ,
              1.750000000000000     ,
              1.750000000000000     ,
              1.750000000000000     ,
              1.750000000000000     ,
              1.750000000000000     ,
              1.750000000000000     ,
              1.750000000000000     ,
              1.750000000000000     ,
              1.750000000000000     ,
              1.750000000000000     ,
              1.750000000000000     ,
              1.750000000000000     ,
              1.750000000000000     ,
              1.750000000000000     ,
              1.750000000000000     ,
              1.750000000000000     ,
              1.750000000000000     ,
              1.750000000000000     ,
              1.750000000000000     ,
              1.750000000000000     ,
              1.750000000000000     ,
              1.750000000000000     ,
              1.750000000000000     ,
              1.750000000000000     ,
              1.750000000000000     ,
              1.750000000000000     ,
              1.750000000000000     ,
              1.750000000000000     ,
              1.750000000000000     ,
              1.750000000000000     ,
              1.750000000000000     ,
              1.750000000000000     ,
              1.750000000000000     ,
              1.750000000000000     ,
              1.750000000000000     ,
              1.750000000000000     ,
              1.750000000000000     ,
              1.750000000000000     ,
              1.750000000000000     ,
              1.750000000000000     ,
              1.750000000000000     ,
              1.750000000000000     ,
              1.750000000000000     ,
              1.750000000000000     ,
              1.750000000000000     ,
              1.750000000000000     ,
              1.750000000000000     ,
              1.750000000000000     ,
              1.750000000000000     ,
              1.750000000000000     ,
              1.750000000000000     ,
              1.750000000000000     ,
              1.750000000000000     ,
              1.750000000000000     ,
              1.750000000000000     ,
              1.750000000000000     ,
              1.750000000000000     ,
              1.750000000000000     ,
              1.750000000000000     ,
              1.750000000000000     ,
              1.750000000000000     ,
              1.750000000000000     ,
              1.750000000000000     ,
              1.750000000000000     ,
              1.750000000000000     ,
              1.750000000000000     ,
              1.750000000000000     ,
              1.750000000000000     ,
              1.750000000000000     ,
              1.750000000000000     ,
              1.750000000000000     ,
              1.750000000000000     ,
              1.750000000000000     ,
              1.750000000000000     ,
              1.750000000000000     ,
              1.750000000000000     ,
              1.750000000000000     ,
              1.750000000000000     ,
              1.750000000000000     ,
              1.750000000000000     ,
              1.750000000000000     ,
              1.750000000000000     ,
              1.750000000000000     ,
              1.750000000000000     ,
              1.750000000000000     ,
              1.750000000000000     ,
              1.750000000000000     ,
              1.750000000000000     ,
              1.750000000000000     ,
              1.750000000000000     ,
              1.750000000000000     ,
              1.750000000000000     ,
              1.750000000000000     ,
              1.750000000000000     ,
              1.750000000000000     ,
              1.750000000000000     ,
              1.750000000000000     ,
              1.750000000000000     ,
              1.750000000000000     ,
              1.750000000000000     ,
              1.750000000000000     ,
 OMEGA_IN =    0.000000000000000     ,
               0.000000000000000     ,
               0.000000000000000     ,
               0.000000000000000     ,
               0.000000000000000     ,
               0.000000000000000     ,
               0.000000000000000     ,
               0.000000000000000     ,
               0.000000000000000     ,
               0.000000000000000     ,
               0.000000000000000     ,
               0.000000000000000     ,
               0.000000000000000     ,
               0.000000000000000     ,
               0.000000000000000     ,
               0.000000000000000     ,
               0.000000000000000     ,
               0.000000000000000     ,
               0.000000000000000     ,
               0.000000000000000     ,
               0.000000000000000     ,
               0.000000000000000     ,
               0.000000000000000     ,
               0.000000000000000     ,
               0.000000000000000     ,
               0.000000000000000     ,
               0.000000000000000     ,
               0.000000000000000     ,
               0.000000000000000     ,
               0.000000000000000     ,
               0.000000000000000     ,
               0.000000000000000     ,
               0.000000000000000     ,
               0.000000000000000     ,
               0.000000000000000     ,
               0.000000000000000     ,
               0.000000000000000     ,
               0.000000000000000     ,
               0.000000000000000     ,
               0.000000000000000     ,
               0.000000000000000     ,
               0.000000000000000     ,
               0.000000000000000     ,
               0.000000000000000     ,
               0.000000000000000     ,
               0.000000000000000     ,
               0.000000000000000     ,
               0.000000000000000     ,
               0.000000000000000     ,
               0.000000000000000     ,
               0.000000000000000     ,
               0.000000000000000     ,
               0.000000000000000     ,
               0.000000000000000     ,
               0.000000000000000     ,
               0.000000000000000     ,
               0.000000000000000     ,
               0.000000000000000     ,
               0.000000000000000     ,
               0.000000000000000     ,
               0.000000000000000     ,
               0.000000000000000     ,
               0.000000000000000     ,
               0.000000000000000     ,
               0.000000000000000     ,
               0.000000000000000     ,
               0.000000000000000     ,
               0.000000000000000     ,
               0.000000000000000     ,
               0.000000000000000     ,
               0.000000000000000     ,
               0.000000000000000     ,
               0.000000000000000     ,
               0.000000000000000     ,
               0.000000000000000     ,
               0.000000000000000     ,
               0.000000000000000     ,
               0.000000000000000     ,
               0.000000000000000     ,
               0.000000000000000     ,
               0.000000000000000     ,
               0.000000000000000     ,
               0.000000000000000     ,
               0.000000000000000     ,
               0.000000000000000     ,
               0.000000000000000     ,
               0.000000000000000     ,
               0.000000000000000     ,
               0.000000000000000     ,
               0.000000000000000     ,
               0.000000000000000     ,
               0.000000000000000     ,
               0.000000000000000     ,
               0.000000000000000     ,
               0.000000000000000     ,
               0.000000000000000     ,
               0.000000000000000     ,
               0.000000000000000     ,
               0.000000000000000     ,
               0.000000000000000     ,
               0.000000000000000     ,
               0.000000000000000     ,
               0.000000000000000     ,
               0.000000000000000     ,
               0.000000000000000     ,
               0.000000000000000     ,
               0.000000000000000     ,
               0.000000000000000     ,
               0.000000000000000     ,
               0.000000000000000     ,
               0.000000000000000     ,
               0.000000000000000     ,
               0.000000000000000     ,
               0.000000000000000     ,
               0.000000000000000     ,
               0.000000000000000     ,
               0.000000000000000     ,
               0.000000000000000     ,
               0.000000000000000     ,
               0.000000000000000     ,
               0.000000000000000     ,
               0.000000000000000     ,
               0.000000000000000     ,
               0.000000000000000     ,
               0.000000000000000     ,
               0.000000000000000     ,
               0.000000000000000     ,
               0.000000000000000     ,
               0.000000000000000     ,
               0.000000000000000     ,
               0.000000000000000     ,
               0.000000000000000     ,
               0.000000000000000     ,
               0.000000000000000     ,
               0.000000000000000     ,
               0.000000000000000     ,
               0.000000000000000     ,
               0.000000000000000     ,
               0.000000000000000     ,
               0.000000000000000     ,
               0.000000000000000     ,
               0.000000000000000     ,
               0.000000000000000     ,
               0.000000000000000     ,
               0.000000000000000     ,
               0.000000000000000     ,
               0.000000000000000     ,
               0.000000000000000     ,
               0.000000000000000     ,
               0.000000000000000     ,
               0.000000000000000     ,
               0.000000000000000     ,
               0.000000000000000     ,
               0.000000000000000     ,
               0.000000000000000     ,
               0.000000000000000     ,
               0.000000000000000     ,
               0.000000000000000     ,
               0.000000000000000     ,
               0.000000000000000     ,
               0.000000000000000     ,
               0.000000000000000     ,
               0.000000000000000     ,
               0.000000000000000     ,
               0.000000000000000     ,
               0.000000000000000     ,
               0.000000000000000     ,
               0.000000000000000     ,
               0.000000000000000     ,
               0.000000000000000     ,
               0.000000000000000     ,
               0.000000000000000     ,
               0.000000000000000     ,
               0.000000000000000     ,
               0.000000000000000     ,
               0.000000000000000     ,
               0.000000000000000     ,
               0.000000000000000     ,
               0.000000000000000     ,
               0.000000000000000     ,
               0.000000000000000     ,
               0.000000000000000     ,
               0.000000000000000     ,
               0.000000000000000     ,
               0.000000000000000     ,
               0.000000000000000     ,
               0.000000000000000     ,
               0.000000000000000     ,
               0.000000000000000     ,
               0.000000000000000     ,
               0.000000000000000     ,
               0.000000000000000     ,
               0.000000000000000     ,
               0.000000000000000     ,
               0.000000000000000     ,
               0.000000000000000     ,
               0.000000000000000     ,
               0.000000000000000     ,
               0.000000000000000     ,
               0.000000000000000     ,
               0.000000000000000     ,
 VLOOP_IN =   0.6183339108414868     ,
              0.6184207769413841     ,
              0.6187456216798515     ,
              0.6200072648067789     ,
              0.6232211012573717     ,
              0.6292958832160964     ,
              0.6385643105975477     ,
              0.6506056925850008     ,
              0.6643289728295451     ,
              0.6781914850468710     ,
              0.6907803277928493     ,
              0.7015879327212668     ,
              0.7110872645528244     ,
              0.7202121340864721     ,
              0.7297370205049021     ,
              0.7397964162763864     ,
              0.7500326509011661     ,
              0.7601040343308890     ,
              0.7699570432631655     ,
              0.7797080401871790     ,
              0.7894018118459423     ,
              0.7990110724205669     ,
              0.8086225768937657     ,
              0.8183592181155297     ,
              0.8280336999660749     ,
              0.8373749814872242     ,
              0.8465532929394683     ,
              0.8558073374368410     ,
              0.8649247673424926     ,
              0.8738003792224266     ,
              0.8827825383491013     ,
              0.8919224277649560     ,
              0.9009184612088890     ,
              0.9097326021776481     ,
              0.9184887866898508     ,
              0.9272738208683035     ,
              0.9359847142428858     ,
              0.9445513667832190     ,
              0.9530606145075615     ,
              0.9614934404429077     ,
              0.9699232231586502     ,
              0.9783572574054293     ,
              0.9866580884974904     ,
              0.9949147646432700     ,
               1.003168968415106     ,
               1.011261233536318     ,
               1.019304937520653     ,
               1.027452212499747     ,
               1.035499251114865     ,
               1.043337382870294     ,
               1.051159459831734     ,
               1.059043621304317     ,
               1.066875732631074     ,
               1.074565843911906     ,
               1.082100791533840     ,
               1.089533425275653     ,
               1.096986927375571     ,
               1.104471311540984     ,
               1.111829197505559     ,
               1.119061069938766     ,
               1.126290334178093     ,
               1.133526099657172     ,
               1.140702026376183     ,
               1.147779139573419     ,
               1.154751098753069     ,
               1.161606480060291     ,
               1.168335595527201     ,
               1.174952971552100     ,
               1.181559769627939     ,
               1.188209244252256     ,
               1.194786329976540     ,
               1.201205237532741     ,
               1.207465006809085     ,
               1.213640326973357     ,
               1.219845157912228     ,
               1.226031906286456     ,
               1.232068631800352     ,
               1.237927155519313     ,
               1.243734638256622     ,
               1.249582787330773     ,
               1.255345204487898     ,
               1.260916765895213     ,
               1.266400083422583     ,
               1.271908175474879     ,
               1.277350480557421     ,
               1.282614754922559     ,
               1.287795103289421     ,
               1.292994730315090     ,
               1.298115513063375     ,
               1.303065951490244     ,
               1.307960769818716     ,
               1.312876106115815     ,
               1.317678927308707     ,
               1.322331023534509     ,
               1.326968045786802     ,
               1.331598872440716     ,
               1.336093390090979     ,
               1.340485684262315     ,
               1.344897716010237     ,
               1.349257769352859     ,
               1.353469760663722     ,
               1.357630747955059     ,
               1.361825557367357     ,
               1.365941573768066     ,
               1.369931295422618     ,
               1.373913118062937     ,
               1.377915922318699     ,
               1.381829842657964     ,
               1.385647980537573     ,
               1.389480545134891     ,
               1.393325582807537     ,
               1.397097657852267     ,
               1.400796587123621     ,
               1.404514233137320     ,
               1.408276555551721     ,
               1.412003613040361     ,
               1.415666170503519     ,
               1.419339266900295     ,
               1.423078035693295     ,
               1.426836140206209     ,
               1.430570655957247     ,
               1.434298739650826     ,
               1.438085438055573     ,
               1.441976294572782     ,
               1.445926539787341     ,
               1.449904432864482     ,
               1.453924087869436     ,
               1.458020655667750     ,
               1.462251345343393     ,
               1.466630411219043     ,
               1.471133459519032     ,
               1.475761980469527     ,
               1.480537353539608     ,
               1.485477943965770     ,
               1.490602424014261     ,
               1.495953566396986     ,
               1.501578608390645     ,
               1.507483864413779     ,
               1.513675564633591     ,
               1.520185758370054     ,
               1.527049316086294     ,
               1.534298565125867     ,
               1.541969417711400     ,
               1.550106384401208     ,
               1.558756772337265     ,
               1.567966426316436     ,
               1.577786833457653     ,
               1.588280531265260     ,
               1.599514642398598     ,
               1.611556150186729     ,
               1.624479593162810     ,
               1.638372599997065     ,
               1.653329789377402     ,
               1.669448054965567     ,
               1.686835878070341     ,
               1.705622256026066     ,
               1.725949928838904     ,
               1.747970078372761     ,
               1.771854546493377     ,
               1.797810813193248     ,
               1.826063582779635     ,
               1.856841572299200     ,
               1.890405682468998     ,
               1.927063513436483     ,
               1.967164958156044     ,
               2.011116463666362     ,
               2.059380058305841     ,
               2.112456765284439     ,
               2.170911509882420     ,
               2.235506710537430     ,
               2.306949785169563     ,
               2.385995165153392     ,
               2.473742485249835     ,
               2.571455959736598     ,
               2.680553218767487     ,
               2.802653704606873     ,
               2.939689235941039     ,
               3.093988352482966     ,
               3.268287177770860     ,
               3.465839731942968     ,
               3.690602629171176     ,
               3.947393894207280     ,
               4.242082202366826     ,
               4.581878159095976     ,
               4.975724801447520     ,
               5.434654024510994     ,
               5.972415729883057     ,
               6.606399848954433     ,
               7.358708166010811     ,
               8.257840079011752     ,
               9.341615052448381     ,
               10.66103397326197     ,
               12.28379032547580     ,
               14.29670407976978     ,
               16.79974634353375     ,
               19.89744266761550     ,
               23.71477956867133     ,
               28.42955266856861     ,
               34.22054111775906     ,
               41.45228796319298     ,
               49.55018896335552     ,
 N0W_IN =    577992866335.0045     ,
             575872159854.0999     ,
             574689434301.4590     ,
             574833528279.0138     ,
             576030024692.9011     ,
             577966811677.4674     ,
             580352402580.8119     ,
             583095505313.6309     ,
             586217985499.6549     ,
             589744037986.2377     ,
             593699102496.8022     ,
             598110017331.1754     ,
             603000299378.6786     ,
             608375679812.9111     ,
             614238073809.4069     ,
             620590179877.2831     ,
             627435445582.0186     ,
             634778035038.4907     ,
             642622797871.4392     ,
             650975286039.6783     ,
             659843577053.1949     ,
             669238989931.9539     ,
             679173866208.1569     ,
             689661414645.9269     ,
             700715723275.9355     ,
             712351772867.4478     ,
             724585451776.0216     ,
             737433572106.8127     ,
             750913887109.4163     ,
             765044855400.8949     ,
             779844998831.3512     ,
             795333548927.0317     ,
             811530639530.3048     ,
             828457316534.7781     ,
             846135547692.8627     ,
             864588232365.9401     ,
             883839211082.0107     ,
             903913274759.8392     ,
             924836173452.2188     ,
             946634626052.8000     ,
             969336878763.4890     ,
             992973599292.3468     ,
             1017576851964.454     ,
             1043179929313.864     ,
             1069817377679.265     ,
             1097525022598.802     ,
             1126339993875.924     ,
             1156300750179.041     ,
             1187447103028.104     ,
             1219820240011.064     ,
             1253462747062.454     ,
             1288418629625.208     ,
             1324733870884.037     ,
             1362458314403.804     ,
             1401644251188.536     ,
             1442345904015.175     ,
             1484619481589.952     ,
             1528523233189.914     ,
             1574117503680.802     ,
             1621464788795.763     ,
             1670629790548.467     ,
             1721679472642.684     ,
             1774683115728.217     ,
             1829712372340.366     ,
             1886841321346.537     ,
             1946146856731.211     ,
             2007711435313.982     ,
             2071622103616.842     ,
             2137969225891.826     ,
             2206846584130.718     ,
             2278351492469.625     ,
             2352584914338.956     ,
             2429651582338.677     ,
             2509660120810.546     ,
             2592723171070.211     ,
             2678957519252.519     ,
             2768484226713.336     ,
             2861428762919.966     ,
             2957921140750.979     ,
             3058096551406.179     ,
             3162099394418.607     ,
             3270081929936.152     ,
             3382202575664.048     ,
             3498626135305.649     ,
             3619524051133.562     ,
             3745074666012.213     ,
             3875463495184.400     ,
             4010883508142.245     ,
             4151535420910.301     ,
             4297627999076.199     ,
             4449378371911.778     ,
             4607012357935.010     ,
             4770764802270.229     ,
             4940879984614.627     ,
             5117616414515.450     ,
             5301251124606.995     ,
             5492074245770.093     ,
             5690388933863.289     ,
             5896511989375.303     ,
             6110774508139.611     ,
             6333522564744.273     ,
             6565117930359.854     ,
             6805938826803.197     ,
             7056380718754.784     ,
             7316857146154.161     ,
             7587800598909.111     ,
             7869663436173.733     ,
             8162918852575.466     ,
             8468063377743.172     ,
             8785632882880.537     ,
             9116200027667.344     ,
             9460367312462.316     ,
             9818768656333.875     ,
             10192071202500.48     ,
             10580977236605.11     ,
             10986226225427.18     ,
             11408596984182.90     ,
             11848909981156.57     ,
             12308029789039.28     ,
             12786867693036.40     ,
             13286384466544.65     ,
             13807593325992.06     ,
             14351563299149.93     ,
             14919453488922.86     ,
             15512555162743.29     ,
             16132249780260.36     ,
             16780008106395.18     ,
             17457396648384.93     ,
             18166084605978.22     ,
             18907851379585.63     ,
             19684594685410.12     ,
             20498339331230.11     ,
             21351246711627.75     ,
             22245625087098.88     ,
             23183940717706.67     ,
             24168829928806.56     ,
             25203113280683.52     ,
             26289948886605.77     ,
             27433017551624.03     ,
             28636341823150.48     ,
             29904286074784.72     ,
             31241588765491.08     ,
             32653398146833.97     ,
             34145311824717.78     ,
             35723420633907.13     ,
             37394357342583.73     ,
             39165350771380.18     ,
             41044285987953.55     ,
             43039771325619.15     ,
             45161213077038.91     ,
             47419338107999.35     ,
             49827683449951.48     ,
             52401763456772.96     ,
             55158923407853.73     ,
             58118581989269.32     ,
             61302511214688.16     ,
             64735160128208.36     ,
             68444029802543.10     ,
             72460108553575.23     ,
             76818377987472.92     ,
             81558402542395.72     ,
             86725017661166.23     ,
             92369685208134.20     ,
             98554941811226.45     ,
             105354417958068.8     ,
             112853245729450.2     ,
             121150125034296.4     ,
             130359818670372.0     ,
             140616168054003.0     ,
             152075749432417.1     ,
             164922320622220.1     ,
             179372246830509.7     ,
             195681143354785.1     ,
             214144710545278.4     ,
             235076008951372.2     ,
             258827183714784.3     ,
             285805195124323.3     ,
             316480556781305.3     ,
             351397492134392.3     ,
             391185736153373.6     ,
             436574242374761.3     ,
             488407094569099.9     ,
             547655216664323.2     ,
             615329957152477.1     ,
             692466842507651.1     ,
             780176797232327.3     ,
             879636457162463.8     ,
             992070567927743.5     ,
             1118726863879500.     ,
             1260842153912544.     ,
             1419540297439148.     ,
             1595540310603699.     ,
             1789143255069263.     ,
             2000156407672963.     ,
             2227760686619586.     ,
             2470409708011595.     ,
             2729092798225954.     ,
             3011910106022945.     ,
             3330939428258810.     ,
             3701830406667472.     ,
             4130312620087671.     ,
 N0V_IN =    440075163414.8637     ,
             437678326842.5196     ,
             435958587568.0684     ,
             435156983571.0594     ,
             435000402539.3475     ,
             435187436593.2014     ,
             435437527370.5371     ,
             435660938877.2330     ,
             435874542709.8325     ,
             436096408628.5347     ,
             436344643731.3102     ,
             436637399641.8223     ,
             436989080678.4792     ,
             437399199138.1396     ,
             437863614310.4561     ,
             438378188549.4263     ,
             438938782236.2021     ,
             439541249142.4056     ,
             440181432192.0258     ,
             440855211345.5588     ,
             441560524890.5709     ,
             442298042091.7137     ,
             443068629693.3453     ,
             443873166680.2745     ,
             444712544876.9743     ,
             445587669566.7695     ,
             446499460131.6233     ,
             447448850713.1958     ,
             448436790881.1925     ,
             449464099753.0016     ,
             450531103882.3112     ,
             451638030942.0905     ,
             452785118767.7993     ,
             453972615437.9156     ,
             455200779358.6740     ,
             456469879353.0448     ,
             457780194754.0026     ,
             459132015502.1159     ,
             460525642247.5168     ,
             461961386733.3379     ,
             463439665448.4438     ,
             464961137704.7716     ,
             466526513169.0016     ,
             468136518010.3704     ,
             469791895379.9708     ,
             471493405903.8062     ,
             473241828190.0995     ,
             475037959351.3193     ,
             476882615541.4557     ,
             478776632509.0515     ,
             480720866166.5490     ,
             482716193176.5143     ,
             484763516967.8255     ,
             486863786024.5356     ,
             489017978054.7198     ,
             491227094691.3569     ,
             493492162212.4516     ,
             495814232283.4213     ,
             498194382722.5171     ,
             500633718290.0998     ,
             503133371502.6227     ,
             505694503472.2271     ,
             508318304772.8647     ,
             511005996333.9139     ,
             513758830362.2878     ,
             516578094189.3391     ,
             519465133588.6313     ,
             522421342158.2206     ,
             525448149853.8884     ,
             528547024024.7283     ,
             531719470589.6334     ,
             534967035252.9531     ,
             538291304760.7868     ,
             541693908199.4547     ,
             545176518337.7400     ,
             548740853014.5703     ,
             552388676573.8730     ,
             556121801348.3992     ,
             559942089194.4082     ,
             563851443301.5483     ,
             567851736611.0653     ,
             571944852176.9669     ,
             576132724898.8706     ,
             580417343411.3851     ,
             584800751724.7119     ,
             589285050920.9545     ,
             593872400908.1993     ,
             598565022234.5413     ,
             603365197964.3129     ,
             608275275618.8423     ,
             613297669184.1869     ,
             618434861188.3784     ,
             623689404850.8143     ,
             629063924761.0356     ,
             634561005206.3063     ,
             640183109349.7451     ,
             645932750388.7833     ,
             651812511442.5042     ,
             657825047485.8079     ,
             663973087346.4299     ,
             670259435766.9434     ,
             676686975533.9133     ,
             683258669676.4680     ,
             689977563736.6180     ,
             696846788113.7809     ,
             703869560486.0013     ,
             711049188310.5001     ,
             718389071406.2534     ,
             725892674733.7064     ,
             733563241941.5881     ,
             741403910070.4606     ,
             749417893039.2498     ,
             757608485869.8574     ,
             765979066441.0720     ,
             774533097288.7422     ,
             783274127453.1520     ,
             792205794374.5863     ,
             801331825838.0817     ,
             810656041968.3860     ,
             820182357276.1921     ,
             829914782756.6906     ,
             839857428041.5956     ,
             850014501636.4844     ,
             860390046282.5760     ,
             870987652642.4281     ,
             881810912492.4763     ,
             892863481267.6024     ,
             904149078122.0380     ,
             915671485962.8113     ,
             927434551453.7950     ,
             939442184988.3698     ,
             951698360628.6702     ,
             964207116009.3446     ,
             976972552203.6840     ,
             989998833549.9559     ,
             1003290187435.706     ,
             1016850905308.785     ,
             1030685500307.198     ,
             1044798871574.984     ,
             1059196043527.047     ,
             1073882131807.037     ,
             1088862344241.607     ,
             1104141981785.322     ,
             1119726439454.932     ,
             1135621207251.635     ,
             1151831871069.941     ,
             1168364113591.646     ,
             1185223715163.442     ,
             1202416554656.568     ,
             1219948610318.413     ,
             1237827904079.203     ,
             1256070135897.119     ,
             1274693460914.766     ,
             1293716834849.324     ,
             1313160051145.742     ,
             1333043780596.473     ,
             1353389613588.696     ,
             1374220105151.023     ,
             1395558822983.541     ,
             1417430398668.063     ,
             1439860582269.348     ,
             1462876300553.282     ,
             1486518269679.615     ,
             1510914208902.608     ,
             1536234978577.601     ,
             1562662516997.450     ,
             1590390798618.194     ,
             1619627117250.354     ,
             1650593620840.656     ,
             1683529128131.130     ,
             1718691262682.795     ,
             1756358946051.952     ,
             1796835299505.453     ,
             1840502807646.498     ,
             1888026758741.488     ,
             1940214968287.564     ,
             1997966488758.087     ,
             2062290260550.013     ,
             2134328299354.791     ,
             2215384406530.243     ,
             2306959682714.131     ,
             2410796499042.764     ,
             2528897895964.491     ,
             2663079995527.775     ,
             2815036330234.869     ,
             2986714375173.290     ,
             3180360114105.011     ,
             3398559233348.701     ,
             3644285139714.540     ,
             3920954830949.760     ,
             4231916719149.471     ,
             4578367205065.763     ,
             4960361690333.899     ,
             5377077021325.125     ,
             5826534694568.686     ,
             6305384821164.546     ,
             6815831304345.291     ,
             7374454325215.435     ,
             8004400404912.816     ,
             8733902741233.161     ,
             9567748529043.318     ,
 T0_IN =    1.167148755217952     ,
            1.170169955867760     ,
            1.172143852187123     ,
            1.172663673639511     ,
            1.172140739687493     ,
            1.171040253976734     ,
            1.169795212631588     ,
            1.168532741389448     ,
            1.167209814722996     ,
            1.165781723566096     ,
            1.164203979826997     ,
            1.162432386430031     ,
            1.160432451354528     ,
            1.158206604847442     ,
            1.155766310129237     ,
            1.153123022275488     ,
            1.150288170299415     ,
            1.147273140444594     ,
            1.144089260689635     ,
            1.140747679424468     ,
            1.137255188974978     ,
            1.133612956824280     ,
            1.129821840588793     ,
            1.125882779975940     ,
            1.121796801791561     ,
            1.117565024584409     ,
            1.113188662908109     ,
            1.108669031181730     ,
            1.104007547162129     ,
            1.099206043152095     ,
            1.094267512129326     ,
            1.089195251184747     ,
            1.083992628119515     ,
            1.078663080527964     ,
            1.073210114551153     ,
            1.067637303299003     ,
            1.061948284940960     ,
            1.056146760467230     ,
            1.050236491124714     ,
            1.044221294886808     ,
            1.038104826279206     ,
            1.031890262789372     ,
            1.025580761247356     ,
            1.019179535411524     ,
            1.012689852591329     ,
            1.006115030020660     ,
           0.9994584309973955     ,
           0.9927234608064369     ,
           0.9859135624448996     ,
           0.9790322121695411     ,
           0.9720829148876483     ,
           0.9650691994136171     ,
           0.9579945711580681     ,
           0.9508623694365396     ,
           0.9436758936768183     ,
           0.9364384464209431     ,
           0.9291533291080789     ,
           0.9218238378703968     ,
           0.9144532593591052     ,
           0.9070448666171778     ,
           0.8996019150148254     ,
           0.8921276382631903     ,
           0.8846252445210424     ,
           0.8770979126084620     ,
           0.8695487883406218     ,
           0.8619809731340917     ,
           0.8543974605933375     ,
           0.8468011667503302     ,
           0.8391949619592610     ,
           0.8315816687278572     ,
           0.8239640594185828     ,
           0.8163448541048510     ,
           0.8087267185849090     ,
           0.8011122625552324     ,
           0.7935040379444585     ,
           0.7859045374080925     ,
           0.7783161929834838     ,
           0.7707413749038351     ,
           0.7631823905693378     ,
           0.7556414855179590     ,
           0.7481208555440662     ,
           0.7406226363115482     ,
           0.7331488950315704     ,
           0.7257016304838330     ,
           0.7182827732049800     ,
           0.7108941857793638     ,
           0.7035376632268973     ,
           0.6962149334826515     ,
           0.6889276579628146     ,
           0.6816774322116154     ,
           0.6744657866238261     ,
           0.6672941872374951     ,
           0.6601640365916275     ,
           0.6530766743545265     ,
           0.6460333570756107     ,
           0.6390352443482326     ,
           0.6320834322264096     ,
           0.6251789581271694     ,
           0.6183228023483187     ,
           0.6115158895796901     ,
           0.6047590904055863     ,
           0.5980532227963277     ,
           0.5913990535869824     ,
           0.5847972999415405     ,
           0.5782486308009364     ,
           0.5717536683134988     ,
           0.5653129892465337     ,
           0.5589271263779021     ,
           0.5525965607010598     ,
           0.5463216362415744     ,
           0.5401026024766991     ,
           0.5339396735268478     ,
           0.5278330304744837     ,
           0.5217828228355846     ,
           0.5157891699702456     ,
           0.5098521624350132     ,
           0.5039718632794489     ,
           0.4981483092893345     ,
           0.4923815121788384     ,
           0.4866714597338748     ,
           0.4810181169087868     ,
           0.4754214268784145     ,
           0.4698813090717457     ,
           0.4643972659191385     ,
           0.4589680100458834     ,
           0.4535921903557840     ,
           0.4482684888442785     ,
           0.4429956208706439     ,
           0.4377723353629168     ,
           0.4325974149627883     ,
           0.4274696761170119     ,
           0.4223879691211951     ,
           0.4173511781212344     ,
           0.4123582210770849     ,
           0.4074080496930365     ,
           0.4024996493181910     ,
           0.3976320271064915     ,
           0.3928027932866897     ,
           0.3880068926075364     ,
           0.3832391756730456     ,
           0.3784947276792428     ,
           0.3737688670264950     ,
           0.3690571443961250     ,
           0.3643553422565207     ,
           0.3596594747617463     ,
           0.3549657880035355     ,
           0.3502707605754965     ,
           0.3455711044063581     ,
           0.3408637658171882     ,
           0.3361459267389897     ,
           0.3314122590740318     ,
           0.3266475705007382     ,
           0.3218352445170018     ,
           0.3169597905149415     ,
           0.3120068764535511     ,
           0.3069633677289752     ,
           0.3018173710314432     ,
           0.2965582819078800     ,
           0.2911768346782090     ,
           0.2856651532846839     ,
           0.2800168015906647     ,
           0.2742268315918214     ,
           0.2682898876453069     ,
           0.2621897477463043     ,
           0.2559081670579909     ,
           0.2494305155778053     ,
           0.2427459397397124     ,
           0.2358474956398595     ,
           0.2287322611243366     ,
           0.2214014181201122     ,
           0.2138602969017860     ,
           0.2061183745348560     ,
           0.1981892205439633     ,
           0.1900938030115805     ,
           0.1818714916175811     ,
           0.1735661178243050     ,
           0.1652205832845663     ,
           0.1568764440146386     ,
           0.1485735298905385     ,
           0.1403496044592406     ,
           0.1322400690716563     ,
           0.1242777139624330     ,
           0.1164929004613474     ,
           0.1089181712914259     ,
           0.1015851968618579     ,
           9.4520186092421132E-002,
           8.7744023979999905E-002,
           8.1272585225116864E-002,
           7.5117095420523999E-002,
           6.9284525850440759E-002,
           6.3781865137831392E-002,
           5.8625876935038700E-002,
           5.3827903991911216E-002,
           4.9390824892633446E-002,
           4.5310663711280917E-002,
           4.1577445629908623E-002,
           3.8123448729302102E-002,
           3.4807845985759596E-002,
           3.1526220876117145E-002,
           2.8230111357485994E-002,
           2.5069694941295496E-002,
 F0W_IN =   1.8496675311571894E+021,
 DN0OUT =    5000000000000.000     
 /
 &DNUBEAM_DIFB
 DIFB_0 =    5000.000000000000     ,
 DIFB_A =    5000.000000000000     ,
 DIFB_IN =    1.000000000000000     ,
 DIFB_OUT =    1.000000000000000     ,
 NKDIFB =            0
 /
