     0.346071     0.375115     0.406705     0.439882     0.466039     0.509675
     0.627804     0.551642     0.287217     0.195172     0.238926     0.341694
     0.347523     0.195697     0.132538     0.208048     0.173377    0.0950947
     0.168185     0.300247     0.310158     0.211467     0.153569     0.114606
    0.0857607    0.0634774    0.0485980    0.0488843    0.0710876    0.0902731
    0.0885372    0.0963368     0.137375     0.169983     0.221119     0.265711
     0.247651     0.216626     0.194148     0.178019     0.166348     0.157906
     0.151810     0.147390     0.144143     0.141696     0.139776     0.138181
     0.136758     0.135386     0.133971     0.132439     0.130729     0.128799
     0.126623     0.124185     0.121491     0.118552     0.115390     0.112035
     0.108521     0.104883     0.101156    0.0973763    0.0935231
     0.380937     0.417268     0.455801     0.495171     0.527678     0.568250
     0.424395     0.234169     0.112499    0.0388473     0.123300     0.210966
     0.260773     0.251274     0.213898     0.241949     0.233880     0.191922
     0.222941     0.237348     0.209020     0.164334     0.125699    0.0944347
    0.0678905    0.0434820    0.0187974    0.0110662    0.0460074    0.0655615
    0.0483676    0.0712842     0.117209     0.160127     0.213027     0.266831
     0.249808     0.221828     0.202218     0.188279     0.178150     0.170718
     0.165254     0.161239     0.158286     0.156096     0.154439     0.153128
     0.152008     0.150953     0.149853     0.148614     0.147154     0.145400
     0.143297     0.140802     0.137893     0.134565     0.130835     0.126741
     0.122335     0.117688     0.112872     0.107967     0.102979
     0.397555     0.446351     0.503118     0.583560     0.537034     0.403028
     0.289218     0.210956     0.219499     0.187363     0.187109     0.210362
     0.239633     0.250628     0.242752     0.245443     0.237094     0.217020
     0.210593     0.190056     0.155145     0.126920     0.103873    0.0844758
    0.0681990    0.0551991    0.0470932    0.0478415    0.0613028    0.0884836
     0.120700     0.137700     0.166618     0.183409     0.209103     0.219930
     0.215802     0.205487     0.196164     0.188681     0.182856     0.178421
     0.175128     0.172753     0.171101     0.170000     0.169296     0.168846
     0.168519     0.168193     0.167747     0.167071     0.166055     0.164597
     0.162609     0.160020     0.156789     0.152902     0.148385     0.143298
     0.137735     0.131813     0.125663     0.119413     0.113109
     0.392322     0.436893     0.488744     0.549531     0.502398     0.381904
     0.344372     0.310907     0.284827     0.253129     0.232890     0.224229
     0.220469     0.216215     0.209451     0.200362     0.188729     0.174838
     0.159378     0.142071     0.123685     0.106394    0.0916623    0.0799382
    0.0713417    0.0661459    0.0650149    0.0690283    0.0793943    0.0963919
     0.115548     0.132371     0.149119     0.162776     0.174538     0.181087
     0.184267     0.185379     0.185125     0.184296     0.183414     0.182751
     0.182426     0.182467     0.182855     0.183539     0.184451     0.185502
     0.186592     0.187606     0.188417     0.188886     0.188861     0.188185
     0.186706     0.184291     0.180846     0.176332     0.170781     0.164296
     0.157047     0.149248     0.141137     0.132944     0.124807
     0.368409     0.395619     0.424323     0.448675     0.448075     0.403358
     0.358820     0.321258     0.286771     0.259904     0.239138     0.223024
     0.209799     0.197738     0.185641     0.172898     0.159320     0.145004
     0.130253     0.115528     0.101494    0.0889489    0.0786087    0.0709478
    0.0662053    0.0644841    0.0658511    0.0703684    0.0779749    0.0882430
     0.100301     0.113179     0.126070     0.138265     0.149173     0.158392
     0.165846     0.171713     0.176300     0.179973     0.183073     0.185876
     0.188578     0.191308     0.194140     0.197106     0.200203     0.203394
     0.206608     0.209741     0.212651     0.215160     0.217044     0.218038
     0.217848     0.216184     0.212815     0.207628     0.200651     0.192058
     0.182161     0.171388     0.160214     0.149078     0.138326
     0.335641     0.354531     0.366608     0.372856     0.372134     0.354842
     0.326487     0.298940     0.273961     0.251727     0.232106     0.214654
     0.198743     0.183726     0.169078     0.154466     0.139764     0.125030
     0.110481    0.0964677    0.0834598    0.0720180    0.0627574    0.0562820
    0.0530520    0.0531912    0.0564024    0.0621776    0.0700322    0.0795310
    0.0902374     0.101692     0.113429     0.125007     0.136047     0.146268
     0.155517     0.163769     0.171105     0.177680     0.183683     0.189308
     0.194726     0.200083     0.205493     0.211039     0.216776     0.222721
     0.228850     0.235090     0.241301     0.247265     0.252666     0.257068
     0.259866     0.260295     0.257720     0.251890     0.242858     0.230871
     0.216431     0.200457     0.184105     0.168300     0.153789
     0.278848     0.315995     0.333676     0.329619     0.321113     0.309413
     0.293894     0.276167     0.257761     0.239578     0.222025     0.205187
     0.188969     0.173195     0.157687     0.142321     0.127050     0.111910
    0.0970187    0.0825674    0.0688302    0.0562030    0.0453269    0.0373297
    0.0338803    0.0359930    0.0423552    0.0510461    0.0610381    0.0718421
    0.0831859    0.0948502     0.106617     0.118266     0.129593     0.140437
     0.150692     0.160318     0.169342     0.177841     0.185934     0.193761
     0.201471     0.209213     0.217131     0.225361     0.234032     0.243254
     0.253111     0.263646     0.274824     0.286483     0.298264     0.309619
     0.319983     0.326068     0.325328     0.318706     0.306872     0.289895
     0.267042     0.239718     0.213847     0.190601     0.170852
     0.274092     0.286561     0.295591     0.297498     0.293263     0.284834
     0.273435     0.259955     0.245169     0.229691     0.213939     0.198156
     0.182456     0.166865     0.151376     0.135971     0.120648     0.105421
    0.0903228    0.0753938    0.0606681    0.0461645    0.0319069    0.0181845
   0.00918418    0.0180993    0.0310421    0.0436550    0.0560518    0.0683104
    0.0804942    0.0926075     0.104610     0.116429     0.127987     0.139211
     0.150055     0.160508     0.170592     0.180370     0.189936     0.199414
     0.208947     0.218700     0.228855     0.239617     0.251221     0.263931
     0.278052     0.293936     0.311970     0.332535     0.355905     0.381845
     0.404074     0.415675     0.403687     0.396055     0.378547     0.356946
     0.336111     0.290544     0.248693     0.214848     0.188077
     0.241968     0.273887     0.289986     0.287157     0.280641     0.272991
     0.263223     0.251614     0.238631     0.224717     0.210228     0.195424
     0.180478     0.165496     0.150545     0.135667     0.120896     0.106267
    0.0918159    0.0775864    0.0636421    0.0501084    0.0373241    0.0264096
    0.0167461    0.0220957    0.0360277    0.0480999    0.0598946    0.0718454
    0.0837781    0.0956605     0.107455     0.119119     0.130613     0.141904
     0.152974     0.163830     0.174502     0.185049     0.195561     0.206157
     0.216986     0.228229     0.240109     0.252897     0.266936     0.282664
     0.300662     0.321737     0.347050     0.378366     0.418352     0.468842
     0.504615     0.469469     0.417641     0.388219     0.356265     0.335834
     0.346221     0.337483     0.287243     0.239716     0.201969
     0.250654     0.265061     0.276542     0.280218     0.277564     0.271023
     0.261898     0.250929     0.238656     0.225502     0.211789     0.197762
     0.183599     0.169428     0.155344     0.141427     0.127752     0.114402
     0.101481    0.0891314    0.0775737    0.0671683    0.0585236    0.0479861
    0.0377629    0.0368663    0.0459579    0.0592843    0.0721935    0.0828566
    0.0932768     0.104111     0.115087     0.126129     0.137167     0.148162
     0.159092     0.169962     0.180798     0.191653     0.202610     0.213781
     0.225312     0.237388     0.250245     0.264181     0.279590     0.296990
     0.317089     0.340896     0.369892     0.406370     0.453964     0.517097
     0.570177     0.498706     0.381369     0.284524     0.202927     0.163700
     0.224623     0.328994     0.313128     0.259490     0.209574
     0.249189     0.277249     0.293539     0.294057     0.287925     0.279639
     0.269403     0.257768     0.245220     0.232124     0.218737     0.205249
     0.191798     0.178492     0.165423     0.152682     0.140365     0.128588
     0.117498     0.107280    0.0981691    0.0904401    0.0798528    0.0670533
    0.0580643    0.0548831    0.0584527    0.0675854    0.0806072    0.0947743
     0.107321     0.117340     0.126993     0.137063     0.147303     0.157671
     0.168123     0.178648     0.189258     0.199991     0.210910     0.222111
     0.233720     0.245900     0.258859     0.272865     0.288267     0.305516
     0.325209     0.348152     0.375425     0.408481     0.449212     0.500373
     0.566748     0.581022     0.422487     0.304042     0.189535    0.0555928
     0.111297     0.252309     0.318623     0.268404     0.209429
     0.284662     0.314123     0.324196     0.320887     0.311308     0.298976
     0.285485     0.271638     0.257793     0.244103     0.230642     0.217459
     0.204599     0.192107     0.180037     0.168455     0.157445     0.147118
     0.137620     0.129164     0.122068     0.112144    0.0986890    0.0871555
    0.0786426    0.0742804    0.0748008    0.0800720    0.0892274     0.101142
     0.115199     0.129612     0.141909     0.151478     0.160590     0.170100
     0.179796     0.189671     0.199710     0.209930     0.220369     0.231092
     0.242190     0.253779     0.266011     0.279074     0.293204     0.308691
     0.325898     0.345276     0.367387     0.392950     0.422923     0.458843
     0.504962     0.580670     0.539373     0.411449     0.402442     0.319887
     0.295093     0.278376     0.337487     0.264977     0.181100
     0.314720     0.383203     0.391844     0.377064     0.351845     0.328118
     0.308047     0.290574     0.274808     0.260225     0.246527     0.233552
     0.221211     0.209464     0.198304     0.187746     0.177820     0.168567
     0.160016     0.152166     0.144918     0.133514     0.119880     0.108600
     0.100070    0.0948601    0.0934396    0.0959195     0.101969     0.110966
     0.122246     0.135183     0.149595     0.164051     0.176089     0.185232
     0.193859     0.202857     0.212038     0.221415     0.230993     0.240804
     0.250897     0.261335     0.272196     0.283570     0.295562     0.308288
     0.321866     0.336411     0.352018     0.368734     0.386492     0.404962
     0.423143     0.439645     0.464122     0.445153     0.412022     0.406970
     0.338529     0.333486     0.252844     0.191507     0.154776
     0.246659     0.289440     0.465833     0.438718     0.384094     0.352591
     0.329356     0.310207     0.293568     0.278660     0.265038     0.252435
     0.240689     0.229701     0.219419     0.209821     0.200903     0.192672
     0.185131     0.178287     0.167799     0.153888     0.141397     0.130729
     0.122298     0.116536     0.113802     0.114276     0.117878     0.124294
     0.133075     0.143751     0.155921     0.169220     0.183650     0.197966
     0.209624     0.218210     0.226201     0.234489     0.242892     0.251440
     0.260158     0.269058     0.278145     0.287420     0.296877     0.306489
     0.316198     0.325899     0.335410     0.344439     0.352528     0.359007
     0.362980     0.363279     0.357967     0.344458     0.323268     0.296150
     0.263914     0.228409     0.189975     0.152267     0.120437
     0.146574     0.240678     0.340629     0.385343     0.382346     0.364698
     0.345613     0.328008     0.312184     0.297923     0.284957     0.273073
     0.262119     0.251988     0.242619     0.233982     0.226070     0.218887
     0.212411     0.202214     0.188443     0.175602     0.163954     0.153804
     0.145487     0.139341     0.135666     0.134655     0.136345     0.140601
     0.147152     0.155655     0.165758     0.177142     0.189561     0.202785
     0.216913     0.230812     0.241785     0.249416     0.256265     0.263229
     0.270321     0.277475     0.284625     0.291692     0.298592     0.305213
     0.311407     0.316973     0.321642     0.325060     0.326770     0.326212
     0.322741     0.315658     0.304312     0.288307     0.267736     0.243165
     0.215478     0.185793     0.155436     0.125929    0.0983117
     0.266957     0.280131     0.516745     0.461643     0.405227     0.379617
     0.360778     0.344663     0.330303     0.317330     0.305519     0.294705
     0.284768     0.275619     0.267206     0.259514     0.252588     0.246575
     0.237344     0.223923     0.211051     0.198978     0.187927     0.178137
     0.169871     0.163402     0.158983     0.156807     0.156964     0.159423
     0.164035     0.170563     0.178724     0.188231     0.198824     0.210286
     0.222462     0.235196     0.248619     0.261621     0.271112     0.276153
     0.281607     0.287038     0.292309     0.297282     0.301838     0.305838
     0.309115     0.311462     0.312622     0.312286     0.310101     0.305677
     0.298623     0.288589     0.275332     0.258783     0.239099     0.216684
     0.192156     0.166309     0.140043     0.114276    0.0893291
    0.0405331     0.201082     0.332989     0.391545     0.397904     0.387058
     0.373284     0.360000     0.347773     0.336587     0.326328     0.316891
     0.308187     0.300138     0.292675     0.285720     0.279162     0.272805
     0.262036     0.248381     0.235798     0.224150     0.213470     0.203888
     0.195590     0.188796     0.183724     0.180561     0.179428     0.180358
     0.183283     0.188048     0.194434     0.202193     0.211074     0.220857
     0.231364     0.242476     0.254157     0.266440     0.279781     0.288994
     0.294205     0.298185     0.301835     0.304930     0.307421     0.309220
     0.310192     0.310167     0.308934     0.306261     0.301892     0.295566
     0.287047     0.276142     0.262743     0.246853     0.228612     0.208308
     0.186373     0.163370     0.139951     0.116816    0.0945299
     0.250876     0.297265     0.535994     0.472829     0.418884     0.398649
     0.385464     0.374541     0.364719     0.355673     0.347283     0.339496
     0.332273     0.325573     0.319352     0.313553     0.308117     0.298848
     0.285862     0.273489     0.261766     0.250721     0.240427     0.231006
     0.222625     0.215479     0.209778     0.205710     0.203423     0.202996
     0.204421     0.207606     0.212384     0.218542     0.225844     0.234062
     0.242992     0.252479     0.262414     0.272745     0.283464     0.294496
     0.304888     0.311596     0.314179     0.315340     0.315879     0.315782
     0.314946     0.313231     0.310472     0.306493     0.301113     0.294157
     0.285471     0.274934     0.262481     0.248111     0.231903     0.214034
     0.194778     0.174523     0.153762     0.133094     0.113639
     0.133801     0.256539     0.338052     0.388207     0.401524     0.400234
     0.394777     0.388204     0.381441     0.374823     0.368494     0.362528
     0.356968     0.351836     0.347136     0.342826     0.334644     0.322706
     0.311134     0.299915     0.289066     0.278631     0.268692     0.259373
     0.250837     0.243280     0.236913     0.231943     0.228546     0.226844
     0.226882     0.228619     0.231935     0.236644     0.242520     0.249324
     0.256826     0.264826     0.273161     0.281709     0.290380     0.299104
     0.307826     0.316738     0.324965     0.328837     0.327241     0.325441
     0.323199     0.320342     0.316717     0.312190     0.306633     0.299931
     0.291985     0.282717     0.272078     0.260049     0.246642     0.231917
     0.215982     0.199022     0.181330     0.163341     0.146871
    0.0400001     0.229776     0.361589     0.407246     0.412269     0.410763
     0.407558     0.403517     0.399104     0.394609     0.390207     0.386017
     0.382134     0.378658     0.375773     0.369473     0.358856     0.348364
     0.338017     0.327802     0.317717     0.307795     0.298109     0.288779
     0.279968     0.271881     0.264744     0.258792     0.254241     0.251259
     0.249946     0.250313     0.252280     0.255687     0.260314     0.265907
     0.272210     0.278984     0.286028     0.293184     0.300347     0.307468
     0.314565     0.321735     0.329141     0.337280     0.340207     0.337418
     0.334328     0.330844     0.326877     0.322353     0.317206     0.311380
     0.304838     0.297550     0.289506     0.280698     0.271120     0.260753
     0.249549     0.237429     0.224316     0.210309     0.198371
    0.0306525     0.253409     0.407477     0.438269     0.431194     0.426912
     0.423850     0.420985     0.418125     0.415293     0.412545     0.409926
     0.407445     0.405043     0.402553     0.395588     0.385433     0.375816
     0.366397     0.356994     0.347521     0.337966     0.328377     0.318866
     0.309598     0.300790     0.292699     0.285597     0.279752     0.275394
     0.272685     0.271696     0.272391     0.274635     0.278207     0.282838
     0.288235     0.294119     0.300244     0.306416     0.312509     0.318465
     0.324303     0.330120     0.336091     0.342475     0.349552     0.351486
     0.347837     0.344023     0.340020     0.335817     0.331414     0.326824
     0.322085     0.317249     0.312396     0.307616     0.303008     0.298663
     0.294617     0.290780     0.286678     0.280701     0.278605
    0.0786572     0.249760     0.377099     0.430586     0.441572     0.442208
     0.440971     0.439472     0.438028     0.436715     0.435568     0.434616
     0.433867     0.433271     0.428713     0.420311     0.412088     0.403902
     0.395580     0.386985     0.378031     0.368694     0.359015     0.349099
     0.339122     0.329324     0.319999     0.311476     0.304092     0.298157
     0.293916     0.291513     0.290969     0.292174     0.294908     0.298868
     0.303713     0.309104     0.314737     0.320366     0.325821     0.331015
     0.335947     0.340693     0.345411     0.350323     0.355710     0.361902
     0.363154     0.359073     0.355096     0.351267     0.347647     0.344323
     0.341416     0.339086     0.337550     0.337083     0.338044     0.340914
     0.346329     0.355117     0.368077     0.380337     0.405316
    0.0504512     0.291058     0.467212     0.480164     0.464232     0.460030
     0.458759     0.458309     0.458220     0.458400     0.458856     0.459660
     0.460984     0.458823     0.452391     0.445935     0.439358     0.432503
     0.425200     0.417307     0.408722     0.399408     0.389393     0.378784
     0.367768     0.356616     0.345673     0.335340     0.326046     0.318210
     0.312190     0.308230     0.306426     0.306704     0.308834     0.312467
     0.317187     0.322567     0.328216     0.333810     0.339115     0.343998
     0.348424     0.352450     0.356222     0.359959     0.363952     0.368552
     0.374165     0.375098     0.370978     0.367310     0.364201     0.361794
     0.360285     0.359930     0.361072     0.364169     0.369841     0.378966
     0.392847     0.413655     0.446455     0.521280     0.631109
     0.113703     0.271500     0.394259     0.452728     0.469532     0.473715
     0.475350     0.476681     0.478138     0.479798     0.481665     0.483691
     0.485690     0.483317     0.477671     0.472412     0.467061     0.461278
     0.454794     0.447407     0.438973     0.429423     0.418767     0.407105
     0.394637     0.381668     0.368604     0.355938     0.344220     0.334014
     0.325832     0.320065     0.316915     0.316360     0.318155     0.321877
     0.326997     0.332958     0.339240     0.345408     0.351140     0.356238
     0.360626     0.364338     0.367512     0.370373     0.373225     0.376438
     0.380443     0.385738     0.386602     0.382659     0.379511     0.377329
     0.376347     0.376868     0.379293     0.384152     0.392156     0.404278
     0.421831     0.446552     0.480767     0.529578     0.589293
    0.0797741     0.340019     0.532417     0.515481     0.492152     0.490084
     0.492001     0.494756     0.497765     0.500994     0.504538     0.508588
     0.509165     0.505585     0.502047     0.498384     0.494302     0.489494
     0.483669     0.476583     0.468052     0.457970     0.446319     0.433187
     0.418780     0.403439     0.387639     0.371980     0.357165     0.343948
     0.333057     0.325095     0.320427     0.319114     0.320889     0.325217
     0.331396     0.338673     0.346344     0.353819     0.360658     0.366582
     0.371464     0.375316     0.378270     0.380561     0.382509     0.384504
     0.386994     0.390489     0.395558     0.396357     0.392449     0.389577
     0.387984     0.387960     0.389869     0.394182     0.401526     0.412774
     0.429154     0.452386     0.484103     0.517012     0.548898
     0.164355     0.295926     0.399816     0.462337     0.489723     0.501375
     0.507775     0.512584     0.517003     0.521453     0.526048     0.530663
     0.531098     0.528335     0.526005     0.523544     0.520495     0.516462
     0.511089     0.504075     0.495181     0.484252     0.471234     0.456187
     0.439318     0.420993     0.401754     0.382321     0.363573     0.346512
     0.332161     0.321435     0.314962     0.312941     0.315083     0.320675
     0.328748     0.338255     0.348230     0.357875     0.366601     0.374033
     0.379995     0.384476     0.387612     0.389653     0.390943     0.391894
     0.392970     0.394683     0.397581     0.402261     0.402593     0.398009
     0.394619     0.392663     0.392366     0.393999     0.397925     0.404656
     0.414943     0.430009     0.452085     0.482765     0.521406
    0.0411410     0.323986     0.497763     0.529357     0.522943     0.523576
     0.526961     0.531268     0.536136     0.541605     0.547867     0.550846
     0.549893     0.549110     0.548263     0.546975     0.544825     0.541392
     0.536272     0.529106     0.519595     0.507527     0.492793     0.475418
     0.455586     0.433673     0.410273     0.386215     0.362569     0.340629
     0.321818     0.307515     0.298780     0.296069     0.299071     0.306790
     0.317823     0.330686     0.344041     0.356827     0.368282     0.377938
     0.385575     0.391177     0.394897     0.397017     0.397915     0.398038
     0.397875     0.397947     0.398778     0.400864     0.404597     0.402856
     0.396568     0.391733     0.388173     0.385855     0.384796     0.385013
     0.386451     0.388862     0.391546     0.393450     0.401485
     0.108281     0.322712     0.473960     0.529073     0.538222     0.541137
     0.544320     0.548387     0.553325     0.559094     0.565691     0.568741
     0.568330     0.568443     0.568534     0.568082     0.566578     0.563530
     0.558462     0.550946     0.540613     0.527180     0.510475     0.490463
     0.467287     0.441302     0.413114     0.383626     0.354075     0.326058
     0.301495     0.282450     0.270724     0.267281     0.271816     0.282839
     0.298216     0.315784     0.333717     0.350645     0.365647     0.378184
     0.388025     0.395177     0.399835     0.402330     0.403094     0.402630
     0.401479     0.400227     0.399494     0.399977     0.402540     0.401240
     0.393846     0.386606     0.379801     0.373457     0.367474     0.361663
     0.355716     0.349191     0.341487     0.331872     0.321986
    0.0909032     0.333056     0.497410     0.548599     0.553349     0.555291
     0.558336     0.562493     0.567643     0.573696     0.580602     0.584069
     0.584265     0.585069     0.585853     0.586010     0.584952     0.582112
     0.576945     0.568949     0.557682     0.542786     0.524015     0.501261
     0.474598     0.444320     0.410997     0.375524     0.339212     0.303885
     0.271978     0.246498     0.230555     0.226226     0.233317     0.249353
     0.270871     0.294681     0.318372     0.340308     0.359481     0.375355
     0.387744     0.396717     0.402539     0.405610     0.406426     0.405540
     0.403537     0.401016     0.398567     0.396756     0.396054     0.396693
     0.391378     0.380649     0.370470     0.360495     0.350467     0.340136
     0.329215     0.317383     0.304299     0.289634     0.274482
    0.0890807     0.344681     0.515000     0.561649     0.563253     0.564934
     0.568363     0.573031     0.578703     0.585194     0.592201     0.595719
     0.596456     0.597895     0.599277     0.599922     0.599185     0.596448
     0.591106     0.582599     0.570418     0.554135     0.533431     0.508116
     0.478180     0.443826     0.405520     0.364055     0.320642     0.277096
     0.236126     0.201751     0.179333     0.173694     0.185169     0.208903
     0.238815     0.270339     0.300616     0.327972     0.351492     0.370760
     0.385709     0.396515     0.403535     0.407247     0.408218     0.407059
     0.404394     0.400862     0.397087     0.393698     0.391350     0.390822
     0.385765     0.374050     0.361774     0.349200     0.336302     0.322946
     0.308951     0.294138     0.278351     0.261486     0.244319
     0.131403     0.338608     0.489171     0.549924     0.563788     0.569153
     0.574120     0.579903     0.586724     0.594747     0.599822     0.601542
     0.603755     0.606125     0.608138     0.609206     0.608708     0.606014
     0.600494     0.591545     0.578611     0.561210     0.538961     0.511604
     0.479047     0.441392     0.398973     0.352394     0.302605     0.251044
     0.200005     0.153612     0.120048     0.111824     0.131863     0.167610
     0.208062     0.247869     0.284528     0.316796     0.344088     0.366223
     0.383297     0.395612     0.403620     0.407877     0.409007     0.407666
     0.404514     0.400199     0.395337     0.390501     0.386190     0.382775
     0.380356     0.371390     0.356186     0.341280     0.326299     0.310999
     0.295200     0.278777     0.261659     0.243836     0.225877
    0.0647731     0.363911     0.549523     0.576600     0.568362     0.570565
     0.576073     0.582730     0.590200     0.598547     0.603420     0.605025
     0.607463     0.610117     0.612380     0.613627     0.613218     0.610505
     0.604840     0.595597     0.582194     0.564117     0.540947     0.512384
     0.478282     0.438672     0.393785     0.344070     0.290198     0.233095
     0.174021     0.114976    0.0614910    0.0450486    0.0862971     0.137872
     0.187895     0.233891     0.274831     0.310192     0.339764     0.363583
     0.381882     0.395052     0.403611     0.408163     0.409370     0.407918
     0.404483     0.399730     0.394286     0.388741     0.383643     0.379509
     0.376889     0.368064     0.352274     0.336492     0.320561     0.304330
     0.287677     0.270524     0.252844     0.234665     0.216449
     0.188808     0.332530     0.449422     0.519745     0.551617     0.566159
     0.575075     0.582621     0.590250     0.598519     0.603227     0.604678
     0.607011     0.609597     0.611806     0.613002     0.612538     0.609761
     0.604021     0.594690     0.581184     0.562988     0.539683     0.510963
     0.476683     0.436866     0.391740     0.341738     0.287503     0.229909
     0.170080     0.109614    0.0524947    0.0346500    0.0826019     0.136333
     0.187276     0.233757     0.274977     0.310505     0.340172     0.364037
     0.382348     0.395505     0.404033     0.408540     0.409691     0.408171
     0.404661     0.399824     0.394285     0.388633     0.383415     0.379146
     0.376374     0.367385     0.351422     0.335462     0.319353     0.302956
     0.286158     0.268896     0.251153     0.232967     0.214771
    0.0356720     0.378818     0.594413     0.597130     0.574531     0.572493
     0.575802     0.581006     0.587402     0.594913     0.599125     0.600190
     0.602158     0.604402     0.606311     0.607262     0.606623     0.603758
     0.598034     0.588845     0.575632     0.557909     0.535291     0.507515
     0.474483     0.436289     0.393257     0.345970     0.295343     0.242758
     0.190427     0.142482     0.107852     0.101430     0.125511     0.164406
     0.206785     0.247758     0.285132     0.317834     0.345374     0.367625
     0.384725     0.396996     0.404911     0.409035     0.410000     0.408468
     0.405098     0.400539     0.395403     0.390259     0.385599     0.381786
     0.378915     0.369452     0.353715     0.338247     0.322696     0.306845
     0.290551     0.273731     0.256353     0.238445     0.220486
     0.137916     0.336594     0.484214     0.549387     0.565223     0.569005
     0.571676     0.575352     0.580402     0.586962     0.590846     0.591611
     0.592978     0.594601     0.595967     0.596495     0.595581     0.592616
     0.587000     0.578169     0.565611     0.548895     0.527697     0.501831
     0.471283     0.436258     0.397224     0.354980     0.310753     0.266403
     0.224766     0.190178     0.168583     0.165176     0.179642     0.206081
     0.238000     0.270891     0.302061     0.329971     0.353802     0.373208
     0.388166     0.398886     0.405749     0.409251     0.409967     0.408515
     0.405522     0.401621     0.397430     0.393568     0.390676     0.389516
     0.383733     0.371186     0.357980     0.344391     0.330417     0.315969
     0.300929     0.285196     0.268705     0.251444     0.234018
    0.0298759     0.351656     0.547081     0.578652     0.566757     0.562795
     0.562602     0.564472     0.567877     0.572509     0.577985     0.580271
     0.579933     0.580417     0.580970     0.580926     0.579665     0.576600
     0.571172     0.562869     0.551243     0.535936     0.516702     0.493438
     0.466229     0.435387     0.401504     0.365517     0.328800     0.293283
     0.261563     0.236866     0.222467     0.220345     0.229886     0.248146
     0.271422     0.296502     0.321046     0.343509     0.362963     0.378934
     0.391283     0.400116     0.405724     0.408526     0.409029     0.407792
     0.405399     0.402444     0.399505     0.397128     0.395765     0.395616
     0.389339     0.377473     0.365960     0.354445     0.342684     0.330465
     0.317577     0.303824     0.289032     0.273077     0.256770
     0.113892     0.331406     0.486537     0.542325     0.548677     0.547699
     0.547300     0.548460     0.551158     0.555225     0.560511     0.562648
     0.561705     0.561499     0.561414     0.560860     0.559279     0.556144
     0.550961     0.543290     0.532759     0.519087     0.502111     0.481810
     0.458348     0.432110     0.403744     0.374209     0.344817     0.317259
     0.293556     0.275838     0.265880     0.264472     0.271043     0.283858
     0.300654     0.319251     0.337864     0.355188     0.370364     0.382910
     0.392638     0.399590     0.403988     0.406182     0.406616     0.405798
     0.404268     0.402602     0.401404     0.401347     0.403257     0.401147
     0.392694     0.384128     0.375671     0.367287     0.358820     0.350048
     0.340684     0.330393     0.318806     0.305549     0.291747
    0.0829122     0.327916     0.493842     0.536312     0.531816     0.527591
     0.526351     0.527322     0.529961     0.533944     0.539078     0.540896
     0.539454     0.538683     0.538038     0.537009     0.535116     0.531909
     0.526974     0.519949     0.510543     0.498551     0.483884     0.466586
     0.446872     0.425154     0.402068     0.378496     0.355566     0.334618
     0.317103     0.304375     0.297403     0.296486     0.301143     0.310248
     0.322338     0.335927     0.349719     0.362705     0.374179     0.383721
     0.391154     0.396495     0.399925     0.401742     0.402340     0.402171
     0.401722     0.401505     0.402027     0.403758     0.407046     0.404644
     0.397449     0.391384     0.386162     0.381604     0.377540     0.373753
     0.369925     0.365600     0.360155     0.352801     0.345205
     0.130236     0.335121     0.477837     0.508570     0.501489     0.498497
     0.499012     0.501328     0.504803     0.509222     0.514504     0.516201
     0.514381     0.513090     0.511879     0.510337     0.508077     0.504734
     0.499977     0.493521     0.485149     0.474724     0.462216     0.447712
     0.431450     0.413828     0.395424     0.376989     0.359426     0.343742
     0.330934     0.321849     0.317014     0.316507     0.319936     0.326524
     0.335283     0.345191     0.355325     0.364940     0.373499     0.380674
     0.386330     0.390489     0.393314     0.395077     0.396136     0.396912
     0.397873     0.399527     0.402414     0.407111     0.407370     0.402546
     0.398745     0.396110     0.394728     0.394677     0.396032     0.398854
     0.403133     0.408654     0.414747     0.420451     0.433554
     0.182743     0.288682     0.378088     0.429093     0.451605     0.461820
     0.467874     0.472702     0.477353     0.482287     0.487824     0.489918
     0.487932     0.486029     0.484103     0.481903     0.479141     0.475534
     0.470821     0.464784     0.457266     0.448186     0.437553     0.425480
     0.412201     0.398078     0.383605     0.369390     0.356126     0.344539
     0.335300     0.328931     0.325707     0.325606     0.328304     0.333247
     0.339746     0.347090     0.354627     0.361823     0.368290     0.373797
     0.378259     0.381720     0.384343     0.386386     0.388189     0.390160
     0.392757     0.396500     0.401962     0.403204     0.399736     0.397333
     0.396194     0.396548     0.398669     0.402892     0.409655     0.419562
     0.433483     0.452830     0.480151     0.517303     0.563545
    0.0408707     0.319366     0.457583     0.443123     0.432285     0.435629
     0.440515     0.445248     0.449734     0.454110     0.458446     0.462623
     0.462428     0.458894     0.455779     0.452657     0.449210     0.445178
     0.440344     0.434540     0.427653     0.419642     0.410540     0.400469
     0.389645     0.378382     0.367083     0.356227     0.346329     0.337899
     0.331380     0.327083     0.325142     0.325482     0.327839     0.331802
     0.336881     0.342574     0.348422     0.354051     0.359193     0.363698
     0.367531     0.370763     0.373564     0.376188     0.378966     0.382297
     0.386634     0.392501     0.394101     0.391038     0.388982     0.388107
     0.388654     0.390927     0.395331     0.402393     0.412827     0.427623
     0.448174     0.476429     0.514245     0.553438     0.591524
     0.164403     0.264196     0.343270     0.386601     0.403586     0.411047
     0.415873     0.419872     0.423551     0.427136     0.430807     0.434796
     0.435142     0.431170     0.427190     0.423177     0.418976     0.414408
     0.409311     0.403560     0.397082     0.389859     0.381943     0.373450
     0.364572     0.355574     0.346776     0.338545     0.331255     0.325258
     0.320840     0.318178     0.317316     0.318161     0.320491     0.323995
     0.328316     0.333093     0.338004     0.342790     0.347274     0.351369
     0.355082     0.358503     0.361814     0.365269     0.369202     0.374001
     0.380113     0.381786     0.378646     0.376288     0.374856     0.374535
     0.375578     0.378316     0.383191     0.390794     0.401921     0.417668
     0.439523     0.469462     0.510140     0.567333     0.636586
    0.0360181     0.276088     0.402719     0.403110     0.391779     0.391948
     0.394053     0.396389     0.398674     0.400916     0.403163     0.405418
     0.407536     0.405153     0.399459     0.394233     0.389118     0.383894
     0.378404     0.372550     0.366281     0.359599     0.352559     0.345272
     0.337902     0.330665     0.323814     0.317623     0.312361     0.308266
     0.305512     0.304192     0.304298     0.305727     0.308291     0.311749
     0.315834     0.320284     0.324870     0.329416     0.333808     0.338006
     0.342040     0.346014     0.350111     0.354594     0.359822     0.366184
     0.367889     0.364550     0.361704     0.359440     0.357874     0.357164
     0.357523     0.359234     0.362677     0.368359     0.376975     0.389509
     0.407431     0.433215     0.472667     0.559804     0.686796
     0.138533     0.239953     0.317890     0.356256     0.368133     0.371705
     0.373248     0.374228     0.375027     0.375819     0.376740     0.377943
     0.379652     0.377893     0.371860     0.365901     0.360012     0.354128
     0.348178     0.342107     0.335894     0.329554     0.323144     0.316764
     0.310554     0.304686     0.299358     0.294771     0.291115     0.288545
     0.287162     0.287001     0.288025     0.290126     0.293145     0.296889
     0.301154     0.305748     0.310508     0.315313     0.320098     0.324849
     0.329611     0.334475     0.339582     0.345165     0.351800     0.353631
     0.350208     0.347034     0.344114     0.341487     0.339215     0.337393
     0.336157     0.335689     0.336230     0.338093     0.341680     0.347523
     0.356321     0.368953     0.386150     0.402794     0.435811
    0.0552812     0.240639     0.350283     0.364759     0.357348     0.355360
     0.354426     0.353479     0.352442     0.351443     0.350616     0.350077
     0.349902     0.350092     0.346496     0.339229     0.332299     0.325614
     0.319101     0.312717     0.306447     0.300308     0.294354     0.288668
     0.283366     0.278585     0.274476     0.271187     0.268848     0.267554
     0.267357     0.268254     0.270187     0.273054     0.276716     0.281016
     0.285796     0.290912     0.296250     0.301732     0.307329     0.313060
     0.318991     0.325211     0.331705     0.337690     0.339565     0.336289
     0.333173     0.330083     0.326951     0.323755     0.320493     0.317190
     0.313896     0.310686     0.307659     0.304931     0.302628     0.300865
     0.299697     0.299045     0.298471     0.296558     0.299176
     0.109678     0.217055     0.296535     0.331307     0.339152     0.339398
     0.337242     0.334194     0.330925     0.327789     0.324982     0.322616
     0.320747     0.319387     0.318519     0.314038     0.306028     0.298512
     0.291415     0.284689     0.278318     0.272314     0.266718     0.261598
     0.257047     0.253172     0.250088     0.247900     0.246694     0.246526
     0.247409     0.249318     0.252184     0.255910     0.260376     0.265453
     0.271018     0.276965     0.283210     0.289707     0.296453     0.303518
     0.311029     0.319525     0.323631     0.323442     0.321883     0.319862
     0.317456     0.314655     0.311422     0.307711     0.303481     0.298697
     0.293344     0.287416     0.280929     0.273903     0.266359     0.258308
     0.249732     0.240582     0.230811     0.220496     0.212459
     0.103584     0.221260     0.296350     0.330970     0.335253     0.330229
     0.323441     0.316631     0.310283     0.304582     0.299609     0.295398
     0.291951     0.289247     0.287251     0.285921     0.281085     0.272819
     0.265204     0.258191     0.251756     0.245899     0.240646     0.236047
     0.232173     0.229108     0.226938     0.225740     0.225568     0.226446
     0.228363     0.231275     0.235113     0.239786     0.245191     0.251227
     0.257804     0.264845     0.272285     0.280092     0.288200     0.296816
     0.304846     0.309072     0.308476     0.308029     0.307271     0.306069
     0.304319     0.301924     0.298784     0.294797     0.289866     0.283900
     0.276830     0.268605     0.259210     0.248659     0.237002     0.224337
     0.210808     0.196633     0.182114     0.167643     0.154992
     0.142954     0.223855     0.409028     0.388150     0.344569     0.324552
     0.310603     0.299193     0.289436     0.281058     0.273934     0.267980
     0.263121     0.259278     0.256378     0.254347     0.253118     0.248457
     0.240461     0.233295     0.226923     0.221310     0.216463     0.212411
     0.209207     0.206917     0.205615     0.205359     0.206182     0.208082
     0.211023     0.214952     0.219802     0.225497     0.231952     0.239084
     0.246858     0.255248     0.264168     0.273832     0.283055     0.289132
     0.291588     0.292888     0.293982     0.294811     0.295236     0.295120
     0.294315     0.292671     0.290028     0.286223     0.281094     0.274488
     0.266281     0.256385     0.244776     0.231495     0.216667     0.200512
     0.183351     0.165609     0.147811     0.130561     0.115073
    0.0789667     0.189056     0.286416     0.325766     0.324398     0.310036
     0.294201     0.279733     0.267137     0.256396     0.247378     0.239933
     0.233916     0.229188     0.225629     0.223135     0.221623     0.221028
     0.217088     0.209983     0.203952     0.198768     0.194458     0.191043
     0.188546     0.187022     0.186563     0.187239     0.189070     0.192019
     0.196002     0.200954     0.206839     0.213623     0.221227     0.229473
     0.238527     0.248659     0.258531     0.265679     0.269628     0.272676
     0.275828     0.278789     0.281508     0.283898     0.285843     0.287197
     0.287792     0.287434     0.285908     0.282981     0.278408     0.271951
     0.263404     0.252617     0.239536     0.224218     0.206858     0.187796
     0.167507     0.146589     0.125724     0.105653    0.0871319
     0.292526     0.252241     0.450496     0.384980     0.327428     0.298566
     0.276645     0.258394     0.243037     0.230215     0.219639     0.211046
     0.204195     0.198875     0.194909     0.192156     0.190517     0.189942
     0.190455     0.187978     0.183241     0.178547     0.174941     0.172336
     0.170608     0.169750     0.170054     0.171663     0.174600     0.178758
     0.183809     0.189703     0.196539     0.204493     0.213753     0.222534
     0.232014     0.239506     0.244288     0.248403     0.252912     0.257506
     0.262129     0.266687     0.271094     0.275249     0.279035     0.282302
     0.284865     0.286503     0.286945     0.285881     0.282958     0.277805
     0.270068     0.259452     0.245797     0.229124     0.209679     0.187927
     0.164524     0.140272     0.116050    0.0927322    0.0706234
     0.196940     0.259302     0.305808     0.322639     0.306645     0.280826
     0.255953     0.234574     0.216846     0.202381     0.190709     0.181409
     0.174120     0.168543     0.164432     0.161589     0.159857     0.159115
     0.159276     0.160278     0.161266     0.160264     0.158078     0.156948
     0.156210     0.155213     0.155995     0.158516     0.162826     0.169110
     0.175167     0.181510     0.188560     0.196869     0.204167     0.209745
     0.215604     0.220633     0.226130     0.231839     0.237752     0.243817
     0.249984     0.256198     0.262402     0.268522     0.274468     0.280117
     0.285302     0.289806     0.293333     0.295512     0.295870     0.293845
     0.288813     0.280144     0.267327     0.250187     0.229014     0.204470
     0.177466     0.149116     0.120708    0.0936080    0.0683928
     0.307911     0.331832     0.441711     0.379774     0.308529     0.264886
     0.232686     0.207827     0.188338     0.172981     0.160896     0.151458
     0.144197     0.138746     0.134812     0.132156     0.130582     0.129931
     0.130070     0.130888     0.132283     0.134427     0.136039     0.137764
     0.139870     0.141424     0.143425     0.146805     0.151594     0.156860
     0.161722     0.167160     0.173015     0.178942     0.184118     0.190030
     0.196363     0.202903     0.209690     0.216710     0.223950     0.231401
     0.239053     0.246898     0.254926     0.263123     0.271465     0.279904
     0.288355     0.296680     0.304656     0.311942     0.318024     0.322180
     0.323475     0.320671     0.311728     0.295145     0.272438     0.244589
     0.212919     0.178598     0.142674     0.109336    0.0818788
     0.454710     0.501763     0.425521     0.340720     0.279271     0.234404
     0.201447     0.176613     0.157496     0.142609     0.131001     0.122026
     0.115225     0.110237     0.106772     0.104579     0.103441     0.103172
     0.103615     0.104646     0.106166     0.108108     0.110341     0.112975
     0.116261     0.120704     0.124650     0.128600     0.132556     0.135990
     0.140639     0.146092     0.152116     0.158525     0.165185     0.172181
     0.179492     0.187078     0.194923     0.203024     0.211386     0.220030
     0.228985     0.238296     0.248018     0.258221     0.268984     0.280393
     0.292531     0.305469     0.319247     0.333838     0.349068     0.364411
     0.378559     0.391365     0.413571     0.369013     0.357412     0.318995
     0.278008     0.260431     0.183141     0.137893     0.108477
     0.494522     0.448805     0.361487     0.281040     0.228071     0.191474
     0.164239     0.143107     0.126390     0.113082     0.102544    0.0943512
    0.0881952    0.0838209    0.0809874    0.0794525    0.0789757    0.0793324
    0.0803282    0.0818097    0.0836693    0.0858436    0.0883084    0.0910998
    0.0942887    0.0979205     0.101852     0.106104     0.110704     0.115685
     0.121244     0.127390     0.134064     0.141190     0.148698     0.156543
     0.164687     0.173103     0.181775     0.190707     0.199925     0.209474
     0.219425     0.229872     0.240944     0.252801     0.265654     0.279759
     0.295441     0.313102     0.333247     0.356526     0.383849     0.416933
     0.462196     0.530428     0.421298     0.339214     0.320502     0.256636
     0.242554     0.236001     0.273138     0.189902     0.133472
     0.494973     0.265076     0.229330     0.207273     0.175225     0.150033
     0.129522     0.112645    0.0986377    0.0869893    0.0774150    0.0697867
    0.0640513    0.0601457    0.0579313    0.0571712    0.0575572    0.0587685
    0.0605248    0.0626166    0.0649128    0.0673555    0.0699482    0.0727442
    0.0758268    0.0792829    0.0831796    0.0875853    0.0925561    0.0981299
     0.104330     0.111134     0.118488     0.126315     0.134538     0.143088
     0.151907     0.160959     0.170227     0.179721     0.189478     0.199565
     0.210085     0.221173     0.233014     0.245852     0.260006     0.275899
     0.294095     0.315353     0.340695     0.371476     0.409479     0.457660
     0.516106     0.462913     0.314402     0.243806     0.113578    0.0587679
     0.123663     0.254050     0.251606     0.204432     0.157336
     0.374945     0.238929     0.163242     0.145852     0.131138     0.115186
     0.100800    0.0880599    0.0766187    0.0663014    0.0571588    0.0494213
    0.0434261    0.0394916    0.0377273    0.0378902    0.0394532    0.0418346
    0.0445717    0.0473705    0.0500855    0.0526855    0.0552242    0.0578173
    0.0606197    0.0638021    0.0675262    0.0719249    0.0770851    0.0830389
    0.0897644    0.0971941     0.105229     0.113754     0.122655     0.131832
     0.141204     0.150720     0.160356     0.170124     0.180067     0.190266
     0.200839     0.211945     0.223795     0.236667     0.250932     0.267085
     0.285814     0.308114     0.335462     0.370176     0.415845     0.473727
     0.486722     0.393676     0.303055     0.215643     0.161172     0.141498
     0.233516     0.281347     0.247302     0.202696     0.164162
     0.551209     0.141290     0.142011     0.127210    0.0986109    0.0873108
    0.0788037    0.0704129    0.0615587    0.0523117    0.0430391    0.0342904
    0.0268262    0.0217181    0.0200468    0.0216863    0.0251841    0.0292182
    0.0330920    0.0365171    0.0394214    0.0418588    0.0439720    0.0459731
    0.0481258    0.0507190    0.0540268    0.0582634    0.0635484    0.0698951
    0.0772246    0.0853939    0.0942271     0.103540     0.113161     0.122945
     0.132783     0.142603     0.152376     0.162112     0.171862     0.181713
     0.191789     0.202248     0.213294     0.225179     0.238230     0.252870
     0.269666     0.289418     0.313301     0.343115     0.381381     0.425854
     0.433593     0.388808     0.350804     0.324985     0.295926     0.289323
     0.297787     0.274149     0.229169     0.192172     0.162729
     0.343480     0.179955    0.0621483    0.0537928    0.0628315    0.0653687
    0.0647793    0.0611183    0.0547080    0.0462962    0.0367031    0.0266559
    0.0167706   0.00777634   0.00438178    0.0106263    0.0171100    0.0226506
    0.0271308    0.0305704    0.0330567    0.0347385    0.0358356    0.0366538
    0.0375923    0.0391210    0.0417058    0.0456949    0.0512298    0.0582413
    0.0665138    0.0757612    0.0856830    0.0959962     0.106455     0.116864
     0.127082     0.137026     0.146667     0.156028     0.165173     0.174204
     0.183246     0.192449     0.201985     0.212047     0.222859     0.234672
     0.247776     0.262504     0.279216     0.298256     0.319855     0.342497
     0.358667     0.359627     0.347233     0.340722     0.319357     0.304618
     0.276836     0.236960     0.203594     0.176556     0.154967
     0.627914     0.107836     0.129505    0.0629562    0.0422923    0.0576608
    0.0644218    0.0636471    0.0580625    0.0496860    0.0399742    0.0300520
    0.0209671    0.0142321    0.0123508    0.0153360    0.0198527    0.0240604
    0.0273739    0.0296228    0.0307968    0.0309805    0.0303534    0.0292298
    0.0281322    0.0278502    0.0293219    0.0332174    0.0395935    0.0480376
    0.0579954    0.0689401    0.0804120    0.0920209     0.103449     0.114457
     0.124888     0.134668     0.143797     0.152336     0.160391     0.168098
     0.175600     0.183045     0.190576     0.198328     0.206427     0.214976
     0.224053     0.233686     0.243820     0.254265     0.264635     0.274445
     0.282838     0.285844     0.283085     0.275552     0.263425     0.246577
     0.224335     0.200537     0.178852     0.159672     0.143461
     0.376876     0.308332     0.174517    0.0976801    0.0901297    0.0972254
    0.0923215    0.0845046    0.0749527    0.0644464    0.0540523    0.0447150
    0.0372545    0.0322960    0.0300077    0.0298624    0.0308834    0.0321493
    0.0330288    0.0331547    0.0323378    0.0305014    0.0276509    0.0238954
    0.0195917    0.0158376    0.0153196    0.0202946    0.0294189    0.0408751
    0.0536367    0.0670241    0.0804927    0.0935853     0.105934     0.117278
     0.127479     0.136518     0.144480     0.151525     0.157847     0.163649
     0.169115     0.174403     0.179640     0.184919     0.190301     0.195809
     0.201422     0.207068     0.212607     0.217827     0.222417     0.225947
     0.227818     0.227355     0.224117     0.218009     0.209153     0.197838
     0.184641     0.170512     0.156445     0.143107     0.131007
     0.317097     0.291304     0.262231     0.235958     0.202802     0.166654
     0.147409     0.129564     0.109820    0.0942067    0.0811963    0.0706312
    0.0623974    0.0562761    0.0519605    0.0490243    0.0469511    0.0452185
    0.0433749    0.0410759    0.0380989    0.0343159    0.0296274    0.0239092
    0.0169997   0.00876498   0.00287232    0.0137600    0.0274361    0.0426686
    0.0587002    0.0747593    0.0902133     0.104513     0.117198     0.127977
     0.136813     0.143880     0.149464     0.153919     0.157591     0.160778
     0.163705     0.166528     0.169347     0.172212     0.175137     0.178097
     0.181031     0.183846     0.186411     0.188558     0.190080     0.190731
     0.190250     0.188391     0.184986     0.179981     0.173450     0.165595
     0.156735     0.147274     0.137626     0.128147     0.119098
     0.325895     0.340010     0.360178     0.391894     0.309850     0.153755
     0.158893     0.175440     0.170652     0.145332     0.125882     0.110936
    0.0986258    0.0885829    0.0804697    0.0739516    0.0685180    0.0637049
    0.0591640    0.0544222    0.0493151    0.0440716    0.0388627    0.0337714
    0.0290758    0.0257104    0.0257759    0.0317179    0.0443327    0.0626303
    0.0823679     0.100218     0.117238     0.131705     0.143734     0.151337
     0.155780     0.158211     0.159148     0.159245     0.159020     0.158798
     0.158747     0.158941     0.159395     0.160080     0.160946     0.161921
     0.162914     0.163823     0.164530     0.164908     0.164820     0.164125
     0.162690     0.160407     0.157208     0.153078     0.148069     0.142292
     0.135912     0.129130     0.122154     0.115176     0.108307
     0.330138     0.360511     0.399323     0.463435     0.415350     0.251376
    0.0494793     0.116394     0.203597     0.225688     0.199402     0.169587
     0.147973     0.130738     0.115785     0.106211    0.0972584    0.0880857
    0.0831165    0.0759688    0.0666023    0.0596419    0.0547349    0.0515812
    0.0503723    0.0517072    0.0564703    0.0655655    0.0793797     0.100079
     0.134218     0.130717     0.168551     0.165987     0.198040     0.192669
     0.188419     0.180428     0.172429     0.165686     0.160297     0.156126
     0.152993     0.150715     0.149124     0.148062     0.147386     0.146963
     0.146669     0.146386     0.146004     0.145418     0.144526     0.143238
     0.141477     0.139183     0.136325     0.132900     0.128941     0.124510
     0.119696     0.114606     0.109355     0.104052    0.0987363
     0.313945     0.339095     0.368157     0.401264     0.434646     0.456595
     0.325237     0.184752     0.183084     0.311233     0.269079     0.228343
     0.197992     0.165975     0.140480     0.131705     0.116692     0.101233
     0.102050    0.0964967    0.0852897    0.0770976    0.0724195    0.0709627
    0.0727449    0.0783887    0.0892206     0.107727     0.139798     0.173636
     0.103302    0.0757455     0.104248     0.136403     0.195133     0.276765
     0.234621     0.203116     0.182688     0.168328     0.157937     0.150340
     0.144783     0.140728     0.137779     0.135630     0.134044     0.132831
     0.131836     0.130932     0.130010     0.128980     0.127762     0.126290
     0.124512     0.122391     0.119910     0.117067     0.113881     0.110389
     0.106640     0.102697    0.0986257    0.0944917    0.0903026
     0.281274     0.304445     0.331714     0.361440     0.382340     0.433603
     0.586974     0.483335     0.254423     0.396838     0.289999     0.255214
     0.228294     0.179156     0.145361     0.145168     0.121935     0.100359
     0.110540     0.114212     0.104054    0.0898803    0.0846665    0.0843542
    0.0879163    0.0956719     0.108921     0.130106     0.162793     0.180768
     0.137480    0.0678979     0.125311     0.127801     0.210912     0.265060
     0.239030     0.203554     0.178569     0.160876     0.148243     0.139222
     0.132797     0.128220     0.124934     0.122534     0.120725     0.119289
     0.118064     0.116925     0.115774     0.114537     0.113157     0.111591
     0.109814     0.107815     0.105595     0.103167     0.100548    0.0977640
    0.0948440    0.0918188    0.0887165    0.0855692    0.0823594
