    0.0418112    0.0338957    0.0252290    0.0157803   0.00561468  -0.00510888
   -0.0160065   -0.0269813   -0.0396036   -0.0390995   -0.0436986   -0.0516124
   -0.0641397   -0.0722587   -0.0719946   -0.0792532   -0.0811794   -0.0760081
   -0.0785208   -0.0727643   -0.0593410   -0.0502360   -0.0436697   -0.0388144
   -0.0352552   -0.0327955   -0.0313813   -0.0310860   -0.0321339   -0.0348439
   -0.0370280   -0.0349648   -0.0326233   -0.0259087   -0.0188956  -0.00690035
   0.00549330    0.0164317    0.0263044    0.0354298    0.0440251    0.0522427
    0.0601895    0.0679382    0.0755352    0.0830068    0.0903643    0.0976074
     0.104727     0.111705     0.118520     0.125146     0.131551     0.137705
     0.143576     0.149134     0.154352     0.159209     0.163686     0.167774
     0.171470     0.174775     0.177701     0.180261     0.182475
    0.0397786    0.0307559    0.0206585   0.00934740  -0.00303649   -0.0160129
   -0.0312573   -0.0373441   -0.0435620   -0.0432640   -0.0451489   -0.0497250
   -0.0562518   -0.0612650   -0.0638724   -0.0673123   -0.0685175   -0.0671023
   -0.0662169   -0.0622069   -0.0551363   -0.0487954   -0.0436296   -0.0395479
   -0.0364389   -0.0342425   -0.0329702   -0.0327254   -0.0337437   -0.0363949
   -0.0386716   -0.0363284   -0.0341515   -0.0271378   -0.0202887  -0.00796742
   0.00460037    0.0157982    0.0260428    0.0356323    0.0447624    0.0535665
    0.0621375    0.0705388    0.0788118    0.0869803    0.0950531     0.103027
     0.110889     0.118615     0.126174     0.133531     0.140643     0.147465
     0.153952     0.160061     0.165753     0.170995     0.175764     0.180047
     0.183841     0.187154     0.190003     0.192411     0.194411
    0.0399497    0.0304117    0.0194633   0.00658554  -0.00902558   -0.0204058
   -0.0296668   -0.0333607   -0.0356005   -0.0361585   -0.0375396   -0.0400488
   -0.0431347   -0.0461569   -0.0487060   -0.0505934   -0.0515961   -0.0516014
   -0.0506166   -0.0486069   -0.0457699   -0.0425864   -0.0394792   -0.0366854
   -0.0343155   -0.0324208   -0.0310305   -0.0301642   -0.0298143   -0.0298028
   -0.0291118   -0.0267057   -0.0229754   -0.0172724   -0.0101366 -0.000993954
   0.00899059    0.0188591    0.0284714    0.0378495    0.0470426    0.0561002
    0.0650639    0.0739652    0.0828246    0.0916516     0.100445     0.109191
     0.117868     0.126441     0.134867     0.143093     0.151057     0.158694
     0.165936     0.172718     0.178979     0.184670     0.189758     0.194225
     0.198068     0.201306     0.203969     0.206098     0.207743
    0.0428495    0.0337564    0.0234311    0.0114970  -0.00204337   -0.0107639
   -0.0157408   -0.0188062   -0.0210681   -0.0233787   -0.0258011   -0.0283632
   -0.0309765   -0.0334704   -0.0356641   -0.0374065   -0.0385852   -0.0391335
   -0.0390363   -0.0383342   -0.0371317   -0.0355843   -0.0338561   -0.0320811
   -0.0303483   -0.0287024   -0.0271465   -0.0256360   -0.0240587   -0.0222078
   -0.0197943   -0.0165485   -0.0122976  -0.00695981 -0.000549577   0.00681542
    0.0148991    0.0234346    0.0322304    0.0411819    0.0502413    0.0593906
    0.0686255    0.0779462    0.0873518    0.0968365     0.106387     0.115981
     0.125585     0.135152     0.144622     0.153921     0.162959     0.171639
     0.179855     0.187501     0.194484     0.200724     0.206168     0.210791
     0.214598     0.217623     0.219924     0.221572     0.222651
    0.0481701    0.0402738    0.0317021    0.0225503    0.0134277   0.00634297
   0.00124058  -0.00308081  -0.00688461   -0.0103382   -0.0135610   -0.0166054
   -0.0194657   -0.0220956   -0.0244286   -0.0263968   -0.0279442   -0.0290359
   -0.0296625   -0.0298422   -0.0296187   -0.0290529   -0.0282108   -0.0271498
   -0.0259096   -0.0245053   -0.0229241   -0.0211223   -0.0190225   -0.0165175
   -0.0134833  -0.00980284  -0.00538775 -0.000192941   0.00577771    0.0124726
    0.0198032    0.0276655    0.0359634    0.0446219    0.0535887    0.0628308
    0.0723273    0.0820648    0.0920319     0.102216     0.112599     0.123153
     0.133842     0.144608     0.155378     0.166051     0.176503     0.186586
     0.196130     0.204963     0.212923     0.219874     0.225729     0.230451
     0.234061     0.236631     0.238272     0.239116     0.239303
    0.0550115    0.0483990    0.0414088    0.0342882    0.0274006    0.0210709
    0.0154239    0.0103893   0.00584600   0.00169310  -0.00213930  -0.00569046
  -0.00897209   -0.0119744   -0.0146740   -0.0170424   -0.0190531   -0.0206867
   -0.0219346   -0.0227995   -0.0232939   -0.0234367   -0.0232478   -0.0227427
   -0.0219278   -0.0207976   -0.0193336   -0.0175038   -0.0152625   -0.0125535
  -0.00931586  -0.00549298  -0.00104066   0.00406621   0.00983051    0.0162338
    0.0232407    0.0308069    0.0388865    0.0474383    0.0564296    0.0658363
    0.0756419    0.0858357    0.0964095     0.107356     0.118662     0.130312
     0.142273     0.154497     0.166906     0.179386     0.191772     0.203844
     0.215325     0.225909     0.235297     0.243243     0.249589     0.254282
     0.257378     0.259039     0.259492     0.258992     0.257782
    0.0626638    0.0572516    0.0508482    0.0444724    0.0383469    0.0324839
    0.0269376    0.0217297    0.0168528    0.0122867   0.00801171   0.00401513
  0.000293726  -0.00314692  -0.00629472  -0.00913413   -0.0116491   -0.0138257
   -0.0156533   -0.0171252   -0.0182373   -0.0189865   -0.0193677   -0.0193708
   -0.0189788   -0.0181681   -0.0169167   -0.0152045   -0.0130070   -0.0102951
  -0.00703802  -0.00320671   0.00122254   0.00626505    0.0119263    0.0182020
    0.0250801    0.0325434    0.0405730    0.0491516    0.0582652    0.0679050
    0.0780673    0.0887535    0.0999690     0.111722     0.124022     0.136874
     0.150280     0.164223     0.178663     0.193511     0.208602     0.223645
     0.238178     0.251587     0.263257     0.272717     0.279682     0.284057
     0.285968     0.285789     0.284056     0.281294     0.277918
    0.0693657    0.0643726    0.0590012    0.0533992    0.0477478    0.0421606
    0.0367047    0.0314227    0.0263410    0.0214761    0.0168385    0.0124374
   0.00828243   0.00438515  0.000758638  -0.00258288  -0.00562497  -0.00835366
   -0.0107558   -0.0128189   -0.0145299   -0.0158742   -0.0168322   -0.0173761
   -0.0174632   -0.0170241   -0.0160308   -0.0145001   -0.0124258  -0.00979718
  -0.00659954  -0.00281753   0.00156272   0.00655197    0.0121569    0.0183801
    0.0252209    0.0326765    0.0407436    0.0494205    0.0587084    0.0686126
    0.0791441    0.0903196     0.102163     0.114706     0.127987     0.142052
     0.156956     0.172757     0.189512     0.207265     0.226006     0.245607
     0.265623     0.284223     0.299731     0.311602     0.319456     0.323054
     0.322288     0.317907     0.311995     0.305484     0.298904
    0.0769125    0.0726145    0.0672888    0.0617896    0.0563061    0.0508057
    0.0453272    0.0399152    0.0346096    0.0294434    0.0244439    0.0196338
    0.0150331    0.0106597   0.00653092   0.00266291 -0.000928576  -0.00422828
  -0.00722129  -0.00989257   -0.0122264   -0.0142053   -0.0158093   -0.0170149
   -0.0177946   -0.0177934   -0.0169660   -0.0156095   -0.0136679   -0.0111465
  -0.00803457  -0.00432244  6.27269e-08   0.00494216    0.0105117    0.0167152
    0.0235582    0.0310458    0.0391843    0.0479817    0.0574498    0.0676048
    0.0784696    0.0900747     0.102461     0.115681     0.129804     0.144917
     0.161135     0.178606     0.197525     0.218155     0.240860     0.266142
     0.294412     0.322480     0.341819     0.358238     0.367183     0.369815
     0.367193     0.354596     0.341312     0.329344     0.318685
    0.0838627    0.0797071    0.0749882    0.0698331    0.0644130    0.0588394
    0.0531896    0.0475273    0.0419058    0.0363697    0.0309556    0.0256942
    0.0206111    0.0157287    0.0110669   0.00664368   0.00247597  -0.00142031
  -0.00502980  -0.00833738   -0.0113276   -0.0139840   -0.0162888   -0.0182237
   -0.0194568   -0.0199588   -0.0197065   -0.0186904   -0.0168309   -0.0144239
   -0.0114013  -0.00776467  -0.00350216   0.00139535   0.00693700    0.0131316
    0.0199880    0.0275157    0.0357257    0.0446316    0.0542507    0.0646052
    0.0757246    0.0876470     0.100422     0.114115     0.128809     0.144616
     0.161681     0.180203     0.200451     0.222807     0.247827     0.276350
     0.309506     0.345097     0.369862     0.389527     0.401422     0.403895
     0.401530     0.385143     0.365318     0.348101     0.333735
    0.0920985    0.0883794    0.0835545    0.0781573    0.0724795    0.0665797
    0.0605470    0.0544615    0.0483876    0.0423754    0.0364645    0.0306869
    0.0250692    0.0196342    0.0144021   0.00939087   0.00461736  9.70497e-05
  -0.00415562  -0.00812715   -0.0118047   -0.0151747   -0.0182174   -0.0206085
   -0.0223182   -0.0233183   -0.0235829   -0.0230877   -0.0218060   -0.0197235
   -0.0167521   -0.0132016  -0.00899952  -0.00414769   0.00136617   0.00755144
    0.0144183    0.0219778    0.0302422    0.0392263    0.0489482    0.0594307
    0.0707030    0.0828022    0.0957760     0.109686     0.124611     0.140653
     0.157947     0.176665     0.197040     0.219376     0.244075     0.271659
     0.302827     0.338604     0.371555     0.389173     0.407213     0.409220
     0.408938     0.398248     0.375982     0.356166     0.340145
     0.101069    0.0975554    0.0927947    0.0870605    0.0807637    0.0741863
    0.0674917    0.0607746    0.0540938    0.0474902    0.0409949    0.0346332
    0.0284266    0.0223943    0.0165541    0.0109224   0.00551471  0.000345657
  -0.00457153  -0.00922621   -0.0136133   -0.0177402   -0.0212636   -0.0241455
   -0.0263547   -0.0278628   -0.0286429   -0.0286691   -0.0279157   -0.0263576
   -0.0239666   -0.0207273   -0.0165466   -0.0117514  -0.00626656 -9.49323e-05
   0.00677552    0.0143543    0.0226524    0.0316821    0.0414583    0.0519989
    0.0633267    0.0754700    0.0884644     0.102355     0.117197     0.133060
     0.150029     0.168210     0.187726     0.208727     0.231377     0.255859
     0.282380     0.311386     0.345189     0.364676     0.376685     0.390913
     0.384003     0.387375     0.367282     0.348846     0.335272
     0.113390     0.110703     0.104723    0.0970798    0.0892266    0.0814727
    0.0738384    0.0663196    0.0589182    0.0516414    0.0444992    0.0375033
    0.0306661    0.0240007    0.0175206    0.0112396   0.00517239 -0.000666027
  -0.00625940   -0.0115897   -0.0166357   -0.0213677   -0.0254442   -0.0288592
   -0.0315945   -0.0336269   -0.0349311   -0.0354810   -0.0352509   -0.0342152
   -0.0323485   -0.0296262   -0.0260202   -0.0215160   -0.0160166  -0.00986877
  -0.00299618   0.00459514    0.0129148    0.0219697    0.0317679    0.0423191
    0.0536347    0.0657295    0.0786214    0.0923315     0.106884     0.122307
     0.138629     0.155873     0.174058     0.193180     0.213192     0.233971
     0.255235     0.276365     0.296070     0.312581     0.325117     0.333459
     0.337430     0.337421     0.333741     0.327792     0.321279
     0.127214     0.126479     0.116609     0.105813    0.0964278    0.0875970
    0.0790744    0.0707710    0.0626481    0.0546879    0.0468839    0.0392361
    0.0317486    0.0244286    0.0172856    0.0103306   0.00357642  -0.00296233
  -0.00926896   -0.0153239   -0.0211053   -0.0263062   -0.0308924   -0.0348347
   -0.0381047   -0.0406736   -0.0425127   -0.0435934   -0.0438883   -0.0433710
   -0.0420161   -0.0397997   -0.0366985   -0.0326900   -0.0277487   -0.0218631
   -0.0149339  -0.00733202   0.00101683    0.0100990    0.0199166    0.0304672
    0.0417493    0.0537623    0.0665059    0.0799781    0.0941743     0.109085
     0.124690     0.140958     0.157832     0.175221     0.192978     0.210880
     0.228587     0.245624     0.261391     0.275279     0.286816     0.295729
     0.301952     0.305621     0.307072     0.306815     0.305420
     0.128265     0.125889     0.119482     0.110676     0.101275    0.0919373
    0.0827967    0.0738557    0.0650962    0.0565021    0.0480632    0.0397753
    0.0316386    0.0236573    0.0158380   0.00818987  0.000723547  -0.00654850
   -0.0136110   -0.0204411   -0.0267392   -0.0324723   -0.0376060   -0.0421057
   -0.0459371   -0.0490663   -0.0514601   -0.0530865   -0.0539151   -0.0539177
   -0.0530680   -0.0513425   -0.0487194   -0.0451793   -0.0407036   -0.0352753
   -0.0288737   -0.0214932   -0.0130353  -0.00390207   0.00597202    0.0165561
    0.0278339    0.0397930    0.0524190    0.0656923    0.0795870    0.0940677
     0.109087     0.124580     0.140459     0.156607     0.172867     0.189034
     0.204854     0.220024     0.234219     0.247123     0.258478     0.268112
     0.275958     0.282057     0.286550     0.289647     0.291595
     0.139451     0.139192     0.126882     0.114832     0.104476    0.0945909
    0.0849513    0.0754943    0.0661927    0.0570316    0.0480020    0.0391005
    0.0303275    0.0216869    0.0131856   0.00483208  -0.00336475   -0.0113985
   -0.0192716   -0.0266682   -0.0335482   -0.0398741   -0.0456081   -0.0507117
   -0.0551456   -0.0588711   -0.0618501   -0.0640461   -0.0654251   -0.0659558
   -0.0656103   -0.0643640   -0.0621964   -0.0590898   -0.0550301   -0.0500052
   -0.0440044   -0.0370180   -0.0290330   -0.0200523  -0.00998352  0.000718133
    0.0120598    0.0240396    0.0366373    0.0498226    0.0635558    0.0777868
    0.0924544     0.107483     0.122780     0.138232     0.153703     0.169031
     0.184032     0.198507     0.212250     0.225070     0.236800     0.247318
     0.256553     0.264488     0.271153     0.276622     0.280990
     0.133879     0.131322     0.124710     0.115548     0.105593    0.0955528
    0.0855922    0.0757345    0.0659754    0.0563083    0.0467298    0.0372402
    0.0278431    0.0185454   0.00935719  0.000291817  -0.00863344   -0.0173959
   -0.0259635   -0.0340227   -0.0415588   -0.0485426   -0.0549367   -0.0606996
   -0.0657873   -0.0701552   -0.0737597   -0.0765586   -0.0785129   -0.0795873
   -0.0797508   -0.0789772   -0.0772455   -0.0745398   -0.0708486   -0.0661645
   -0.0604831   -0.0538011   -0.0461138   -0.0374120   -0.0276703   -0.0168533
  -0.00541891   0.00667389    0.0193688    0.0326233    0.0463844    0.0605924
    0.0751811    0.0900753     0.105189     0.120424     0.135669     0.150800
     0.165683     0.180176     0.194136     0.207428     0.219929     0.231532
     0.242156     0.251744     0.260259     0.267689     0.274039
     0.142212     0.141593     0.128572     0.116187     0.105492    0.0951525
    0.0849179    0.0747282    0.0645683    0.0544362    0.0443350    0.0342702
    0.0242498    0.0142841   0.00438631  -0.00542720   -0.0151357   -0.0247146
   -0.0338818   -0.0425981   -0.0508242   -0.0585170   -0.0656298   -0.0721122
   -0.0779123   -0.0829778   -0.0872572   -0.0907012   -0.0932643   -0.0949055
   -0.0955895   -0.0952872   -0.0939764   -0.0916417   -0.0882743   -0.0838715
   -0.0784359   -0.0719741   -0.0644952   -0.0560100   -0.0465303   -0.0360729
   -0.0246693   -0.0122429  0.000718011    0.0142446    0.0282561    0.0426850
    0.0574664    0.0725324    0.0878096     0.103218     0.118670     0.134072
     0.149324     0.164322     0.178962     0.193136     0.206743     0.219682
     0.231856     0.243171     0.253535     0.262863     0.271077
     0.132364     0.129237     0.122586     0.113626     0.103750    0.0935362
    0.0831634    0.0726951    0.0621598    0.0515750    0.0409542    0.0303092
    0.0196520   0.00899493  -0.00164786   -0.0122593   -0.0228142   -0.0330375
   -0.0428925   -0.0523362   -0.0613203   -0.0697918   -0.0776940   -0.0849666
   -0.0915480   -0.0973757    -0.102389    -0.106529    -0.109743    -0.111982
    -0.113204    -0.113377    -0.112476    -0.110486    -0.107398    -0.103216
   -0.0979473   -0.0916089   -0.0842212   -0.0758091   -0.0663995   -0.0560207
   -0.0446996   -0.0324557   -0.0193227  -0.00522201   0.00928974    0.0241779
    0.0393978    0.0548980    0.0706221    0.0865095     0.102496     0.118512
     0.134488     0.150350     0.166020     0.181417     0.196456     0.211040
     0.225059     0.238386     0.250869     0.262333     0.272594
     0.132216     0.129127     0.121641     0.111990     0.101816    0.0913756
    0.0807313    0.0699222    0.0589762    0.0479140    0.0367523    0.0255057
    0.0141874   0.00280952  -0.00861855   -0.0200955   -0.0313314   -0.0422858
   -0.0529153   -0.0631704   -0.0729953   -0.0823280   -0.0911016   -0.0992453
    -0.106686    -0.113350    -0.119165    -0.124061    -0.127975    -0.130849
    -0.132634    -0.133292    -0.132794    -0.131122    -0.128272    -0.124249
    -0.119067    -0.112750    -0.105331   -0.0968438   -0.0873289   -0.0768249
   -0.0653676   -0.0529853   -0.0396946   -0.0254881   -0.0103444   0.00516887
    0.0210139    0.0371506    0.0535371    0.0701304    0.0868869     0.103763
     0.120714     0.137697     0.154664     0.171567     0.188347     0.204930
     0.221216     0.237059     0.252249     0.266489     0.279401
     0.132593     0.129679     0.121051     0.110433    0.0997379    0.0888928
    0.0778554    0.0666252    0.0552128    0.0436316    0.0318948    0.0200163
   0.00801079  -0.00410413   -0.0163060   -0.0285634   -0.0405908   -0.0523694
   -0.0638611   -0.0750145   -0.0857674   -0.0960492    -0.105782    -0.114884
    -0.123269    -0.130849    -0.137539    -0.143258    -0.147927    -0.151480
    -0.153858    -0.155014    -0.154916    -0.153543    -0.150890    -0.146966
    -0.141792    -0.135399    -0.127829    -0.119130    -0.109354   -0.0985540
   -0.0867783   -0.0740698   -0.0604604   -0.0459671   -0.0305902   -0.0143115
   0.00230618    0.0192312    0.0364339    0.0538871    0.0715668    0.0894530
     0.107530     0.125785     0.144212     0.162806     0.181561     0.200464
     0.219478     0.238523     0.257426     0.275820     0.292906
     0.129650     0.125924     0.118178     0.108106    0.0972624    0.0860721
    0.0746222    0.0629341    0.0510176    0.0388808    0.0265325    0.0139822
   0.00124120   -0.0116761   -0.0247471   -0.0377160   -0.0505470   -0.0631986
   -0.0756197   -0.0877484   -0.0995123    -0.110829    -0.121610    -0.131758
    -0.141173    -0.149752    -0.157395    -0.164004    -0.169489    -0.173768
    -0.176771    -0.178443    -0.178744    -0.177652    -0.175161    -0.171281
    -0.166040    -0.159478    -0.151649    -0.142613    -0.132437    -0.121189
    -0.108936   -0.0957368   -0.0816417   -0.0666866   -0.0508905   -0.0342514
   -0.0167432   0.00107953    0.0191976    0.0375975    0.0562730    0.0752254
    0.0944662     0.114018     0.133916     0.154212     0.174973     0.196286
     0.218256     0.241005     0.264651     0.289234     0.313768
     0.131206     0.128219     0.117988     0.106179    0.0946735    0.0830280
    0.0711340    0.0589681    0.0465265    0.0338110    0.0208249   0.00757175
  -0.00594691   -0.0197361   -0.0335303   -0.0472983   -0.0610018   -0.0745931
   -0.0880132    -0.101191    -0.114043    -0.126476    -0.138387    -0.149664
    -0.160191    -0.169849    -0.178519    -0.186086    -0.192444    -0.197495
    -0.201157    -0.203363    -0.204067    -0.203241    -0.200878    -0.196992
    -0.191617    -0.184804    -0.176616    -0.167131    -0.156431    -0.144603
    -0.131732    -0.117898    -0.103169   -0.0876002   -0.0712297   -0.0540723
   -0.0361174   -0.0173240   0.00176092    0.0211347    0.0408042    0.0607879
    0.0811184     0.101846     0.123043     0.144810     0.167282     0.190645
     0.215148     0.241140     0.269137     0.300121     0.338568
     0.126148     0.121788     0.113692     0.103201    0.0917344    0.0797935
    0.0674925    0.0548539    0.0418821    0.0285788    0.0149463  0.000988396
   -0.0132864   -0.0278574   -0.0424661   -0.0571045   -0.0717425   -0.0863326
    -0.100811    -0.115100    -0.129105    -0.142722    -0.155832    -0.168309
    -0.180018    -0.190823    -0.200584    -0.209168    -0.216449    -0.222314
    -0.226664    -0.229422    -0.230530    -0.229956    -0.227694    -0.223758
    -0.218191    -0.211052    -0.202420    -0.192389    -0.181060    -0.168540
    -0.154935    -0.140344    -0.124859    -0.108556   -0.0914903   -0.0736967
   -0.0551820   -0.0359216   -0.0158555   0.00447271    0.0250770    0.0459842
    0.0672373    0.0889000     0.111062     0.133846     0.157421     0.182010
     0.207922     0.235569     0.265505     0.298477     0.335735
     0.129437     0.126270     0.114003     0.101152    0.0889685    0.0765914
    0.0638602    0.0507436    0.0372364    0.0233376   0.00904495  -0.00564650
   -0.0207490   -0.0360148   -0.0514217   -0.0669432   -0.0825407   -0.0981608
    -0.113733    -0.129171    -0.144372    -0.159217    -0.173574    -0.187299
    -0.200239    -0.212238    -0.223136    -0.232778    -0.241020    -0.247727
    -0.252786    -0.256105    -0.257616    -0.257283    -0.255095    -0.251073
    -0.245264    -0.237740    -0.228597    -0.217944    -0.205903    -0.192604
    -0.178174    -0.162737    -0.146406    -0.129279    -0.111434   -0.0929249
   -0.0737777   -0.0539876   -0.0335141   -0.0122769   0.00917269    0.0308590
    0.0528213    0.0751189    0.0978350     0.121082     0.145008     0.169812
     0.195757     0.223201     0.252628     0.284596     0.318531
     0.121931     0.116870     0.108623    0.0980167    0.0861337    0.0735286
    0.0603960    0.0467975    0.0327511    0.0182597   0.00332126   -0.0120649
   -0.0278888   -0.0439126   -0.0601405   -0.0765546   -0.0931174    -0.109773
    -0.126445    -0.143041    -0.159447    -0.175532    -0.191150    -0.206138
    -0.220327    -0.233537    -0.245589    -0.256305    -0.265520    -0.273079
    -0.278851    -0.282729    -0.284637    -0.284528    -0.282394    -0.278255
    -0.272169    -0.264219    -0.254517    -0.243190    -0.230385    -0.216251
    -0.200941    -0.184602    -0.167373    -0.149372    -0.130699    -0.111431
   -0.0916140   -0.0712635   -0.0503613   -0.0288525  -0.00664203    0.0156888
    0.0381573    0.0608071    0.0836990     0.106909     0.130529     0.154673
     0.179475     0.205102     0.231768     0.259786     0.289301
     0.124946     0.120780     0.110044    0.0971637    0.0842118    0.0709533
    0.0572791    0.0431538    0.0285591    0.0134782  -0.00210923   -0.0182312
   -0.0346580   -0.0513831   -0.0683954   -0.0856707    -0.103168    -0.120828
    -0.138569    -0.156291    -0.173871    -0.191166    -0.208015    -0.224240
    -0.239652    -0.254050    -0.267234    -0.279004    -0.289172    -0.297565
    -0.304032    -0.308452    -0.310737    -0.310835    -0.308733    -0.304459
    -0.298075    -0.289679    -0.279396    -0.267377    -0.253788    -0.238802
    -0.222597    -0.205344    -0.187204    -0.168320    -0.148813    -0.128780
    -0.108287   -0.0873701   -0.0660310   -0.0442386   -0.0219302  0.000980354
    0.0237975    0.0465854    0.0693881    0.0922402     0.115169     0.138191
     0.161296     0.184424     0.207411     0.229870     0.251017
     0.122905     0.118044     0.108134    0.0956031    0.0823317    0.0686170
    0.0544673    0.0398580    0.0247621   0.00915311  -0.00699645   -0.0237157
   -0.0407682   -0.0581706   -0.0759213   -0.0940002    -0.112367    -0.130960
    -0.149696    -0.168466    -0.187141    -0.205566    -0.223567    -0.240950
    -0.257508    -0.273021    -0.287267    -0.300027    -0.311090    -0.320263
    -0.327379    -0.332301    -0.334931    -0.335210    -0.333125    -0.328704
    -0.322020    -0.313181    -0.302330    -0.289635    -0.275284    -0.259475
    -0.242406    -0.224273    -0.205258    -0.185528    -0.165223    -0.144460
    -0.123321    -0.101859   -0.0800897   -0.0579875   -0.0354814   -0.0124369
    0.0104862    0.0332438    0.0558200    0.0782010     0.100362     0.122258
     0.143808     0.164877     0.185253     0.204630     0.222608
     0.122634     0.117796     0.107309    0.0942169    0.0805478    0.0664624
    0.0519335    0.0369276    0.0214132   0.00535952   -0.0112635   -0.0284874
   -0.0460858   -0.0640822   -0.0824804    -0.101263    -0.120392    -0.139804
    -0.159412    -0.179104    -0.198742    -0.218162    -0.237179    -0.255584
    -0.273154    -0.289653    -0.304839    -0.318473    -0.330326    -0.340187
    -0.347873    -0.353234    -0.356160    -0.356589    -0.354504    -0.349938
    -0.342970    -0.333720    -0.322345    -0.309032    -0.293987    -0.277428
    -0.259577    -0.240649    -0.220847    -0.200357    -0.179338    -0.157924
    -0.136215    -0.114280   -0.0921528   -0.0698336   -0.0472900   -0.0244651
  -0.00130054    0.0214618    0.0438352    0.0658023    0.0873235     0.108336
     0.128751     0.148445     0.167257     0.184995     0.201440
     0.121983     0.117134     0.106226    0.0927598    0.0788346    0.0645007
    0.0497036    0.0344035    0.0185662   0.00216031   -0.0148410   -0.0324536
   -0.0504764   -0.0689407   -0.0878539    -0.107201    -0.126941    -0.147013
    -0.167325    -0.187762    -0.208179    -0.228406    -0.248246    -0.267480
    -0.285872    -0.303170    -0.319118    -0.333460    -0.345953    -0.356369
    -0.364512    -0.370221    -0.373379    -0.373918    -0.371820    -0.367121
    -0.359905    -0.350303    -0.338485    -0.324651    -0.309024    -0.291840
    -0.273337    -0.253749    -0.233296    -0.212179    -0.190573    -0.168627
    -0.146454    -0.124136    -0.101720   -0.0792191   -0.0566063   -0.0338148
   -0.0107214    0.0119670    0.0341682    0.0558280    0.0768940    0.0973038
     0.116980     0.135828     0.153736     0.170583     0.186242
     0.119623     0.114273     0.104046    0.0910913    0.0772168    0.0627916
    0.0478466    0.0323588    0.0162947 -0.000384321   -0.0177251   -0.0355268
   -0.0538077   -0.0725810   -0.0918460    -0.111584    -0.131752    -0.152287
    -0.173094    -0.194055    -0.215022    -0.235816    -0.256236    -0.276055
    -0.295025    -0.312885    -0.329368    -0.344207    -0.357145    -0.367946
    -0.376404    -0.382348    -0.385658    -0.386260    -0.384137    -0.379327
    -0.371919    -0.362050    -0.349899    -0.335679    -0.319623    -0.301980
    -0.283001    -0.262933    -0.242008    -0.220439    -0.198412    -0.176084
    -0.153582    -0.130997    -0.108387   -0.0857778   -0.0631636   -0.0405114
   -0.0177702   0.00510463    0.0272917    0.0487948    0.0695900    0.0896346
     0.108871     0.127230     0.144635     0.161003     0.176256
     0.120656     0.116019     0.104078    0.0900195    0.0759431    0.0614733
    0.0464775    0.0309096    0.0147389  -0.00206746   -0.0195476   -0.0374827
   -0.0559089   -0.0748453   -0.0942929    -0.114233    -0.134623    -0.155396
    -0.176460    -0.197692    -0.218942    -0.240029    -0.260748    -0.280866
    -0.300131    -0.318277    -0.335029    -0.350116    -0.363273    -0.374261
    -0.382866    -0.388915    -0.392284    -0.392899    -0.390741    -0.385851
    -0.378319    -0.368288    -0.355942    -0.341498    -0.325198    -0.307296
    -0.288052    -0.267718    -0.246533    -0.224717    -0.202460    -0.179928
    -0.157249    -0.134523    -0.111811   -0.0891443   -0.0665214   -0.0439084
   -0.0212390   0.00159107    0.0237116    0.0451046    0.0657428    0.0855879
     0.104592     0.122700     0.139851     0.155985     0.171042
     0.115640     0.109718     0.100358    0.0883949    0.0749654    0.0606682
    0.0457093    0.0301399    0.0139579  -0.00286069   -0.0203502   -0.0382906
   -0.0567193   -0.0756569   -0.0951053    -0.115045    -0.135436    -0.156209
    -0.177272    -0.198503    -0.219750    -0.240833    -0.261545    -0.281655
    -0.300909    -0.319041    -0.335776    -0.350842    -0.363975    -0.374934
    -0.383507    -0.389522    -0.392853    -0.393427    -0.391227    -0.386292
    -0.378716    -0.368640    -0.356250    -0.341763    -0.325422    -0.307482
    -0.288202    -0.267835    -0.246621    -0.224779    -0.202501    -0.179951
    -0.157260    -0.134525    -0.111811   -0.0891475   -0.0665343   -0.0439381
   -0.0212934   0.00150314    0.0235811    0.0449223    0.0654998    0.0852765
     0.104207     0.122237     0.139313     0.155376     0.170375
     0.121757     0.117702     0.104371    0.0895157    0.0752002    0.0606352
    0.0456137    0.0300651    0.0139479  -0.00277701   -0.0201516   -0.0379601
   -0.0562396   -0.0750097   -0.0942716    -0.114006    -0.134172    -0.154702
    -0.175505    -0.196458    -0.217413    -0.238192    -0.258591    -0.278381
    -0.297316    -0.315132    -0.331562    -0.346337    -0.359201    -0.369917
    -0.378280    -0.384120    -0.387317    -0.387799    -0.385550    -0.380610
    -0.373070    -0.363070    -0.350790    -0.336443    -0.320267    -0.302510
    -0.283426    -0.263262    -0.242251    -0.220606    -0.198515    -0.176136
    -0.153595    -0.130986    -0.108366   -0.0857651   -0.0631776   -0.0405733
   -0.0179041   0.00487175    0.0269316    0.0482779    0.0688872    0.0887194
     0.107723     0.125837     0.142997     0.159137     0.174196
     0.117680     0.112291     0.102218    0.0893170    0.0753765    0.0609047
    0.0459722    0.0305579    0.0146225  -0.00187895   -0.0189985   -0.0365402
   -0.0545236   -0.0729625   -0.0918564    -0.111186    -0.130910    -0.150964
    -0.171257    -0.191670    -0.212058    -0.232248    -0.252044    -0.271224
    -0.289549    -0.306767    -0.322621    -0.336854    -0.349220    -0.359495
    -0.367481    -0.373019    -0.375992    -0.376336    -0.374035    -0.369127
    -0.361700    -0.351888    -0.339863    -0.325828    -0.310009    -0.292643
    -0.273971    -0.254229    -0.233637    -0.212398    -0.190688    -0.168656
    -0.146417    -0.124055    -0.101620   -0.0791245   -0.0565480   -0.0338275
   -0.0108454    0.0116861    0.0336794    0.0550760    0.0758212    0.0958546
     0.115106     0.133495     0.150934     0.167332     0.182600
     0.120145     0.115770     0.103956    0.0898124    0.0756845    0.0613222
    0.0466016    0.0314613    0.0158556 -0.000255045   -0.0169037   -0.0341107
   -0.0516780   -0.0696369   -0.0879945    -0.106735    -0.125820    -0.145185
    -0.164744    -0.184381    -0.203958    -0.223309    -0.242246    -0.260559
    -0.278021    -0.294396    -0.309441    -0.322914    -0.334587    -0.344249
    -0.351717    -0.356843    -0.359519    -0.359686    -0.357329    -0.352486
    -0.345239    -0.335711    -0.324064    -0.310488    -0.295191    -0.278394
    -0.260321    -0.241189    -0.221203    -0.200549    -0.179388    -0.157854
    -0.136050    -0.114046   -0.0918785   -0.0695521   -0.0470396   -0.0242912
  -0.00125773    0.0213078    0.0434074    0.0650119    0.0860718     0.106519
     0.126265     0.145204     0.163209     0.180142     0.195861
     0.117244     0.112288     0.102122    0.0892394    0.0756332    0.0616583
    0.0473292    0.0326116    0.0174650   0.00185047   -0.0142686   -0.0309278
   -0.0479046   -0.0652213   -0.0828811    -0.100866    -0.119138    -0.137634
    -0.156270    -0.174937    -0.193501    -0.211807    -0.229678    -0.246917
    -0.263315    -0.278652    -0.292702    -0.305245    -0.316071    -0.324988
    -0.331828    -0.336457    -0.338778    -0.338738    -0.336324    -0.331571
    -0.324554    -0.315385    -0.304213    -0.291207    -0.276560    -0.260469
    -0.243138    -0.224763    -0.205528    -0.185598    -0.165117    -0.144200
    -0.122933    -0.101369   -0.0795258   -0.0573846   -0.0348799   -0.0118865
    0.0109205    0.0334803    0.0557565    0.0777111    0.0992929     0.120428
     0.141015     0.160913     0.179942     0.197881     0.214487
     0.116527     0.111964     0.101510    0.0885804    0.0753328    0.0618524
    0.0480667    0.0339184    0.0193632   0.00436447   -0.0111108   -0.0270936
   -0.0433496   -0.0598944   -0.0767259   -0.0938231    -0.111146    -0.128632
    -0.146201    -0.163749    -0.181149    -0.198259    -0.214912    -0.230929
    -0.246118    -0.260277    -0.273203    -0.284698    -0.294571    -0.302651
    -0.308788    -0.312864    -0.314791    -0.314523    -0.312050    -0.307403
    -0.300648    -0.291888    -0.281252    -0.268892    -0.254978    -0.239685
    -0.223192    -0.205671    -0.187284    -0.168173    -0.148459    -0.128240
    -0.107580   -0.0865178   -0.0650565   -0.0431691   -0.0207989   0.00213004
    0.0249018    0.0475596    0.0701182    0.0925736     0.114902     0.137054
     0.158936     0.180398     0.201202     0.221000     0.239341
     0.113864     0.109391    0.0993111    0.0870337    0.0745565    0.0618426
    0.0487939    0.0353625    0.0215198   0.00724277  -0.00749041   -0.0227020
   -0.0381456   -0.0538285   -0.0697414   -0.0858590    -0.102139    -0.118521
    -0.134927    -0.151258    -0.167399    -0.183215    -0.198558    -0.213262
    -0.227155    -0.240056    -0.251785    -0.262164    -0.271026    -0.278219
    -0.283613    -0.287103    -0.288615    -0.288106    -0.285571    -0.281036
    -0.274558    -0.266228    -0.256157    -0.244479    -0.231338    -0.216887
    -0.201279    -0.184661    -0.167170    -0.148924    -0.130021    -0.110536
   -0.0905118   -0.0699643   -0.0488742   -0.0271875  -0.00481218    0.0176558
    0.0402198    0.0629030    0.0857357     0.108749     0.131971     0.155417
     0.179076     0.202880     0.226644     0.249931     0.271861
     0.107573     0.102324    0.0944233    0.0845298    0.0735176    0.0618364
    0.0496519    0.0370209    0.0239610    0.0104736  -0.00344887   -0.0178233
   -0.0324083   -0.0471855   -0.0621345   -0.0772253   -0.0924143    -0.107643
    -0.122837    -0.137905    -0.152740    -0.167221    -0.181212    -0.194568
    -0.207133    -0.218748    -0.229255    -0.238498    -0.246332    -0.252625
    -0.257264    -0.260160    -0.261249    -0.260495    -0.257893    -0.253465
    -0.247261    -0.239358    -0.229850    -0.218851    -0.206483    -0.192875
    -0.178154    -0.162442    -0.145850    -0.128472    -0.110383   -0.0916318
   -0.0722404   -0.0521985   -0.0314607  -0.00994222    0.0117997    0.0337871
    0.0560534    0.0786474     0.101634     0.125096     0.149137     0.173881
     0.199483     0.226129     0.254062     0.283636     0.315016
     0.109671     0.105763    0.0950267    0.0840735    0.0733823    0.0623430
    0.0508822    0.0390040    0.0267217    0.0140464  0.000986726   -0.0124469
   -0.0262333   -0.0401220   -0.0541073   -0.0681646   -0.0822541   -0.0963211
    -0.110297    -0.124097    -0.137627    -0.150775    -0.163423    -0.175440
    -0.186690    -0.197036    -0.206338    -0.214463    -0.221287    -0.226695
    -0.230593    -0.232904    -0.233574    -0.232572    -0.229895    -0.225561
    -0.219611    -0.212110    -0.203136    -0.192784    -0.181153    -0.168349
    -0.154477    -0.139633    -0.123905    -0.107361   -0.0900530   -0.0720072
   -0.0532218   -0.0336627   -0.0132590   0.00744748    0.0284786    0.0498691
    0.0716696    0.0939508     0.116808     0.140370     0.164803     0.190332
     0.217255     0.245977     0.277045     0.311093     0.347477
     0.104687    0.0998634    0.0925885    0.0835810    0.0737003    0.0633031
    0.0524924    0.0413026    0.0297521    0.0178534   0.00561581  -0.00695515
   -0.0198614   -0.0328443   -0.0458713   -0.0589099   -0.0719192   -0.0848479
   -0.0976323    -0.110197    -0.122456    -0.134312    -0.145659    -0.156383
    -0.166368    -0.175493    -0.183640    -0.190694    -0.196549    -0.201110
    -0.204296    -0.206042    -0.206304    -0.205055    -0.202292    -0.198029
    -0.192300    -0.185158    -0.176666    -0.166900    -0.155942    -0.143874
    -0.130780    -0.116733    -0.101798   -0.0860215   -0.0694326   -0.0520355
   -0.0338068   -0.0146910   0.00477217    0.0245945    0.0447991    0.0654233
    0.0865217     0.108171     0.130475     0.153576     0.177664     0.202994
     0.229913     0.258888     0.290548     0.325739     0.365881
     0.106990     0.103422    0.0942807    0.0843151    0.0745931    0.0646456
    0.0543933    0.0438294    0.0329625    0.0218041    0.0103666  -0.00133710
   -0.0132901   -0.0254639   -0.0375908   -0.0496576   -0.0616328   -0.0734718
   -0.0851181   -0.0965047    -0.107555    -0.118184    -0.128300    -0.137804
    -0.146595    -0.154571    -0.161632    -0.167680    -0.172626    -0.176389
    -0.178903    -0.180112    -0.179979    -0.178483    -0.175618    -0.171396
    -0.165844    -0.159002    -0.150922    -0.141663    -0.131288    -0.119862
    -0.107446   -0.0940968   -0.0798564   -0.0647529   -0.0487931   -0.0319607
   -0.0142127   0.00390623    0.0223946    0.0412591    0.0605163    0.0801949
     0.100339     0.121010     0.142294     0.164308     0.187207     0.211199
     0.236564     0.263693     0.293167     0.326098     0.367553
     0.103990    0.0996975    0.0929608    0.0846152    0.0755689    0.0661450
    0.0564281    0.0464469    0.0362181    0.0257559    0.0150726   0.00417859
  -0.00691886   -0.0182204   -0.0294554   -0.0405892   -0.0515840   -0.0623957
   -0.0729727   -0.0832552   -0.0931759    -0.102661    -0.111630    -0.120001
    -0.127686    -0.134599    -0.140654    -0.145771    -0.149874    -0.152896
    -0.154781    -0.155482    -0.154969    -0.153221    -0.150235    -0.146017
    -0.140587    -0.133977    -0.126224    -0.117374    -0.107474   -0.0965723
   -0.0847129   -0.0719344   -0.0582649   -0.0437168   -0.0282724   -0.0118929
   0.00487096    0.0220066    0.0395050    0.0573623    0.0755813    0.0941728
     0.113157     0.132568     0.152449     0.172864     0.193890     0.215625
     0.238184     0.261693     0.286267     0.311898     0.337444
     0.105633     0.102248    0.0945588    0.0856366    0.0767566    0.0677124
    0.0584615    0.0490098    0.0393728    0.0295661    0.0196037   0.00949881
 -0.000735896   -0.0110860   -0.0215305   -0.0318144   -0.0419067   -0.0517695
   -0.0613579   -0.0706203   -0.0794990   -0.0879305   -0.0958470    -0.103177
    -0.109848    -0.115787    -0.120923    -0.125186    -0.128514    -0.130852
    -0.132151    -0.132373    -0.131490    -0.129485    -0.126351    -0.122094
    -0.116725    -0.110267    -0.102747   -0.0941956   -0.0846464   -0.0741312
   -0.0626785   -0.0503124   -0.0370563   -0.0229439  -0.00788919   0.00756305
    0.0233957    0.0395877    0.0561177    0.0729661    0.0901166     0.107557
     0.125278     0.143276     0.161550     0.180101     0.198927     0.218014
     0.237322     0.256755     0.276108     0.294966     0.312461
     0.103950     0.100244    0.0939771    0.0861766    0.0778119    0.0691650
    0.0603293    0.0513505    0.0422554    0.0330617    0.0237831    0.0144314
   0.00501825  -0.00444318   -0.0139375   -0.0234473   -0.0327138   -0.0417065
   -0.0503883   -0.0587160   -0.0666410   -0.0741100   -0.0810660   -0.0874490
   -0.0931978   -0.0982510    -0.102549    -0.106033    -0.108653    -0.110359
    -0.111111    -0.110877    -0.109632    -0.107359    -0.104049   -0.0997040
   -0.0943292   -0.0879377   -0.0805463   -0.0721741   -0.0628400   -0.0525590
   -0.0413382   -0.0291638   -0.0160075  -0.00236983    0.0117821    0.0263767
    0.0413615    0.0566925    0.0723290    0.0882319     0.104363     0.120685
     0.137159     0.153748     0.170410     0.187098     0.203756     0.220306
     0.236638     0.252593     0.267938     0.282345     0.295400
     0.104408     0.101087    0.0950140    0.0872211    0.0788811    0.0703895
    0.0618407    0.0532614    0.0446621    0.0360488    0.0274264    0.0188001
    0.0101763   0.00156347  -0.00702797   -0.0155850   -0.0240925   -0.0322861
   -0.0401365   -0.0476086   -0.0546625   -0.0612544   -0.0673366   -0.0728594
   -0.0777714   -0.0820210   -0.0855576   -0.0883329   -0.0903019   -0.0914243
   -0.0916647   -0.0909937   -0.0893883   -0.0868315   -0.0833126   -0.0788268
   -0.0733739   -0.0669582   -0.0595868   -0.0512682   -0.0420119   -0.0318226
   -0.0207212  -0.00862405   0.00396117    0.0170227    0.0305395    0.0444720
    0.0587736    0.0733939    0.0882797     0.103375     0.118621     0.133956
     0.149316     0.164633     0.179835     0.194847     0.209583     0.223946
     0.237821     0.251069     0.263522     0.274988     0.285259
     0.108650     0.107656    0.0983696    0.0882560    0.0794107    0.0709380
    0.0626380    0.0544494    0.0463466    0.0383160    0.0303497    0.0224435
    0.0145968   0.00681217 -0.000904907  -0.00854599   -0.0161001   -0.0235538
   -0.0306366   -0.0373211   -0.0435758   -0.0493656   -0.0546516   -0.0593922
   -0.0635442   -0.0670640   -0.0699080   -0.0720348   -0.0734053   -0.0739842
   -0.0737400   -0.0726455   -0.0706779   -0.0678187   -0.0640536   -0.0593723
   -0.0537665   -0.0472304   -0.0397610   -0.0313525   -0.0220168   -0.0116650
 -0.000751988    0.0107691    0.0228392    0.0354127    0.0484458    0.0618911
    0.0756951    0.0897982     0.104134     0.118630     0.133207     0.147778
     0.162254     0.176539     0.190538     0.204152     0.217285     0.229839
     0.241715     0.252816     0.263038     0.272284     0.280459
     0.102547    0.0997415    0.0939872    0.0863624    0.0782409    0.0701797
    0.0622983    0.0545988    0.0470607    0.0396628    0.0323881    0.0252248
    0.0181659    0.0112087   0.00435494  -0.00239046  -0.00901958   -0.0155223
   -0.0218873   -0.0278373   -0.0333497   -0.0383999   -0.0429557   -0.0469819
   -0.0504418   -0.0532970   -0.0555087   -0.0570395   -0.0578546   -0.0579225
   -0.0572148   -0.0557054   -0.0533700   -0.0501868   -0.0461377   -0.0412076
   -0.0353759   -0.0286210   -0.0209411   -0.0122403  -0.00294012   0.00701910
    0.0175986    0.0287724    0.0405056    0.0527591    0.0654890    0.0786450
    0.0921689     0.105993     0.120039     0.134216     0.148422     0.162544
     0.176460     0.190041     0.203162     0.215700     0.227547     0.238607
     0.248804     0.258081     0.266395     0.273721     0.280047
     0.104307     0.104697    0.0938839    0.0838882    0.0756222    0.0679214
    0.0605676    0.0534821    0.0466179    0.0399405    0.0334244    0.0270513
    0.0208099    0.0146951   0.00870639   0.00284796  -0.00287273  -0.00844571
   -0.0138601   -0.0191071   -0.0239078   -0.0282707   -0.0321522   -0.0355221
   -0.0383501   -0.0406010   -0.0422350   -0.0432146   -0.0435075   -0.0430865
   -0.0419296   -0.0400110   -0.0373013   -0.0337698   -0.0293925   -0.0241763
   -0.0180677   -0.0109518  -0.00322020   0.00519682    0.0142749    0.0240027
    0.0343621    0.0453311    0.0568833    0.0689866    0.0816024    0.0946839
     0.108173     0.122000     0.136075     0.150294     0.164526     0.178624
     0.192419     0.205733     0.218385     0.230211     0.241073     0.250873
     0.259556     0.267111     0.273564     0.278973     0.283409
    0.0927907    0.0901078    0.0847869    0.0778798    0.0707163    0.0638108
    0.0572373    0.0509577    0.0449206    0.0390833    0.0334148    0.0278946
    0.0225109    0.0172592    0.0121408   0.00716200   0.00233373  -0.00232865
  -0.00680482   -0.0110677   -0.0150785   -0.0188540   -0.0221088   -0.0248656
   -0.0271178   -0.0288352   -0.0299490   -0.0304160   -0.0302035   -0.0292906
   -0.0276899   -0.0253759   -0.0223020   -0.0183977   -0.0135466  -0.00809453
  -0.00195155   0.00491803    0.0124812    0.0207285    0.0296497    0.0392350
    0.0494735    0.0603520    0.0718539    0.0839585    0.0966388     0.109859
     0.123571     0.137712     0.152194     0.166903     0.181686     0.196348
     0.210651     0.224320     0.237072     0.248644     0.258834     0.267520
     0.274672     0.280346     0.284680     0.287857     0.290078
    0.0885815    0.0880257    0.0791810    0.0705101    0.0637647    0.0577932
    0.0522643    0.0470284    0.0420036    0.0371419    0.0324157    0.0278103
    0.0233198    0.0189453    0.0146930    0.0105737   0.00660235   0.00279816
 -0.000815227  -0.00420907  -0.00734894   -0.0101953   -0.0126861   -0.0147936
   -0.0165130   -0.0178725   -0.0185441   -0.0185353   -0.0178070   -0.0162687
   -0.0142200   -0.0115723  -0.00826788  -0.00426727  0.000447732   0.00584690
    0.0119304    0.0187021    0.0261599    0.0343019    0.0431269    0.0526338
    0.0628217    0.0736893    0.0852344    0.0974531     0.110338     0.123876
     0.138044     0.152805     0.168099     0.183827     0.199840     0.215907
     0.231693     0.246740     0.260516     0.272526     0.282424     0.290038
     0.295369     0.298592     0.300045     0.300193     0.299493
    0.0707354    0.0674416    0.0631242    0.0584421    0.0540038    0.0498327
    0.0458285    0.0419258    0.0380936    0.0343200    0.0306035    0.0269485
    0.0233636    0.0198602    0.0164523    0.0131564   0.00999187   0.00698068
   0.00414804   0.00152258 -0.000863557  -0.00297479  -0.00477243  -0.00622009
  -0.00728123  -0.00791054  -0.00803149  -0.00759790  -0.00657687  -0.00495036
  -0.00273776  7.29923e-05   0.00350258   0.00757066    0.0122908    0.0176689
    0.0237107    0.0304227    0.0378108    0.0458812    0.0546413    0.0640997
    0.0742668    0.0851554    0.0967807     0.109160     0.122314     0.136264
     0.151030     0.166629     0.183068     0.200327     0.218342     0.236964
     0.255863     0.274326     0.291001     0.304561     0.314690     0.321118
     0.323926     0.323396     0.320033     0.315318     0.310441
    0.0518499    0.0469730    0.0451609    0.0442959    0.0428912    0.0409655
    0.0387077    0.0362429    0.0336484    0.0309760    0.0282633    0.0255403
    0.0228328    0.0201638    0.0175555    0.0150298    0.0126096    0.0103189
   0.00818363   0.00623205   0.00449459   0.00300395   0.00179485  0.000903333
  0.000367229  0.000227105  0.000526063   0.00130209   0.00258652   0.00440330
   0.00676925   0.00970185    0.0132193    0.0173389    0.0220757    0.0274427
    0.0334513    0.0401128    0.0474386    0.0554411    0.0641343    0.0735354
    0.0836650    0.0945489     0.106219     0.118716     0.132089     0.146400
     0.161725     0.178156     0.195805     0.214798     0.235278     0.257399
     0.281360     0.307850     0.338147     0.347075     0.361597     0.364832
     0.362894     0.362246     0.342977     0.329777     0.319760
    0.0369221    0.0306444    0.0312346    0.0329508    0.0333531    0.0329524
    0.0320307    0.0307515    0.0292242    0.0275275    0.0257199    0.0238466
    0.0219436    0.0200410    0.0181654    0.0163414    0.0145933    0.0129454
    0.0114235    0.0100548   0.00886836   0.00789528   0.00716832   0.00672186
   0.00659163   0.00681426   0.00742637   0.00846281   0.00995549    0.0119329
    0.0144202    0.0174404    0.0210147    0.0251624    0.0299010    0.0352460
    0.0412117    0.0478122    0.0550616    0.0629755    0.0715718    0.0808723
    0.0909039     0.101701     0.113307     0.125778     0.139188     0.153629
     0.169226     0.186141     0.204589     0.224855     0.247312     0.272444
     0.300937     0.333232     0.355526     0.371105     0.383279     0.382847
     0.382756     0.367734     0.349674     0.334509     0.322400
    0.0320520    0.0266499    0.0251443    0.0256551    0.0263106    0.0265840
    0.0264444    0.0259643    0.0252253    0.0242977    0.0232381    0.0220909
    0.0208913    0.0196681    0.0184460    0.0172476    0.0160950    0.0150105
    0.0140181    0.0131432    0.0124134    0.0118585    0.0115102    0.0114021
    0.0115693    0.0120478    0.0128738    0.0140829    0.0157093    0.0177851
    0.0203400    0.0234009    0.0269922    0.0311354    0.0358494    0.0411506
    0.0470537    0.0535722    0.0607197    0.0685111    0.0769637    0.0860988
    0.0959436     0.106533     0.117913     0.130142     0.143300     0.157488
     0.172844     0.189556     0.207882     0.228194     0.251038     0.277241
     0.307546     0.335890     0.354655     0.370844     0.377171     0.378944
     0.372719     0.356861     0.341014     0.327682     0.316603
    0.0218811    0.0145318    0.0167758    0.0197179    0.0210680    0.0217498
    0.0220248    0.0220134    0.0217953    0.0214289    0.0209574    0.0204123
    0.0198170    0.0191897    0.0185463    0.0179017    0.0172721    0.0166751
    0.0161310    0.0156629    0.0152965    0.0150608    0.0149873    0.0151100
    0.0154653    0.0160910    0.0170259    0.0183092    0.0199794    0.0220733
    0.0246256    0.0276676    0.0312269    0.0353268    0.0399862    0.0452204
    0.0510412    0.0574582    0.0644804    0.0721171    0.0803798    0.0892836
    0.0988490     0.109103     0.120083     0.131836     0.144425     0.157931
     0.172459     0.188149     0.205188     0.223829     0.244429     0.267458
     0.292793     0.314739     0.330105     0.343166     0.348069     0.349833
     0.344001     0.332665     0.322006     0.312506     0.304100
    0.0247716    0.0190633    0.0170467    0.0171937    0.0177995    0.0182834
    0.0185846    0.0187533    0.0188403    0.0188778    0.0188813    0.0188561
    0.0188017    0.0187166    0.0186005    0.0184561    0.0182900    0.0181134
    0.0179418    0.0177955    0.0176989    0.0176805    0.0177727    0.0180115
    0.0184359    0.0190879    0.0200117    0.0212528    0.0228572    0.0248697
    0.0273325    0.0302835    0.0337547    0.0377710    0.0423504    0.0475037
    0.0532362    0.0595488    0.0664402    0.0739092    0.0819560    0.0905841
    0.0998014     0.109621     0.120064     0.131154     0.142927     0.155421
     0.168684     0.182766     0.197712     0.213552     0.230255     0.247655
     0.265072     0.280476     0.292983     0.302220     0.307849     0.309721
     0.307849     0.303614     0.298491     0.293084     0.287742
    0.0170132   0.00889832    0.0124835    0.0149779    0.0154876    0.0155648
    0.0156116    0.0157615    0.0160421    0.0164339    0.0168996    0.0173981
    0.0178915    0.0183494    0.0187500    0.0190808    0.0193381    0.0195262
    0.0196568    0.0197481    0.0198242    0.0199146    0.0200534    0.0202797
    0.0206368    0.0211728    0.0219397    0.0229935    0.0243926    0.0261954
    0.0284578    0.0312293    0.0345498    0.0384473    0.0429367    0.0480201
    0.0536896    0.0599300    0.0667225    0.0740484    0.0818915    0.0902395
    0.0990848     0.108425     0.118260     0.128595     0.139432     0.150774
     0.162615     0.174932     0.187679     0.200756     0.213985     0.227063
     0.239525     0.250810     0.260417     0.267997     0.273365     0.276506
     0.277614     0.277090     0.275415     0.273012     0.270194
    0.0290170    0.0228875    0.0187256    0.0159497    0.0139531    0.0126790
    0.0121571    0.0122740    0.0128617    0.0137652    0.0148516    0.0160116
    0.0171596    0.0182325    0.0191875    0.0199993    0.0206573    0.0211625
    0.0215258    0.0217664    0.0219103    0.0219895    0.0220412    0.0221079
    0.0222373    0.0224838    0.0229094    0.0235846    0.0245878    0.0260023
    0.0279103    0.0303853    0.0334840    0.0372404    0.0416634    0.0467379
    0.0524297    0.0586931    0.0654794    0.0727431    0.0804462    0.0885590
    0.0970595     0.105931     0.115162     0.124739     0.134647     0.144865
     0.155357     0.166073     0.176934     0.187824     0.198582     0.208996
     0.218812     0.227757     0.235585     0.242107     0.247217     0.250907
     0.253262     0.254449     0.254680     0.254174     0.253129
    0.0338970    0.0272999    0.0209919    0.0149642   0.00958587   0.00673137
   0.00641676   0.00719395   0.00866953    0.0105746    0.0126767    0.0147991
    0.0168147    0.0186389    0.0202208    0.0215349    0.0225737    0.0233431
    0.0238594    0.0241473    0.0242386    0.0241710    0.0239856    0.0237271
    0.0234437    0.0231912    0.0230375    0.0230690    0.0233944    0.0241437
    0.0254554    0.0274571    0.0302436    0.0338637    0.0383143    0.0435424
    0.0494568    0.0559489    0.0629150    0.0702705    0.0779529    0.0859194
    0.0941414     0.102599     0.111275     0.120153     0.129212     0.138424
     0.147748     0.157131     0.166499     0.175757     0.184788     0.193456
     0.201609     0.209099     0.215791     0.221582     0.226409     0.230262
     0.233174     0.235223     0.236513     0.237162     0.237288
    0.0371000    0.0297526    0.0217818    0.0127952   0.00263482  -0.00239592
  -0.00254878 -0.000323841   0.00321269   0.00695045    0.0106855    0.0142012
    0.0173532    0.0200735    0.0223394    0.0241521    0.0255245    0.0264777
    0.0270392    0.0272435    0.0271344    0.0267625    0.0261777    0.0254236
    0.0245376    0.0235578    0.0225347    0.0215499    0.0207422    0.0203314
    0.0206013    0.0218170    0.0241560    0.0276981    0.0324208    0.0381930
    0.0447774    0.0519064    0.0593718    0.0670459    0.0748603    0.0827822
    0.0907969    0.0988974     0.107078     0.115330     0.123639     0.131982
     0.140326     0.148627     0.156828     0.164861     0.172645     0.180091
     0.187107     0.193605     0.199506     0.204748     0.209295     0.213133
     0.216278     0.218765     0.220649     0.221998     0.222882
    0.0408118    0.0333586    0.0249834    0.0151810   0.00310835  -0.00460525
  -0.00897616  -0.00717092  -0.00295418   0.00364165   0.00995197    0.0152760
    0.0197166    0.0233455    0.0262341    0.0284582    0.0300545    0.0310613
    0.0315236    0.0314632    0.0309401    0.0300623    0.0289142    0.0275322
    0.0259176    0.0240513    0.0219057    0.0194621    0.0167585    0.0140617
    0.0122660    0.0121882    0.0138115    0.0174597    0.0229042    0.0302658
    0.0386558    0.0471752    0.0555567    0.0637586    0.0717999    0.0797149
    0.0875374    0.0952948     0.103006     0.110679     0.118313     0.125898
     0.133412     0.140824     0.148095     0.155178     0.162018     0.168558
     0.174739     0.180506     0.185810     0.190614     0.194891     0.198632
     0.201841     0.204537     0.206751     0.208519     0.209888
    0.0458258    0.0391469    0.0318408    0.0237991    0.0151851   0.00658004
  -0.00361075  -0.00407906  -0.00349092   0.00525378    0.0132224    0.0197524
    0.0253077    0.0295410    0.0325507    0.0351657    0.0368099    0.0375133
    0.0379688    0.0373997    0.0358783    0.0341760    0.0323503    0.0303424
    0.0280674    0.0254162    0.0222415    0.0183303    0.0133454   0.00661240
  -0.00108361  0.000268611  -0.00254485   0.00491887   0.00771036    0.0213575
    0.0332723    0.0435661    0.0528565    0.0614595    0.0695774    0.0773487
    0.0848708    0.0922109    0.0994137     0.106506     0.113499     0.120393
     0.127178     0.133834     0.140334     0.146648     0.152738     0.158567
     0.164096     0.169289     0.174113     0.178545     0.182566     0.186168
     0.189351     0.192125     0.194508     0.196520     0.198191
    0.0518219    0.0464150    0.0406846    0.0346476    0.0284260    0.0222497
    0.0165952    0.0117821   0.00496358    0.0153943    0.0217940    0.0275585
    0.0333861    0.0375283    0.0395656    0.0426625    0.0441391    0.0439528
    0.0449734    0.0438278    0.0409380    0.0385498    0.0362852    0.0339368
    0.0313520    0.0283807    0.0248372    0.0204577    0.0148418   0.00742003
  0.000293997 -0.000107698  -0.00147795   0.00420866   0.00878070    0.0211163
    0.0333180    0.0437366    0.0529076    0.0612151    0.0689188    0.0761975
    0.0831747    0.0899340    0.0965292     0.102992     0.109339     0.115574
     0.121690     0.127675     0.133511     0.139174     0.144640     0.149882
     0.154873     0.159589     0.164008     0.168112     0.171888     0.175330
     0.178436     0.181209     0.183661     0.185804     0.187657
