 Global NB Heating and Current Drive Parameters
 ----------------------------------------------
 TOTALS:
 Total Absorbed Power      =    4.5650 MW
 Total Lost Power          =     .0000 MW
 Total NB Driven Current   =   .14973E+06 A
 Total NBCD Efficiency     =   .32800E-01 A/W
 Total Beam Beta           =   .20239E-02
 Taus                      =   .18422E-02 s
 Volp                      =   .17944E+02 m3

 Information per Beamline and Energy Group:
 -----------------------------------------
                       Beam 1          Beam 2          Beam 3
                       ------          ------          ------
 Absorbed Power      .45650E+01
 Lost Power          .00000E+00
 NB driven current   .14973E+06
 NBCD efficiency     .32800E-01
 NBCD gamma          .17919E-01

 Beam Shinethrough
    energy group 1   .00000E+00
    energy group 2   .00000E+00
    energy group 3   .00000E+00

 Beam-Target Parameters
 ----------------------
 Total Beam-Target Fusion Power   =   .37451E-03 MW
 Total Power to Charged Particles =   .24711E-03 MW
 Total DT Neutron Rate            =   .00000E+00 n/s
 Total DD Neutron Rate            =   .32455E+15 n/s

 Neutral Beam Deposition Profiles
 --------------------------------
 Beam  1
     rho      hofr_1       hofr_2       hofr_3
   .00000   .55926E+01   .43240E+01   .32570E+01
   .02000   .11348E+02   .87680E+01   .66035E+01
   .04000   .74921E+01   .57898E+01   .43640E+01
   .06000   .66328E+01   .51311E+01   .38742E+01
   .08000   .61694E+01   .47819E+01   .36201E+01
   .10000   .58147E+01   .45202E+01   .34341E+01
   .12000   .54942E+01   .42884E+01   .32730E+01
   .14000   .51849E+01   .40691E+01   .31235E+01
   .16000   .48772E+01   .38536E+01   .29784E+01
   .18000   .45711E+01   .36401E+01   .28355E+01
   .20000   .42676E+01   .34287E+01   .26944E+01
   .22000   .33403E+01   .27212E+01   .21710E+01
   .24000   .28469E+01   .23507E+01   .19021E+01
   .26000   .25043E+01   .20962E+01   .17201E+01
   .28000   .22405E+01   .19014E+01   .15823E+01
   .30000   .20275E+01   .17444E+01   .14721E+01
   .32000   .18511E+01   .16146E+01   .13815E+01
   .34000   .17027E+01   .15053E+01   .13059E+01
   .36000   .15752E+01   .14117E+01   .12415E+01
   .38000   .14643E+01   .13305E+01   .11862E+01
   .40000   .13668E+01   .12593E+01   .11382E+01
   .42000   .12807E+01   .11967E+01   .10964E+01
   .44000   .12044E+01   .11412E+01   .10596E+01
   .46000   .11367E+01   .10921E+01   .10275E+01
   .48000   .10764E+01   .10484E+01   .99913E+00
   .50000   .10226E+01   .10098E+01   .97496E+00
   .52000   .97420E+00   .97505E+00   .95329E+00
   .54000   .93075E+00   .94427E+00   .93482E+00
   .56000   .89107E+00   .91599E+00   .91787E+00
   .58000   .85520E+00   .89062E+00   .90312E+00
   .60000   .82273E+00   .86782E+00   .89032E+00
   .62000   .79325E+00   .84732E+00   .87930E+00
   .64000   .76632E+00   .82880E+00   .86980E+00
   .66000   .74158E+00   .81194E+00   .86158E+00
   .68000   .71932E+00   .79729E+00   .85542E+00
   .70000   .69983E+00   .78579E+00   .85285E+00
   .72000   .68156E+00   .77471E+00   .85007E+00
   .74000   .66453E+00   .76426E+00   .84750E+00
   .76000   .64891E+00   .75466E+00   .84541E+00
   .78000   .63443E+00   .74585E+00   .84387E+00
   .80000   .62131E+00   .73841E+00   .84386E+00
   .82000   .60862E+00   .73083E+00   .84335E+00
   .84000   .59660E+00   .72351E+00   .84293E+00
   .86000   .58608E+00   .71717E+00   .84327E+00
   .88000   .57696E+00   .71266E+00   .84639E+00
   .90000   .56748E+00   .70625E+00   .84676E+00
   .92000   .56006E+00   .70012E+00   .84697E+00
   .94000   .55314E+00   .68688E+00   .83695E+00
   .96000   .50521E+00   .62169E+00   .76248E+00
   .98000   .27855E+00   .35021E+00   .43256E+00
  1.00000   .00000E+00   .00000E+00   .00000E+00

 Pitch Angle at Birth
 --------------------------------
 Angle  1
     rho      zeta_1       zeta_2       zeta_3
   .00000   .62885E+00   .62867E+00   .62855E+00
   .01194   .62881E+00   .62859E+00   .62844E+00
   .02388   .62869E+00   .62835E+00   .62811E+00
   .03582   .62848E+00   .62794E+00   .62755E+00
   .04776   .62819E+00   .62737E+00   .62676E+00
   .05970   .62781E+00   .62663E+00   .62575E+00
   .07164   .62734E+00   .62572E+00   .62450E+00
   .08358   .62677E+00   .62463E+00   .62301E+00
   .09552   .62611E+00   .62335E+00   .62128E+00
   .10746   .62533E+00   .62187E+00   .61930E+00
   .11940   .62445E+00   .62018E+00   .61705E+00
   .13134   .62243E+00   .61645E+00   .61219E+00
   .14328   .62059E+00   .61308E+00   .60788E+00
   .15522   .61875E+00   .60975E+00   .60369E+00
   .16716   .61687E+00   .60638E+00   .59951E+00
   .17910   .61492E+00   .60293E+00   .59530E+00
   .19104   .61292E+00   .59942E+00   .59108E+00
   .20298   .61089E+00   .59589E+00   .58689E+00
   .21492   .60882E+00   .59232E+00   .58271E+00
   .22686   .60669E+00   .58869E+00   .57854E+00
   .23880   .60453E+00   .58506E+00   .57441E+00
   .25074   .60235E+00   .58143E+00   .57034E+00
   .26268   .60015E+00   .57780E+00   .56633E+00
   .27462   .59792E+00   .57417E+00   .56236E+00
   .28656   .59567E+00   .57055E+00   .55844E+00
   .29850   .59339E+00   .56692E+00   .55457E+00
   .31044   .59111E+00   .56332E+00   .55076E+00
   .32238   .58882E+00   .55973E+00   .54701E+00
   .33432   .58655E+00   .55618E+00   .54333E+00
   .34626   .58428E+00   .55265E+00   .53970E+00
   .35820   .58203E+00   .54916E+00   .53614E+00
   .37014   .57980E+00   .54569E+00   .53263E+00
   .38208   .57760E+00   .54226E+00   .52918E+00
   .39402   .57544E+00   .53887E+00   .52579E+00
   .40596   .57332E+00   .53552E+00   .52247E+00
   .41790   .57119E+00   .53219E+00   .51918E+00
   .42984   .56915E+00   .52892E+00   .51597E+00
   .44178   .56720E+00   .52571E+00   .51283E+00
   .45372   .56534E+00   .52257E+00   .50975E+00
   .46566   .56356E+00   .51947E+00   .50672E+00
   .47760   .56193E+00   .51643E+00   .50375E+00
   .48954   .56050E+00   .51347E+00   .50084E+00
   .50148   .55938E+00   .51061E+00   .49800E+00
   .51342   .55865E+00   .50786E+00   .49522E+00
   .52536   .55839E+00   .50520E+00   .49249E+00
   .53730   .55913E+00   .50278E+00   .48985E+00
   .54924   .56170E+00   .50074E+00   .48734E+00
   .56118   .57037E+00   .49997E+00   .48514E+00
   .57312   .58013E+00   .49957E+00   .48307E+00
   .58506   .57070E+00   .49562E+00   .48034E+00
   .59700   .00000E+00   .00000E+00   .00000E+00

   rho     jnbtot      pNBe        pNBi        nbfast      pressb      pfusb      dvol      dA
  .0000   .3077E+06   .4515E+00   .8640E+00   .6025E+19   .2356E+05   .1980E-03   .1492E-02   .1397E-03
  .0200   .8185E+06   .9179E+00   .1751E+01   .1224E+20   .4783E+05   .3996E-03   .1194E-01   .1118E-02
  .0400   .5916E+06   .6076E+00   .1155E+01   .8090E+19   .3160E+05   .2622E-03   .2389E-01   .2237E-02
  .0600   .5573E+06   .5401E+00   .1020E+01   .7174E+19   .2799E+05   .2305E-03   .3586E-01   .3359E-02
  .0800   .5440E+06   .5054E+00   .9470E+00   .6688E+19   .2606E+05   .2124E-03   .4788E-01   .4485E-02
  .1000   .5333E+06   .4801E+00   .8898E+00   .6323E+19   .2458E+05   .1981E-03   .5995E-01   .5615E-02
  .1200   .5207E+06   .4579E+00   .8378E+00   .5998E+19   .2326E+05   .1851E-03   .7208E-01   .6752E-02
  .1400   .5050E+06   .4368E+00   .7877E+00   .5683E+19   .2197E+05   .1728E-03   .8430E-01   .7896E-02
  .1600   .4861E+06   .4159E+00   .7379E+00   .5371E+19   .2069E+05   .1609E-03   .9660E-01   .9049E-02
  .1800   .4649E+06   .3950E+00   .6886E+00   .5057E+19   .1941E+05   .1492E-03   .1090E+00   .1021E-01
  .2000   .4419E+06   .3741E+00   .6398E+00   .4744E+19   .1813E+05   .1377E-03   .1216E+00   .1139E-01
  .2200   .3510E+06   .2975E+00   .4991E+00   .3735E+19   .1420E+05   .1065E-03   .1342E+00   .1257E-01
  .2400   .3032E+06   .2579E+00   .4235E+00   .3201E+19   .1210E+05   .8965E-04   .1470E+00   .1377E-01
  .2600   .2699E+06   .2309E+00   .3708E+00   .2830E+19   .1063E+05   .7776E-04   .1600E+00   .1499E-01
  .2800   .2440E+06   .2104E+00   .3300E+00   .2543E+19   .9493E+04   .6848E-04   .1731E+00   .1622E-01
  .3000   .2230E+06   .1941E+00   .2968E+00   .2310E+19   .8567E+04   .6087E-04   .1865E+00   .1747E-01
  .3200   .2053E+06   .1807E+00   .2692E+00   .2116E+19   .7791E+04   .5445E-04   .2000E+00   .1874E-01
  .3400   .1902E+06   .1697E+00   .2459E+00   .1951E+19   .7129E+04   .4896E-04   .2138E+00   .2002E-01
  .3600   .1770E+06   .1603E+00   .2257E+00   .1807E+19   .6553E+04   .4421E-04   .2277E+00   .2133E-01
  .3800   .1651E+06   .1522E+00   .2081E+00   .1680E+19   .6044E+04   .4004E-04   .2419E+00   .2266E-01
  .4000   .1544E+06   .1452E+00   .1926E+00   .1567E+19   .5589E+04   .3638E-04   .2564E+00   .2402E-01
  .4200   .1447E+06   .1391E+00   .1788E+00   .1465E+19   .5180E+04   .3314E-04   .2711E+00   .2540E-01
  .4400   .1358E+06   .1338E+00   .1665E+00   .1373E+19   .4810E+04   .3024E-04   .2861E+00   .2680E-01
  .4600   .1276E+06   .1292E+00   .1554E+00   .1290E+19   .4474E+04   .2763E-04   .3014E+00   .2824E-01
  .4800   .1201E+06   .1252E+00   .1455E+00   .1213E+19   .4167E+04   .2527E-04   .3170E+00   .2970E-01
  .5000   .1132E+06   .1218E+00   .1366E+00   .1143E+19   .3887E+04   .2315E-04   .3329E+00   .3119E-01
  .5200   .1067E+06   .1188E+00   .1285E+00   .1078E+19   .3627E+04   .2122E-04   .3492E+00   .3271E-01
  .5400   .1007E+06   .1162E+00   .1211E+00   .1018E+19   .3387E+04   .1947E-04   .3658E+00   .3427E-01
  .5600   .9495E+05   .1140E+00   .1143E+00   .9607E+18   .3162E+04   .1787E-04   .3828E+00   .3586E-01
  .5800   .8952E+05   .1121E+00   .1080E+00   .9074E+18   .2952E+04   .1641E-04   .4001E+00   .3748E-01
  .6000   .8438E+05   .1105E+00   .1022E+00   .8571E+18   .2755E+04   .1506E-04   .4178E+00   .3914E-01
  .6200   .7950E+05   .1092E+00   .9680E-01   .8095E+18   .2570E+04   .1383E-04   .4359E+00   .4084E-01
  .6400   .7483E+05   .1082E+00   .9177E-01   .7643E+18   .2396E+04   .1269E-04   .4544E+00   .4257E-01
  .6600   .7037E+05   .1073E+00   .8703E-01   .7211E+18   .2231E+04   .1163E-04   .4734E+00   .4435E-01
  .6800   .6611E+05   .1068E+00   .8260E-01   .6802E+18   .2075E+04   .1065E-04   .4928E+00   .4616E-01
  .7000   .6211E+05   .1066E+00   .7854E-01   .6418E+18   .1929E+04   .9754E-05   .5126E+00   .4802E-01
  .7200   .5820E+05   .1066E+00   .7459E-01   .6044E+18   .1789E+04   .8904E-05   .5329E+00   .4992E-01
  .7400   .5440E+05   .1067E+00   .7074E-01   .5678E+18   .1654E+04   .8099E-05   .5537E+00   .5187E-01
  .7600   .5071E+05   .1071E+00   .6699E-01   .5322E+18   .1524E+04   .7335E-05   .5750E+00   .5386E-01
  .7800   .4709E+05   .1076E+00   .6332E-01   .4972E+18   .1399E+04   .6610E-05   .5968E+00   .5590E-01
  .8000   .4357E+05   .1084E+00   .5972E-01   .4631E+18   .1278E+04   .5926E-05   .6191E+00   .5799E-01
  .8200   .4005E+05   .1094E+00   .5607E-01   .4290E+18   .1159E+04   .5273E-05   .6419E+00   .6013E-01
  .8400   .3656E+05   .1105E+00   .5238E-01   .3949E+18   .1043E+04   .4636E-05   .6653E+00   .6232E-01
  .8600   .3309E+05   .1120E+00   .4866E-01   .3605E+18   .9283E+03   .4058E-05   .6892E+00   .6456E-01
  .8800   .2966E+05   .1139E+00   .4492E-01   .3265E+18   .8174E+03   .3497E-05   .7137E+00   .6686E-01
  .9000   .2618E+05   .1159E+00   .4090E-01   .2914E+18   .7069E+03   .2953E-05   .7388E+00   .6921E-01
  .9200   .2268E+05   .1184E+00   .3671E-01   .2556E+18   .5978E+03   .2438E-05   .7645E+00   .7162E-01
  .9400   .1928E+05   .1211E+00   .3200E-01   .2189E+18   .4912E+03   .1935E-05   .7908E+00   .7408E-01
  .9600   .1336E+05   .1172E+00   .2235E-01   .1564E+18   .3225E+03   .1111E-05   .8177E+00   .7660E-01
  .9800   .2137E+04   .7390E-01   .3644E-02   .3059E+17   .4538E+02   .7900E-07   .8453E+00   .7918E-01
 1.0000   .0000E+00   .0000E+00   .0000E+00   .0000E+00   .0000E+00   .0000E+00   .0000E+00   .0000E+00
