 &DNUBEAM_PROF
 T0_NUBEAM =    1.462000000000000     ,
 T1_NUBEAM =    1.476999985694885     ,
 NRHO_IN =          201,
 RHO_IN =    0.000000000000000     ,
            5.0000000000000001E-003,
            1.0000000000000000E-002,
            1.4999999999999999E-002,
            2.0000000000000000E-002,
            2.5000000000000001E-002,
            2.9999999999999999E-002,
            3.5000000000000003E-002,
            4.0000000000000001E-002,
            4.4999999999999998E-002,
            5.0000000000000003E-002,
            5.5000000000000000E-002,
            5.9999999999999998E-002,
            6.5000000000000002E-002,
            7.0000000000000007E-002,
            7.4999999999999997E-002,
            8.0000000000000002E-002,
            8.5000000000000006E-002,
            8.9999999999999997E-002,
            9.5000000000000001E-002,
            0.1000000000000000     ,
            0.1050000000000000     ,
            0.1100000000000000     ,
            0.1150000000000000     ,
            0.1200000000000000     ,
            0.1250000000000000     ,
            0.1300000000000000     ,
            0.1350000000000000     ,
            0.1400000000000000     ,
            0.1450000000000000     ,
            0.1500000000000000     ,
            0.1550000000000000     ,
            0.1600000000000000     ,
            0.1650000000000000     ,
            0.1700000000000000     ,
            0.1750000000000000     ,
            0.1800000000000000     ,
            0.1850000000000000     ,
            0.1900000000000000     ,
            0.1950000000000000     ,
            0.2000000000000000     ,
            0.2050000000000000     ,
            0.2100000000000000     ,
            0.2150000000000000     ,
            0.2200000000000000     ,
            0.2250000000000000     ,
            0.2300000000000000     ,
            0.2350000000000000     ,
            0.2400000000000000     ,
            0.2450000000000000     ,
            0.2500000000000000     ,
            0.2550000000000000     ,
            0.2600000000000000     ,
            0.2650000000000000     ,
            0.2700000000000000     ,
            0.2750000000000000     ,
            0.2800000000000000     ,
            0.2850000000000000     ,
            0.2900000000000000     ,
            0.2950000000000000     ,
            0.3000000000000000     ,
            0.3050000000000000     ,
            0.3100000000000000     ,
            0.3150000000000000     ,
            0.3200000000000000     ,
            0.3250000000000000     ,
            0.3300000000000000     ,
            0.3350000000000000     ,
            0.3400000000000000     ,
            0.3450000000000000     ,
            0.3500000000000000     ,
            0.3550000000000000     ,
            0.3600000000000000     ,
            0.3650000000000000     ,
            0.3700000000000000     ,
            0.3750000000000000     ,
            0.3800000000000000     ,
            0.3850000000000000     ,
            0.3900000000000000     ,
            0.3950000000000000     ,
            0.4000000000000000     ,
            0.4050000000000000     ,
            0.4100000000000000     ,
            0.4150000000000000     ,
            0.4200000000000000     ,
            0.4250000000000000     ,
            0.4300000000000000     ,
            0.4350000000000000     ,
            0.4400000000000000     ,
            0.4450000000000000     ,
            0.4500000000000000     ,
            0.4550000000000000     ,
            0.4600000000000000     ,
            0.4650000000000000     ,
            0.4700000000000000     ,
            0.4750000000000000     ,
            0.4800000000000000     ,
            0.4850000000000000     ,
            0.4900000000000000     ,
            0.4950000000000000     ,
            0.5000000000000000     ,
            0.5050000000000000     ,
            0.5100000000000000     ,
            0.5150000000000000     ,
            0.5200000000000000     ,
            0.5250000000000000     ,
            0.5300000000000000     ,
            0.5350000000000000     ,
            0.5400000000000000     ,
            0.5450000000000000     ,
            0.5500000000000000     ,
            0.5550000000000000     ,
            0.5600000000000001     ,
            0.5650000000000001     ,
            0.5700000000000001     ,
            0.5750000000000001     ,
            0.5800000000000000     ,
            0.5850000000000000     ,
            0.5900000000000000     ,
            0.5950000000000000     ,
            0.6000000000000000     ,
            0.6050000000000000     ,
            0.6100000000000000     ,
            0.6150000000000000     ,
            0.6200000000000000     ,
            0.6250000000000000     ,
            0.6300000000000000     ,
            0.6350000000000000     ,
            0.6400000000000000     ,
            0.6450000000000000     ,
            0.6500000000000000     ,
            0.6550000000000000     ,
            0.6600000000000000     ,
            0.6650000000000000     ,
            0.6700000000000000     ,
            0.6750000000000000     ,
            0.6800000000000000     ,
            0.6850000000000001     ,
            0.6900000000000001     ,
            0.6950000000000001     ,
            0.7000000000000001     ,
            0.7050000000000000     ,
            0.7100000000000000     ,
            0.7150000000000000     ,
            0.7200000000000000     ,
            0.7250000000000000     ,
            0.7300000000000000     ,
            0.7350000000000000     ,
            0.7400000000000000     ,
            0.7450000000000000     ,
            0.7500000000000000     ,
            0.7550000000000000     ,
            0.7600000000000000     ,
            0.7650000000000000     ,
            0.7700000000000000     ,
            0.7750000000000000     ,
            0.7800000000000000     ,
            0.7850000000000000     ,
            0.7900000000000000     ,
            0.7950000000000000     ,
            0.8000000000000000     ,
            0.8050000000000000     ,
            0.8100000000000001     ,
            0.8150000000000001     ,
            0.8200000000000001     ,
            0.8250000000000001     ,
            0.8300000000000001     ,
            0.8350000000000000     ,
            0.8400000000000000     ,
            0.8450000000000000     ,
            0.8500000000000000     ,
            0.8550000000000000     ,
            0.8600000000000000     ,
            0.8650000000000000     ,
            0.8700000000000000     ,
            0.8750000000000000     ,
            0.8800000000000000     ,
            0.8850000000000000     ,
            0.8900000000000000     ,
            0.8950000000000000     ,
            0.9000000000000000     ,
            0.9050000000000000     ,
            0.9100000000000000     ,
            0.9150000000000000     ,
            0.9200000000000000     ,
            0.9250000000000000     ,
            0.9300000000000000     ,
            0.9350000000000001     ,
            0.9400000000000001     ,
            0.9450000000000001     ,
            0.9500000000000001     ,
            0.9550000000000001     ,
            0.9600000000000000     ,
            0.9650000000000000     ,
            0.9700000000000000     ,
            0.9750000000000000     ,
            0.9800000000000000     ,
            0.9850000000000000     ,
            0.9900000000000000     ,
            0.9950000000000000     ,
             1.000000000000000     ,
 TE_IN =    1.730700000000000     ,
            1.730615228835716     ,
            1.730360610228577     ,
            1.729935686507149     ,
            1.729340000000000     ,
            1.728573241899985     ,
            1.727635698857115     ,
            1.726527806385687     ,
            1.725250000000000     ,
            1.723802741064343     ,
            1.722186594342964     ,
            1.720402150450103     ,
            1.718450000000000     ,
            1.716330637592644     ,
            1.714044173771029     ,
            1.711590623063899     ,
            1.708970000000000     ,
            1.706182521065082     ,
            1.703229210572921     ,
            1.700111294794300     ,
            1.696830000000000     ,
            1.693386465647029     ,
            1.689781483937287     ,
            1.686015760258902     ,
            1.682090000000000     ,
            1.678004897596804     ,
            1.673761103677930     ,
            1.669359257920091     ,
            1.664800000000000     ,
            1.660084100215755     ,
            1.655212851350992     ,
            1.650187676810734     ,
            1.645010000000000     ,
            1.639681201540176     ,
            1.634202490918101     ,
            1.628575034836975     ,
            1.622800000000000     ,
            1.616878593623540     ,
            1.610812184976605     ,
            1.604602183841368     ,
            1.598250000000000     ,
            1.591757080215664     ,
            1.585125019175479     ,
            1.578355448547555     ,
            1.571450000000000     ,
            1.564410273013804     ,
            1.557237738321478     ,
            1.549933834468413     ,
            1.542500000000000     ,
            1.534937765229119     ,
            1.527249027538608     ,
            1.519435776078792     ,
            1.511500000000000     ,
            1.503443666069720     ,
            1.495268651524091     ,
            1.486976811216417     ,
            1.478570000000000     ,
            1.470050070492002     ,
            1.461418866365027     ,
            1.452678229055538     ,
            1.443830000000000     ,
            1.434876051962272     ,
            1.425818383015800     ,
            1.416659022561429     ,
            1.407400000000000     ,
            1.398043377908911     ,
            1.388591351571772     ,
            1.379046149448747     ,
            1.369410000000000     ,
            1.359685123902085     ,
            1.349873710697113     ,
            1.339977942143584     ,
            1.330000000000000     ,
            1.319942063982749     ,
            1.309806305639777     ,
            1.299594894476916     ,
            1.289310000000000     ,
            1.278953807666918     ,
            1.268528566743781     ,
            1.258036542448753     ,
            1.247480000000000     ,
            1.236861142849578     ,
            1.226181927385101     ,
            1.215444248228073     ,
            1.204650000000000     ,
            1.193801152184770     ,
            1.182899973715816     ,
            1.171948808388954     ,
            1.160950000000000     ,
            1.149905810911340     ,
            1.138818177751635     ,
            1.127688955716112     ,
            1.116520000000000     ,
            1.105313260419868     ,
            1.094071065277644     ,
            1.082795837496599     ,
            1.071490000000000     ,
            1.060155834909189     ,
            1.048795061137788     ,
            1.037409256797494     ,
            1.026000000000000     ,
            1.014568993693378     ,
            1.003118440171202     ,
           0.9916506665634259     ,
           0.9801680000000000     ,
           0.9686726903173009     ,
           0.9571666781774025     ,
           0.9456518269488026     ,
           0.9341300000000002     ,
           0.9226031200374193     ,
           0.9110733471191886     ,
           0.8995429006413641     ,
           0.8880140000000000     ,
           0.8764888920330233     ,
           0.8649699333458435     ,
           0.8534595079857420     ,
           0.8419600000000000     ,
           0.8304738587054886     ,
           0.8190037944974381     ,
           0.8075525830406686     ,
           0.7961230000000000     ,
           0.7847179075200225     ,
           0.7733405136644043     ,
           0.7619941129765840     ,
           0.7506820000000002     ,
           0.7394075893394217     ,
           0.7281747758449448     ,
           0.7169875744279951     ,
           0.7058500000000000     ,
           0.6947662194972908     ,
           0.6837410079558172     ,
           0.6727792924364355     ,
           0.6618860000000000     ,
           0.6510662357964163     ,
           0.6403258173317868     ,
           0.6296707402012637     ,
           0.6191070000000002     ,
           0.6086407904420449     ,
           0.5982790977170366     ,
           0.5880291061335099     ,
           0.5778980000000000     ,
           0.5678931649354042     ,
           0.5580227918000674     ,
           0.5482952727646970     ,
           0.5387189999999999     ,
           0.5293025341913383     ,
           0.5200551100826936     ,
           0.5109861309327021     ,
           0.5021050000000000     ,
           0.4934211826742426     ,
           0.4849443928691582     ,
           0.4766844066294951     ,
           0.4686510000000000     ,
           0.4608538757366921     ,
           0.4533024434406739     ,
           0.4460060394243185     ,
           0.4389740000000001     ,
           0.4322152362539892     ,
           0.4257369583681471     ,
           0.4195459512982312     ,
           0.4136490000000000     ,
           0.4080518198723510     ,
           0.4027558480867385     ,
           0.3977614522577570     ,
           0.3930690000000000     ,
           0.3886763905066070     ,
           0.3845716492848987     ,
           0.3807403334207410     ,
           0.3771680000000000     ,
           0.3738339462262211     ,
           0.3706924297736667     ,
           0.3676914484342790     ,
           0.3647790000000000     ,
           0.3618891214635090     ,
           0.3589000066204346     ,
           0.3556758884671429     ,
           0.3520810000000001     ,
           0.3479484585447431     ,
           0.3429869187445949     ,
           0.3368739195721494     ,
           0.3292870000000000     ,
           0.3199059037325187     ,
           0.3084191934011856     ,
           0.2945176363692603     ,
           0.2778920000000004     ,
           0.2583985984001835     ,
           0.2365559326506629     ,
           0.2130480505758104     ,
           0.1885590000000000     ,
           0.1637907276667490     ,
           0.1395167759961636     ,
           0.1165285863274965     ,
           9.5617600000000455E-002,
           7.7420928432820862E-002,
           6.1958363364682960E-002,
           4.9095366614203099E-002,
           3.8697400000000000E-002,
           3.0555244539467723E-002,
           2.4160958045105783E-002,
           1.8931917528191223E-002,
           1.4285500000000000E-002,
 TI_IN =    1.788850000000000     ,
            1.788728730558536     ,
            1.788364948156096     ,
            1.787758691675608     ,
            1.786910000000000     ,
            1.785819042340247     ,
            1.784486509219519     ,
            1.782913221489031     ,
            1.781100000000000     ,
            1.779047600080474     ,
            1.776756514965828     ,
            1.774227172368268     ,
            1.771460000000000     ,
            1.768455557337856     ,
            1.765214930917168     ,
            1.761739339037897     ,
            1.758030000000000     ,
            1.754088139318104     ,
            1.749915011365500     ,
            1.745511877730146     ,
            1.740880000000000     ,
            1.736020791639729     ,
            1.730936273620833     ,
            1.725628618791521     ,
            1.720100000000000     ,
            1.714352444122979     ,
            1.708387394151167     ,
            1.702206147103771     ,
            1.695810000000000     ,
            1.689200525618354     ,
            1.682380399774499     ,
            1.675352574043395     ,
            1.668120000000000     ,
            1.660685453403607     ,
            1.653051006750839     ,
            1.645218556722651     ,
            1.637190000000000     ,
            1.628967504517218     ,
            1.620554323222146     ,
            1.611953980316001     ,
            1.603170000000000     ,
            1.594205778527521     ,
            1.585064200360578     ,
            1.575748022013346     ,
            1.566260000000000     ,
            1.556602975122700     ,
            1.546780125335543     ,
            1.536794712880616     ,
            1.526650000000000     ,
            1.516349352231682     ,
            1.505896548297249     ,
            1.495295470214192     ,
            1.484550000000000     ,
            1.473663990950574     ,
            1.462641181475461     ,
            1.451485281262617     ,
            1.440200000000000     ,
            1.428789058966022     ,
            1.417256225800909     ,
            1.405605279735341     ,
            1.393840000000000     ,
            1.381964304435338     ,
            1.369982665320904     ,
            1.357899693546018     ,
            1.345720000000000     ,
            1.333448098292625     ,
            1.321088112915475     ,
            1.308644071080588     ,
            1.296120000000000     ,
            1.283520021144163     ,
            1.270848633017195     ,
            1.258110428381629     ,
            1.245310000000000     ,
            1.232451973380723     ,
            1.219541105015744     ,
            1.206582184142894     ,
            1.193580000000000     ,
            1.180539272832946     ,
            1.167464446919828     ,
            1.154359897546796     ,
            1.141230000000000     ,
            1.128079216537494     ,
            1.114912357304946     ,
            1.101734319419924     ,
            1.088550000000000     ,
            1.075364329767076     ,
            1.062182373860389     ,
            1.049009231023508     ,
            1.035850000000000     ,
            1.022709667519200     ,
            1.009592772253497     ,
           0.9965037408610455     ,
           0.9834470000000001     ,
           0.9704270939061244     ,
           0.9574490371256229     ,
           0.9445179617823101     ,
           0.9316390000000001     ,
           0.9188172224813030     ,
           0.9060574542440115     ,
           0.8933644588847144     ,
           0.8807430000000001     ,
           0.8681978755436645     ,
           0.8557340208983313     ,
           0.8433564058038326     ,
           0.8310700000000000     ,
           0.8188797597190404     ,
           0.8067905871626638     ,
           0.7948073710249550     ,
           0.7829350000000003     ,
           0.7711783668301746     ,
           0.7595423804510144     ,
           0.7480319538463476     ,
           0.7366520000000000     ,
           0.7254074292102628     ,
           0.7143031410332790     ,
           0.7033440323396557     ,
           0.6925350000000000     ,
           0.6818809319537753     ,
           0.6713866804158702     ,
           0.6610570886700301     ,
           0.6508969999999999     ,
           0.6409112335996361     ,
           0.6311045123032398     ,
           0.6214815348552236     ,
           0.6120470000000002     ,
           0.6028055555226801     ,
           0.5937616453711705     ,
           0.5849196625340752     ,
           0.5762840000000000     ,
           0.5678589661846435     ,
           0.5596485312120792     ,
           0.5516565806334757     ,
           0.5438870000000000     ,
           0.5363435328637467     ,
           0.5290293547805131     ,
           0.5219474993070228     ,
           0.5151010000000001     ,
           0.5084926679853706     ,
           0.5021244246658696     ,
           0.4959979690134336     ,
           0.4901150000000000     ,
           0.4844769045697710     ,
           0.4790838215560094     ,
           0.4739355777642431     ,
           0.4690320000000000     ,
           0.4643724949855453     ,
           0.4599547891100929     ,
           0.4557761886795941     ,
           0.4518340000000000     ,
           0.4481249748630480     ,
           0.4446436470036190     ,
           0.4413839956423807     ,
           0.4383400000000000     ,
           0.4355050586872631     ,
           0.4328702478754310     ,
           0.4304260631258834     ,
           0.4281630000000001     ,
           0.4260708997628997     ,
           0.4241369864946571     ,
           0.4223478299790860     ,
           0.4206900000000000     ,
           0.4191495922611383     ,
           0.4177108061459407     ,
           0.4163573669577729     ,
           0.4150730000000000     ,
           0.4138411686925474     ,
           0.4126442889215799     ,
           0.4114645146898225     ,
           0.4102840000000000     ,
           0.4090847329686723     ,
           0.4078480381677395     ,
           0.4065550742829370     ,
           0.4051870000000000     ,
           0.4037238838077637     ,
           0.4021414334074623     ,
           0.4004142663034297     ,
           0.3985170000000001     ,
           0.3964170911752730     ,
           0.3940533532024116     ,
           0.3913574386283444     ,
           0.3882610000000000     ,
           0.3846737671161444     ,
           0.3804177787828915     ,
           0.3752931510581931     ,
           0.3691000000000002     ,
           0.3615865278601499     ,
           0.3522932816660226     ,
           0.3407088946388837     ,
           0.3263220000000000     ,
           0.3087514808182563     ,
           0.2881372195530183     ,
           0.2647493485112711     ,
           0.2388580000000006     ,
           0.2109365957418247     ,
           0.1822717151219047     ,
           0.1543532269410314     ,
           0.1286710000000000     ,
           0.1063113362144451     ,
           8.6746269959365310E-002,
           6.9044268724603702E-002,
           5.2273800000000002E-002,
 NE_IN =   4.2148700000000000E+019,
           4.2147426584150655E+019,
           4.2143612557735068E+019,
           4.2137267252451959E+019,
           4.2128400000000000E+019,
           4.2117018598445433E+019,
           4.2103124711324631E+019,
           4.2086718468541514E+019,
           4.2067800000000000E+019,
           4.2046370897067614E+019,
           4.2022438596966392E+019,
           4.1996011998381965E+019,
           4.1967100000000000E+019,
           4.1935711875784106E+019,
           4.1901858400809812E+019,
           4.1865550725430608E+019,
           4.1826800000000000E+019,
           4.1785617537295958E+019,
           4.1742015299794371E+019,
           4.1696005412395598E+019,
           4.1647600000000000E+019,
           4.1596811725032063E+019,
           4.1543655400012718E+019,
           4.1488146374987014E+019,
           4.1430300000000000E+019,
           4.1370132437575786E+019,
           4.1307663100154757E+019,
           4.1242912212656341E+019,
           4.1175900000000000E+019,
           4.1106647587164783E+019,
           4.1035179699368255E+019,
           4.0961521961887605E+019,
           4.0885700000000000E+019,
           4.0807738151265083E+019,
           4.0727655602372223E+019,
           4.0645470252293259E+019,
           4.0561200000000000E+019,
           4.0474865432774894E+019,
           4.0386497891142836E+019,
           4.0296131403939365E+019,
           4.0203800000000000E+019,
           4.0109536055135363E+019,
           4.0013365333056430E+019,
           3.9915311944449286E+019,
           3.9815400000000000E+019,
           3.9713655971683664E+019,
           3.9610115776631431E+019,
           3.9504817693263487E+019,
           3.9397800000000000E+019,
           3.9289099433129984E+019,
           3.9178746560417833E+019,
           3.9066770407496770E+019,
           3.8953200000000000E+019,
           3.8838066608296387E+019,
           3.8721410481697227E+019,
           3.8603274114249458E+019,
           3.8483700000000000E+019,
           3.8362729446184477E+019,
           3.8240399012793254E+019,
           3.8116744073005408E+019,
           3.7991800000000000E+019,
           3.7865603106965717E+019,
           3.7738193467129758E+019,
           3.7609612093728915E+019,
           3.7479900000000000E+019,
           3.7349098750952645E+019,
           3.7217252118687719E+019,
           3.7084404427078935E+019,
           3.6950600000000000E+019,
           3.6815883139223720E+019,
           3.6680298058119377E+019,
           3.6543888947955335E+019,
           3.6406700000000000E+019,
           3.6268774942152475E+019,
           3.6130155648834798E+019,
           3.5990883531099718E+019,
           3.5851000000000000E+019,
           3.5710548342166368E+019,
           3.5569579346541429E+019,
           3.5428145677645783E+019,
           3.5286300000000000E+019,
           3.5144092626682061E+019,
           3.5001564464999490E+019,
           3.4858754070817165E+019,
           3.4715700000000000E+019,
           3.4572443651105378E+019,
           3.4429037793460630E+019,
           3.4285538039085568E+019,
           3.4142000000000000E+019,
           3.3998478081396421E+019,
           3.3855021861158003E+019,
           3.3711679710340583E+019,
           3.3568500000000000E+019,
           3.3425529960808935E+019,
           3.3282812261907362E+019,
           3.3140388432052113E+019,
           3.2998300000000000E+019,
           3.2856591137867850E+019,
           3.2715316591212540E+019,
           3.2574533748950962E+019,
           3.2434300000000000E+019,
           3.2294671112719671E+019,
           3.2155696373242474E+019,
           3.2017423447144042E+019,
           3.1879900000000000E+019,
           3.1743174411253473E+019,
           3.1607297915817566E+019,
           3.1472322462472876E+019,
           3.1338300000000004E+019,
           3.1205282804766441E+019,
           3.1073324463487271E+019,
           3.0942478890464465E+019,
           3.0812800000000000E+019,
           3.0684341244680778E+019,
           3.0557154230233367E+019,
           3.0431290100669272E+019,
           3.0306800000000000E+019,
           3.0183736591510467E+019,
           3.0062158615579275E+019,
           2.9942126331858440E+019,
           2.9823700000000000E+019,
           2.9706938951777362E+019,
           2.9591898807449547E+019,
           2.9478634259396956E+019,
           2.9367200000000004E+019,
           2.9257651351380079E+019,
           2.9150046154622542E+019,
           2.9044442880553734E+019,
           2.8940900000000000E+019,
           2.8839475955202331E+019,
           2.8740229074060292E+019,
           2.8643217655888114E+019,
           2.8548500000000000E+019,
           2.8456133890310611E+019,
           2.8366175049136292E+019,
           2.8278678683393827E+019,
           2.8193700000000000E+019,
           2.8111293171055235E+019,
           2.8031508229394547E+019,
           2.7954394173036581E+019,
           2.7880000000000000E+019,
           2.7808373112968446E+019,
           2.7739554533285528E+019,
           2.7673583686959845E+019,
           2.7610500000000000E+019,
           2.7550339377070985E+019,
           2.7493123637463351E+019,
           2.7438871079124038E+019,
           2.7387600000000000E+019,
           2.7339324066247623E+019,
           2.7294038416861073E+019,
           2.7251733559043998E+019,
           2.7212400000000000E+019,
           2.7176023732938539E+019,
           2.7142572695092351E+019,
           2.7112010309699985E+019,
           2.7084300000000000E+019,
           2.7059395064498217E+019,
           2.7037208302769529E+019,
           2.7017642389656072E+019,
           2.7000600000000000E+019,
           2.6985975696568582E+019,
           2.6973631593829548E+019,
           2.6963421694175740E+019,
           2.6955200000000000E+019,
           2.6948803711727444E+019,
           2.6944002821912281E+019,
           2.6940550521140974E+019,
           2.6938200000000000E+019,
           2.6936673519021629E+019,
           2.6935569618521334E+019,
           2.6934455908760367E+019,
           2.6932900000000000E+019,
           2.6930364712186032E+019,
           2.6925893704002396E+019,
           2.6918425843817562E+019,
           2.6906900000000000E+019,
           2.6889894194734248E+019,
           2.6864543065469092E+019,
           2.6827620403469390E+019,
           2.6775900000000000E+019,
           2.6704896008876986E+019,
           2.6605084034121241E+019,
           2.6465680042304885E+019,
           2.6275900000000004E+019,
           2.6021667082257822E+019,
           2.5675733298045944E+019,
           2.5207557864811086E+019,
           2.4586600000000000E+019,
           2.3781268474591752E+019,
           2.2755770273694990E+019,
           2.1473261935950733E+019,
           1.9896900000000041E+019,
           1.8017709019375172E+019,
           1.5938185607174140E+019,
           1.3788694391385969E+019,
           1.1699600000000000E+019,
           9.7715912291575972E+018,
           7.9866535476086344E+018,
           6.2970965922554348E+018,
           4.6552300000000000E+018,
 ZEFF_IN =    1.750000000000000     ,
              1.750000000000000     ,
              1.750000000000000     ,
              1.750000000000000     ,
              1.750000000000000     ,
              1.750000000000000     ,
              1.750000000000000     ,
              1.750000000000000     ,
              1.750000000000000     ,
              1.750000000000000     ,
              1.750000000000000     ,
              1.750000000000000     ,
              1.750000000000000     ,
              1.750000000000000     ,
              1.750000000000000     ,
              1.750000000000000     ,
              1.750000000000000     ,
              1.750000000000000     ,
              1.750000000000000     ,
              1.750000000000000     ,
              1.750000000000000     ,
              1.750000000000000     ,
              1.750000000000000     ,
              1.750000000000000     ,
              1.750000000000000     ,
              1.750000000000000     ,
              1.750000000000000     ,
              1.750000000000000     ,
              1.750000000000000     ,
              1.750000000000000     ,
              1.750000000000000     ,
              1.750000000000000     ,
              1.750000000000000     ,
              1.750000000000000     ,
              1.750000000000000     ,
              1.750000000000000     ,
              1.750000000000000     ,
              1.750000000000000     ,
              1.750000000000000     ,
              1.750000000000000     ,
              1.750000000000000     ,
              1.750000000000000     ,
              1.750000000000000     ,
              1.750000000000000     ,
              1.750000000000000     ,
              1.750000000000000     ,
              1.750000000000000     ,
              1.750000000000000     ,
              1.750000000000000     ,
              1.750000000000000     ,
              1.750000000000000     ,
              1.750000000000000     ,
              1.750000000000000     ,
              1.750000000000000     ,
              1.750000000000000     ,
              1.750000000000000     ,
              1.750000000000000     ,
              1.750000000000000     ,
              1.750000000000000     ,
              1.750000000000000     ,
              1.750000000000000     ,
              1.750000000000000     ,
              1.750000000000000     ,
              1.750000000000000     ,
              1.750000000000000     ,
              1.750000000000000     ,
              1.750000000000000     ,
              1.750000000000000     ,
              1.750000000000000     ,
              1.750000000000000     ,
              1.750000000000000     ,
              1.750000000000000     ,
              1.750000000000000     ,
              1.750000000000000     ,
              1.750000000000000     ,
              1.750000000000000     ,
              1.750000000000000     ,
              1.750000000000000     ,
              1.750000000000000     ,
              1.750000000000000     ,
              1.750000000000000     ,
              1.750000000000000     ,
              1.750000000000000     ,
              1.750000000000000     ,
              1.750000000000000     ,
              1.750000000000000     ,
              1.750000000000000     ,
              1.750000000000000     ,
              1.750000000000000     ,
              1.750000000000000     ,
              1.750000000000000     ,
              1.750000000000000     ,
              1.750000000000000     ,
              1.750000000000000     ,
              1.750000000000000     ,
              1.750000000000000     ,
              1.750000000000000     ,
              1.750000000000000     ,
              1.750000000000000     ,
              1.750000000000000     ,
              1.750000000000000     ,
              1.750000000000000     ,
              1.750000000000000     ,
              1.750000000000000     ,
              1.750000000000000     ,
              1.750000000000000     ,
              1.750000000000000     ,
              1.750000000000000     ,
              1.750000000000000     ,
              1.750000000000000     ,
              1.750000000000000     ,
              1.750000000000000     ,
              1.750000000000000     ,
              1.750000000000000     ,
              1.750000000000000     ,
              1.750000000000000     ,
              1.750000000000000     ,
              1.750000000000000     ,
              1.750000000000000     ,
              1.750000000000000     ,
              1.750000000000000     ,
              1.750000000000000     ,
              1.750000000000000     ,
              1.750000000000000     ,
              1.750000000000000     ,
              1.750000000000000     ,
              1.750000000000000     ,
              1.750000000000000     ,
              1.750000000000000     ,
              1.750000000000000     ,
              1.750000000000000     ,
              1.750000000000000     ,
              1.750000000000000     ,
              1.750000000000000     ,
              1.750000000000000     ,
              1.750000000000000     ,
              1.750000000000000     ,
              1.750000000000000     ,
              1.750000000000000     ,
              1.750000000000000     ,
              1.750000000000000     ,
              1.750000000000000     ,
              1.750000000000000     ,
              1.750000000000000     ,
              1.750000000000000     ,
              1.750000000000000     ,
              1.750000000000000     ,
              1.750000000000000     ,
              1.750000000000000     ,
              1.750000000000000     ,
              1.750000000000000     ,
              1.750000000000000     ,
              1.750000000000000     ,
              1.750000000000000     ,
              1.750000000000000     ,
              1.750000000000000     ,
              1.750000000000000     ,
              1.750000000000000     ,
              1.750000000000000     ,
              1.750000000000000     ,
              1.750000000000000     ,
              1.750000000000000     ,
              1.750000000000000     ,
              1.750000000000000     ,
              1.750000000000000     ,
              1.750000000000000     ,
              1.750000000000000     ,
              1.750000000000000     ,
              1.750000000000000     ,
              1.750000000000000     ,
              1.750000000000000     ,
              1.750000000000000     ,
              1.750000000000000     ,
              1.750000000000000     ,
              1.750000000000000     ,
              1.750000000000000     ,
              1.750000000000000     ,
              1.750000000000000     ,
              1.750000000000000     ,
              1.750000000000000     ,
              1.750000000000000     ,
              1.750000000000000     ,
              1.750000000000000     ,
              1.750000000000000     ,
              1.750000000000000     ,
              1.750000000000000     ,
              1.750000000000000     ,
              1.750000000000000     ,
              1.750000000000000     ,
              1.750000000000000     ,
              1.750000000000000     ,
              1.750000000000000     ,
              1.750000000000000     ,
              1.750000000000000     ,
              1.750000000000000     ,
              1.750000000000000     ,
              1.750000000000000     ,
              1.750000000000000     ,
              1.750000000000000     ,
              1.750000000000000     ,
              1.750000000000000     ,
 OMEGA_IN =    34396.40000000000     ,
               34396.06970728406     ,
               34395.07755275747     ,
               34393.42162185215     ,
               34391.10000000000     ,
               34388.11048651164     ,
               34384.44973621265     ,
               34380.11411780733     ,
               34375.10000000000     ,
               34369.40240916939     ,
               34363.01100239193     ,
               34355.91409441851     ,
               34348.10000000000     ,
               34339.55800181082     ,
               34330.28125421963     ,
               34320.26387951861     ,
               34309.50000000000     ,
               34297.98120858733     ,
               34285.68898072957     ,
               34272.60226250702     ,
               34258.70000000000     ,
               34243.96247633986     ,
               34228.37532286211     ,
               34211.92550795331     ,
               34194.60000000000     ,
               34176.38451105322     ,
               34157.25972782198     ,
               34137.20508067974     ,
               34116.20000000000     ,
               34094.22291694724     ,
               34071.24826584998     ,
               34047.24948182773     ,
               34022.20000000000     ,
               33996.07382115781     ,
               33968.84720877810     ,
               33940.49699200935     ,
               33911.00000000000     ,
               33880.33179842154     ,
               33848.46289903760     ,
               33815.36255013487     ,
               33781.00000000000     ,
               33745.34429765605     ,
               33708.36369507149     ,
               33670.02624495120     ,
               33630.30000000000     ,
               33589.15351095427     ,
               33546.55732067642     ,
               33502.48247006036     ,
               33456.90000000000     ,
               33409.77915852686     ,
               33361.08202222283     ,
               33310.76887480739     ,
               33258.80000000000     ,
               33205.13610493829     ,
               33149.73959043228     ,
               33092.57328071013     ,
               33033.60000000000     ,
               32972.78267172000     ,
               32910.08461604807     ,
               32845.46925235211     ,
               32778.90000000000     ,
               32710.33945818171     ,
               32639.74694537543     ,
               32567.08095988144     ,
               32492.30000000000     ,
               32415.36262055317     ,
               32336.22760245020     ,
               32254.85378312213     ,
               32171.20000000000     ,
               32085.22412210562     ,
               31996.88014482379     ,
               31906.12109513006     ,
               31812.90000000000     ,
               31717.17057852435     ,
               31618.88931825465     ,
               31518.01339885763     ,
               31414.50000000000     ,
               31308.30606379697     ,
               31199.38758215761     ,
               31087.70030943944     ,
               30973.20000000000     ,
               30855.84110378776     ,
               30735.57285311493     ,
               30612.34317588463     ,
               30486.10000000000     ,
               30356.79202105197     ,
               30224.37100538268     ,
               30088.78948702204     ,
               29950.00000000000     ,
               29807.95487450435     ,
               29662.60562535437     ,
               29513.90356352720     ,
               29361.80000000000     ,
               29206.24629343063     ,
               29047.19399319986     ,
               28884.59469636915     ,
               28718.40000000000     ,
               28548.55995177312     ,
               28375.01840184621     ,
               28197.71765099619     ,
               28016.60000000000     ,
               27831.61077447688     ,
               27642.70739941531     ,
               27449.85032464609     ,
               27253.00000000000     ,
               27052.11570031937     ,
               26847.15200049256     ,
               26638.06230041947     ,
               26424.80000000000     ,
               26207.32017424567     ,
               25985.58459861447     ,
               25759.55672367604     ,
               25529.20000000000     ,
               25294.48016519798     ,
               25055.37210504957     ,
               24811.85299237638     ,
               24563.90000000000     ,
               24311.49510246244     ,
               24054.63948118727     ,
               23793.33911931846     ,
               23527.60000000000     ,
               23257.43004995228     ,
               22982.84497020137     ,
               22703.86240534978     ,
               22420.50000000001     ,
               22132.78626022846     ,
               21840.79313800727     ,
               21544.60344678243     ,
               21244.30000000000     ,
               20939.97334663389     ,
               20631.74497776959     ,
               20319.74412002051     ,
               20004.10000000000     ,
               19684.95472823599     ,
               19362.50195091437     ,
               19036.94819813556     ,
               18708.50000000001     ,
               18377.38117792218     ,
               18043.88471857295     ,
               17708.32089993724     ,
               17371.00000000000     ,
               17032.25181007531     ,
               16692.48417479385     ,
               16352.12445211547     ,
               16011.60000000000     ,
               15671.36001927659     ,
               15331.94108225165     ,
               14993.90160410088     ,
               14657.80000000000     ,
               14324.21748781833     ,
               13993.82649619955     ,
               13667.32225648102     ,
               13345.40000000000     ,
               13028.77471695012     ,
               12718.24043295014     ,
               12414.61093247508     ,
               12118.70000000001     ,
               11831.33208188119     ,
               11553.37427199992     ,
               11285.70432611869     ,
               11029.20000000000     ,
               10784.72820552513     ,
               10553.11247905022     ,
               10335.16551305021     ,
               10131.70000000000     ,
               9943.485721018329     ,
               9771.120811799212     ,
               9615.160496680488     ,
               9476.160000000000     ,
               9354.574066651569     ,
               9250.455523752935     ,
               9163.756718977836     ,
               9094.430000000000     ,
               9042.227387375407     ,
               9006.099593189048     ,
               8984.797002408164     ,
               8977.070000000000     ,
               8981.299977596806     ,
               8994.392353490874     ,
               9012.883552639505     ,
               9033.309999999999     ,
               9051.306920987367     ,
               9058.904742847455     ,
               9047.232693283815     ,
               9007.420000000002     ,
               8929.343275953725     ,
               8797.868675119311     ,
               8596.609736725237     ,
               8309.180000000000     ,
               7921.974506447740     ,
               7432.514306675307     ,
               6841.101953565220     ,
               6148.040000000016     ,
               5363.319167005317     ,
               4535.682848179480     ,
               3723.562605263875     ,
               2985.390000000000     ,
               2364.342200531003     ,
               1842.578800606846     ,
               1387.005000379288     ,
               964.5260000000000     ,
 VLOOP_IN =   0.4759593856319069     ,
              0.4760337374252594     ,
              0.4764915518155495     ,
              0.4784162957247206     ,
              0.4831133772027627     ,
              0.4912969752686973     ,
              0.5026824361675533     ,
              0.5161637520463920     ,
              0.5301411302420480     ,
              0.5429079950015363     ,
              0.5534198604223426     ,
              0.5618438753292089     ,
              0.5691599623122773     ,
              0.5763993248642102     ,
              0.5840217619839601     ,
              0.5918047566991561     ,
              0.5993547414935269     ,
              0.6065432995754058     ,
              0.6134807818699982     ,
              0.6202816680937675     ,
              0.6269516551503086     ,
              0.6334246615537084     ,
              0.6397018709189721     ,
              0.6459889624687024     ,
              0.6523327737741880     ,
              0.6583031199081361     ,
              0.6638326868622185     ,
              0.6693942061652258     ,
              0.6749303560470361     ,
              0.6801429715967160     ,
              0.6852607328893221     ,
              0.6904023329595577     ,
              0.6953708831334564     ,
              0.7002013775487128     ,
              0.7049979604765473     ,
              0.7097861370491018     ,
              0.7145273811970146     ,
              0.7190085101515350     ,
              0.7232422677778636     ,
              0.7273998302504215     ,
              0.7315004536156303     ,
              0.7354640915761158     ,
              0.7393834711958364     ,
              0.7432712930664839     ,
              0.7469072484258281     ,
              0.7504118272275826     ,
              0.7539500280044982     ,
              0.7574056684419231     ,
              0.7606464828592264     ,
              0.7636963914826720     ,
              0.7666787352515327     ,
              0.7696577821686781     ,
              0.7725893541318307     ,
              0.7754155167444192     ,
              0.7781082007136736     ,
              0.7806843957505096     ,
              0.7831551522753299     ,
              0.7855155945853682     ,
              0.7877657804688193     ,
              0.7898847755326546     ,
              0.7918696070315926     ,
              0.7938160368050182     ,
              0.7957880251396974     ,
              0.7976799640078870     ,
              0.7994033192157686     ,
              0.8009656336519132     ,
              0.8024678850713793     ,
              0.8040006571752687     ,
              0.8054664199269511     ,
              0.8067490728615357     ,
              0.8079257204103456     ,
              0.8091342036385244     ,
              0.8103188317153820     ,
              0.8113407469900880     ,
              0.8122662972987533     ,
              0.8132332486191977     ,
              0.8141620392989327     ,
              0.8149459118307234     ,
              0.8156926826605579     ,
              0.8164885733134816     ,
              0.8172049154021068     ,
              0.8178254445992035     ,
              0.8184901155310749     ,
              0.8191553431297377     ,
              0.8197269914343100     ,
              0.8202971818193262     ,
              0.8209321451488913     ,
              0.8215217979419309     ,
              0.8220777526418922     ,
              0.8227128421047730     ,
              0.8233586415268150     ,
              0.8239697512493414     ,
              0.8246515285284666     ,
              0.8254099871858241     ,
              0.8261501887372500     ,
              0.8269302868078396     ,
              0.8278461972634015     ,
              0.8288097538596101     ,
              0.8297874841498086     ,
              0.8308855254752182     ,
              0.8321137377085499     ,
              0.8333887826833040     ,
              0.8347493258963704     ,
              0.8362896612313285     ,
              0.8379650427321718     ,
              0.8397117641470523     ,
              0.8415965250494091     ,
              0.8436974158539101     ,
              0.8459625273464063     ,
              0.8483384277630849     ,
              0.8508847532867678     ,
              0.8536752398614262     ,
              0.8566890950640483     ,
              0.8598779389581137     ,
              0.8632448216431476     ,
              0.8668549826311702     ,
              0.8707640380248248     ,
              0.8749298225289955     ,
              0.8793203124296681     ,
              0.8839502564076267     ,
              0.8888560751876809     ,
              0.8940924956292967     ,
              0.8996606608053164     ,
              0.9055301252827054     ,
              0.9116986654462308     ,
              0.9181784939043962     ,
              0.9249800433130029     ,
              0.9321185888246649     ,
              0.9396253874798360     ,
              0.9475234515759871     ,
              0.9557999179057758     ,
              0.9644409044175278     ,
              0.9734513118233569     ,
              0.9828379778993750     ,
              0.9926047342991159     ,
               1.002753051098371     ,
               1.013284536645565     ,
               1.024201027566014     ,
               1.035501732133360     ,
               1.047182945450264     ,
               1.059238990522730     ,
               1.071660859273907     ,
               1.084436955004881     ,
               1.097555465985440     ,
               1.111003442127364     ,
               1.124763287317697     ,
               1.138813512710276     ,
               1.153131496862434     ,
               1.167691587594536     ,
               1.182461077737352     ,
               1.197402555942027     ,
               1.212494625756368     ,
               1.227720863273647     ,
               1.243025702100640     ,
               1.258339738182392     ,
               1.273612147503152     ,
               1.288791828609655     ,
               1.303812437899242     ,
               1.318633212298221     ,
               1.333227013792848     ,
               1.347511367890560     ,
               1.361382465390658     ,
               1.374780787663446     ,
               1.387691412867402     ,
               1.400075221896242     ,
               1.411820017400383     ,
               1.422860916348622     ,
               1.433234379649080     ,
               1.442917939350261     ,
               1.451793884426318     ,
               1.459866311026792     ,
               1.467255480319466     ,
               1.474018213079044     ,
               1.480074734943405     ,
               1.485472438102387     ,
               1.490585999422821     ,
               1.495769310604491     ,
               1.500884881116230     ,
               1.506130020730121     ,
               1.512686033403284     ,
               1.521999462417558     ,
               1.535334722345840     ,
               1.554696744707299     ,
               1.583872084570054     ,
               1.628964241422247     ,
               1.699797764126751     ,
               1.809306388258066     ,
               1.974390495785335     ,
               2.221290283736157     ,
               2.592610944706618     ,
               3.155403846170116     ,
               4.008028886621292     ,
               5.290159764346880     ,
               7.206259870521848     ,
               10.05296534931458     ,
               14.23562482584664     ,
               20.26361021081364     ,
               28.76310822464408     ,
               40.54422978777499     ,
               57.69845582295292     ,
               78.35392339548943     ,
 N0W_IN =    720637497139.8579     ,
             718572376692.8157     ,
             717395843807.4851     ,
             717472847018.3278     ,
             718531356328.6844     ,
             720262129167.5309     ,
             722376374634.0669     ,
             724784191306.4359     ,
             727507671390.4141     ,
             730570823759.0620     ,
             733998458546.1198     ,
             737816296291.6923     ,
             742046359542.7606     ,
             746693034975.3395     ,
             751756737030.2139     ,
             757238392950.5800     ,
             763139424423.2878     ,
             769461730237.7684     ,
             776207669848.5367     ,
             783380095030.7554     ,
             790984203293.5743     ,
             799028233158.6870     ,
             807521199416.6208     ,
             816472737702.0989     ,
             825893118911.8625     ,
             835793264864.4368     ,
             846184765223.5737     ,
             857079895710.1069     ,
             868491637593.2607     ,
             880433327896.6672     ,
             892917731514.4398     ,
             905958001592.7659     ,
             919567961530.6827     ,
             933762118352.9742     ,
             948555676881.6095     ,
             963964554692.8256     ,
             980005397847.1996     ,
             996695597380.2107     ,
             1014053306540.722     ,
             1032097458875.822     ,
             1050847825032.185     ,
             1070325092107.962     ,
             1090550810502.793     ,
             1111547402197.634     ,
             1133338183334.913     ,
             1155947387513.077     ,
             1179400189781.302     ,
             1203722731318.709     ,
             1228942144780.936     ,
             1255086580295.102     ,
             1282185232082.286     ,
             1310268365684.513     ,
             1339367450177.139     ,
             1369515542937.393     ,
             1400747031142.605     ,
             1433097554973.899     ,
             1466604043318.787     ,
             1501304750267.354     ,
             1537239292380.534     ,
             1574448686706.767     ,
             1612975389520.052     ,
             1652863335749.048     ,
             1694157979063.113     ,
             1736906332577.287     ,
             1781157010133.953     ,
             1826960382645.300     ,
             1874369533414.818     ,
             1923439926180.414     ,
             1974228985776.708     ,
             2026796153578.146     ,
             2081202948247.496     ,
             2137513027772.527     ,
             2195792252770.244     ,
             2256108751033.655     ,
             2318532983291.482     ,
             2383137810146.288     ,
             2449998560151.258     ,
             2519193098980.247     ,
             2590801899639.779     ,
             2664908305750.503     ,
             2741600093834.119     ,
             2820968934412.757     ,
             2903109736438.018     ,
             2988120744756.493     ,
             3076103645974.793     ,
             3167163676918.518     ,
             3261409735693.148     ,
             3358954495350.144     ,
             3459914520156.892     ,
             3564410384463.863     ,
             3672566794156.659     ,
             3784512710674.668     ,
             3900381477571.590     ,
             4020310979872.596     ,
             4144446061452.331     ,
             4272940615897.885     ,
             4405954652178.810     ,
             4543654162747.653     ,
             4686211344651.067     ,
             4833804828464.087     ,
             4986619915298.369     ,
             5144848822141.390     ,
             5308690935790.445     ,
             5478353075651.347     ,
             5654049765678.515     ,
             5836003515739.830     ,
             6024445112695.840     ,
             6219613921489.960     ,
             6421758922061.332     ,
             6631146283956.007     ,
             6848057729812.963     ,
             7072786815009.767     ,
             7305639391640.019     ,
             7546934156908.737     ,
             7797003227395.866     ,
             8056192740472.023     ,
             8324863484216.707     ,
             8603391557260.656     ,
             8892169060046.873     ,
             9191604819084.742     ,
             9502125145852.383     ,
             9824174632091.189     ,
             10158217118482.37     ,
             10504755297846.05     ,
             10864354348617.44     ,
             11237614313618.98     ,
             11625167744595.17     ,
             12027681664460.11     ,
             12445859660165.76     ,
             12880444115705.04     ,
             13332218595510.38     ,
             13802010389320.70     ,
             14290693230465.04     ,
             14799190200466.93     ,
             15328476833906.39     ,
             15879584438600.37     ,
             16453604189494.49     ,
             17051759863747.79     ,
             17675493177914.39     ,
             18326366277025.66     ,
             19006055531284.24     ,
             19716360698282.64     ,
             20459214923730.66     ,
             21236695665614.97     ,
             22051036635974.40     ,
             22904640864840.14     ,
             23800095002479.20     ,
             24740184989070.92     ,
             25727913235502.36     ,
             26766517476451.44     ,
             27859690333458.31     ,
             29012219695067.85     ,
             30229559052514.29     ,
             31517718609280.22     ,
             32883328156368.91     ,
             34333708453041.64     ,
             35876952364299.06     ,
             37522017206162.17     ,
             39278829984740.89     ,
             41158407491775.09     ,
             43172993545747.33     ,
             45336216053359.01     ,
             47663695453145.55     ,
             50175913992579.52     ,
             52897411736458.24     ,
             55856220218710.52     ,
             59084436570281.84     ,
             62618913920256.87     ,
             66502088787006.79     ,
             70782975092452.52     ,
             75518361521019.33     ,
             80774257887274.28     ,
             86627647494420.39     ,
             93174613900408.38     ,
             100558798514872.4     ,
             108964554064438.4     ,
             118619046791070.6     ,
             129804263471412.7     ,
             142873002692862.4     ,
             158270303167947.9     ,
             176562358272309.4     ,
             198475830887351.7     ,
             224949674900274.3     ,
             257175765285457.1     ,
             296685094585946.8     ,
             345489929530593.8     ,
             406258053090998.9     ,
             482556787478022.5     ,
             579198785792257.5     ,
             702736512869019.0     ,
             861370573344999.6     ,
             1061971526590945.     ,
             1309882372239231.     ,
             1607753575307453.     ,
             1953194759216692.     ,
             2336103395205500.     ,
             2742231650887279.     ,
             3161936596570826.     ,
             3585832627595648.     ,
             4005738268569705.     ,
             4433616416860227.     ,
 N0V_IN =    298435538529.8593     ,
             297209257403.2030     ,
             296339256629.2675     ,
             295953938508.1696     ,
             295909052620.1438     ,
             296044781026.9742     ,
             296212218358.4129     ,
             296364173900.6702     ,
             296510298080.6649     ,
             296660881474.5830     ,
             296826235819.7787     ,
             297016697356.1243     ,
             297240527591.3179     ,
             297497746444.8846     ,
             297786352275.1710     ,
             298104345733.7888     ,
             298449727679.2716     ,
             298820497229.0078     ,
             299214649948.5771     ,
             299630203196.1706     ,
             300066252031.7584     ,
             300523319879.7902     ,
             301002034825.3690     ,
             301503032949.6533     ,
             302026958756.1434     ,
             302574465612.0336     ,
             303146216205.0959     ,
             303742883016.5505     ,
             304365148802.2601     ,
             305013625479.7214     ,
             305688652719.7388     ,
             306390517430.7214     ,
             307119514624.5173     ,
             307875947594.8110     ,
             308660128100.5258     ,
             309472376554.3835     ,
             310313022216.7745     ,
             311182403395.1078     ,
             312080867648.7974     ,
             313008772130.9805     ,
             313966528000.2463     ,
             314954665786.7068     ,
             315973744585.6633     ,
             317024336243.7947     ,
             318107025776.1179     ,
             319222411795.5276     ,
             320371106955.3658     ,
             321553738405.5015     ,
             322770948262.4113     ,
             324023394093.7813     ,
             325311749418.1636     ,
             326636704220.2383     ,
             327998966029.5273     ,
             329399262254.6659     ,
             330838339083.2270     ,
             332316961463.1220     ,
             333835913709.4357     ,
             335396000130.8956     ,
             336998045676.7106     ,
             338642896604.5527     ,
             340331421170.4868     ,
             342064510341.6840     ,
             343843078532.7914     ,
             345668064366.8657     ,
             347540431461.8112     ,
             349461166428.1720     ,
             351431257990.4387     ,
             353451709159.6655     ,
             355523550294.4769     ,
             357647840070.3494     ,
             359825666378.0900     ,
             362058147252.9518     ,
             364346431835.5634     ,
             366691701365.9082     ,
             369095170211.6296     ,
             371558086931.9964     ,
             374081735378.9160     ,
             376667435836.4512     ,
             379316546200.3361     ,
             382030448590.6959     ,
             384810441181.6769     ,
             387657797176.1400     ,
             390573825841.4344     ,
             393559873992.8881     ,
             396617327060.0704     ,
             399747610188.8938     ,
             402952189380.8099     ,
             406232572670.4117     ,
             409590311342.8013     ,
             413027001192.1398     ,
             416544283822.8430     ,
             420143847994.9449     ,
             423827431015.2293     ,
             427596817922.4443     ,
             431453676754.0925     ,
             435399438468.0147     ,
             439435544267.3137     ,
             443563472469.1765     ,
             447784739133.6952     ,
             452100898709.5880     ,
             456513544696.9885     ,
             461024310327.4653     ,
             465634869261.4660     ,
             470346936303.3538     ,
             475162268134.2376     ,
             480082664062.7737     ,
             485109966794.1424     ,
             490246063217.3977     ,
             495492830821.2398     ,
             500851612016.5214     ,
             506323417959.6252     ,
             511909257862.0651     ,
             517610142129.3710     ,
             523427080879.0721     ,
             529361082413.8882     ,
             535413151648.7240     ,
             541584288490.1362     ,
             547875486166.9431     ,
             554287729510.7452     ,
             560821993185.1427     ,
             567479239862.5046     ,
             574260418347.2102     ,
             581166458472.7997     ,
             588197839305.8440     ,
             595354122683.5571     ,
             602634677907.8723     ,
             610038777177.0380     ,
             617565590360.8035     ,
             625214179722.9911     ,
             632983494597.2797     ,
             640872366022.6539     ,
             648879501345.6138     ,
             657003478796.9253     ,
             665242742051.3494     ,
             673595594779.5076     ,
             682060195201.7163     ,
             690634546411.4811     ,
             699315964313.0415     ,
             708100526686.2502     ,
             716983941021.6318     ,
             725961653885.6782     ,
             735028843591.2465     ,
             744180413165.8722     ,
             753410983653.9961     ,
             762714887790.6012     ,
             772086164085.1190     ,
             781518551355.8220     ,
             791005483756.1757     ,
             800540086335.6925     ,
             810115171190.9315     ,
             819725257504.0917     ,
             829372387004.5726     ,
             839060591176.6139     ,
             848794125703.7469     ,
             858577473343.3730     ,
             868415347026.1775     ,
             878312693203.7324     ,
             888274695468.2448     ,
             898306778468.9989     ,
             908414612150.7108     ,
             918604116339.7666     ,
             928881465705.0443     ,
             939258469973.6614     ,
             949783608127.2449     ,
             960522434165.6334     ,
             971543463221.6960     ,
             982918297132.4821     ,
             994721843688.9008     ,
             1007032590818.935     ,
             1019932940219.076     ,
             1033509605550.692     ,
             1047854081056.381     ,
             1063063187342.920     ,
             1079312748097.596     ,
             1097133752775.117     ,
             1117195917148.115     ,
             1140223674898.162     ,
             1167011606258.172     ,
             1198445141990.140     ,
             1235527631690.522     ,
             1279415303618.618     ,
             1331462230916.110     ,
             1393308987871.029     ,
             1467408280426.870     ,
             1557148015737.327     ,
             1666776475773.619     ,
             1801716651980.587     ,
             1969021312145.327     ,
             2178022016747.692     ,
             2441266370095.013     ,
             2773372667382.521     ,
             3182253189511.483     ,
             3671799127606.816     ,
             4241554292692.669     ,
             4883793881827.479     ,
             5580406612765.606     ,
             6307728779123.731     ,
             7046200422254.719     ,
             7772972080446.358     ,
             8464080094896.887     ,
             9138857654212.156     ,
 T0_IN =    1.625196103698725     ,
            1.627702540700369     ,
            1.629237285273914     ,
            1.629411338886057     ,
            1.628572610228090     ,
            1.627116703543683     ,
            1.625411871343157     ,
            1.623566792558242     ,
            1.621545719600347     ,
            1.619311537366254     ,
            1.616827390100235     ,
            1.614056744500292     ,
            1.610971263476229     ,
            1.607573569174053     ,
            1.603873912077190     ,
            1.599882607648893     ,
            1.595610020479539     ,
            1.591066549044537     ,
            1.586262611083608     ,
            1.581208542486307     ,
            1.575911194793726     ,
            1.570372897904932     ,
            1.564595782788707     ,
            1.558582098098541     ,
            1.552334211890342     ,
            1.545854613081491     ,
            1.539145912640552     ,
            1.532210844497990     ,
            1.525052266203702     ,
            1.517673500473913     ,
            1.510079161374726     ,
            1.502274208080002     ,
            1.494263684648982     ,
            1.486052716746338     ,
            1.477646508139742     ,
            1.469050336979582     ,
            1.460269551866657     ,
            1.451309567714846     ,
            1.442175861416888     ,
            1.432873967172041     ,
            1.423409421657527     ,
            1.413787689498491     ,
            1.404014267022515     ,
            1.394094696106605     ,
            1.384034558991881     ,
            1.373839472955264     ,
            1.363515084854654     ,
            1.353067065564698     ,
            1.342501104320841     ,
            1.331822902989755     ,
            1.321038170284585     ,
            1.310152615943680     ,
            1.299171974384671     ,
            1.288102091275658     ,
            1.276948820878631     ,
            1.265717986580156     ,
            1.254415375222495     ,
            1.243046731531215     ,
            1.231617752654506     ,
            1.220134082829054     ,
            1.208601308186600     ,
            1.197024951714569     ,
            1.185410468383346     ,
            1.173763240451880     ,
            1.162088572962411     ,
            1.150391714989877     ,
            1.138678046953236     ,
            1.126952958192539     ,
            1.115221728581391     ,
            1.103489524455843     ,
            1.091761395727019     ,
            1.080042273251585     ,
            1.068336966460066     ,
            1.056650161242129     ,
            1.044986418087086     ,
            1.033350170477071     ,
            1.021745723529562     ,
            1.010177252885160     ,
           0.9986488038358847     ,
           0.9871643394885923     ,
           0.9757280936943619     ,
           0.9643443449331009     ,
           0.9530172082276454     ,
           0.9417506346578821     ,
           0.9305484126401656     ,
           0.9194141694198665     ,
           0.9083513727648930     ,
           0.8973633328480261     ,
           0.8864532043059405     ,
           0.8756239884628645     ,
           0.8648785357069506     ,
           0.8542195480075935     ,
           0.8436495815621082     ,
           0.8331710525512867     ,
           0.8227864549842813     ,
           0.8124984911126124     ,
           0.8023097279877933     ,
           0.7922225664005333     ,
           0.7822392455686146     ,
           0.7723618478572091     ,
           0.7625923035204867     ,
           0.7529323954540310     ,
           0.7433837639482105     ,
           0.7339479114332924     ,
           0.7246262072077154     ,
           0.7154198921415110     ,
           0.7063300833474849     ,
           0.6973577788133009     ,
           0.6885038940586166     ,
           0.6797695647902885     ,
           0.6711559943670955     ,
           0.6626642540305233     ,
           0.6542952862117033     ,
           0.6460499104898511     ,
           0.6379288294279833     ,
           0.6299326342837188     ,
           0.6220618105934148     ,
           0.6143167436283512     ,
           0.6066977237220657     ,
           0.5992049514683436     ,
           0.5918385427897217     ,
           0.5845985338767014     ,
           0.5774848839171817     ,
           0.5704972040840013     ,
           0.5636345005239798     ,
           0.5568956852695616     ,
           0.5502796468173548     ,
           0.5437852530660199     ,
           0.5374113540888837     ,
           0.5311567847517353     ,
           0.5250203671856141     ,
           0.5190009131237262     ,
           0.5130972261110603     ,
           0.5073081035947044     ,
           0.5016323389023593     ,
           0.4960687231160688     ,
           0.4906160333763775     ,
           0.4852714020474443     ,
           0.4800288506774319     ,
           0.4748822376620058     ,
           0.4698256296763660     ,
           0.4648532936843078     ,
           0.4599596895447588     ,
           0.4551394631951800     ,
           0.4503874403915797     ,
           0.4456986209851838     ,
           0.4410681737160591     ,
           0.4364914315041404     ,
           0.4319638872182044     ,
           0.4274811898907584     ,
           0.4230370703723946     ,
           0.4186177364816975     ,
           0.4142081279347312     ,
           0.4097938027677776     ,
           0.4053609375823567     ,
           0.4008963326547528     ,
           0.3963874215414717     ,
           0.3918222848000846     ,
           0.3871896674289394     ,
           0.3824789996097697     ,
           0.3776804203149465     ,
           0.3727848033166757     ,
           0.3677799449893404     ,
           0.3626294424056120     ,
           0.3572892430617576     ,
           0.3517185448185202     ,
           0.3458800966524507     ,
           0.3397405053459860     ,
           0.3332705691056327     ,
           0.3264456267434893     ,
           0.3192459100508501     ,
           0.3116568860895459     ,
           0.3036695754041313     ,
           0.2952701598995165     ,
           0.2864042148252422     ,
           0.2770177612375957     ,
           0.2670735992889705     ,
           0.2565524628951153     ,
           0.2454539576210330     ,
           0.2337971646535408     ,
           0.2216207989236968     ,
           0.2089828234338752     ,
           0.1959543472009844     ,
           0.1825548409889472     ,
           0.1687914791929805     ,
           0.1547206801982518     ,
           0.1404459796217961     ,
           0.1261119186287554     ,
           0.1118953098174797     ,
           9.7994074681611976E-002,
           8.4688347243950926E-002,
           7.2466482844043029E-002,
           6.1657917830292744E-002,
           5.2387413247250887E-002,
           4.4637470339179842E-002,
           3.8304464731069382E-002,
           3.3207828999642815E-002,
           2.9119209368087901E-002,
           2.5851402237253355E-002,
           2.3250495431036199E-002,
           2.1090604085222942E-002,
 F0W_IN =   1.9841284321262570E+021,
 DN0OUT =    5000000000000.000     
 /
 &DNUBEAM_DIFB
 DIFB_0 =    5000.000000000000     ,
 DIFB_A =    5000.000000000000     ,
 DIFB_IN =    1.000000000000000     ,
 DIFB_OUT =    1.000000000000000     ,
 NKDIFB =            0
 /
