 Global NB Heating and Current Drive Parameters
 ----------------------------------------------
 TOTALS:
 Total Absorbed Power      =    4.3410 MW
 Total Lost Power          =     .0790 MW
 Total NB Driven Current   =   .15008E+06 A
 Total NBCD Efficiency     =   .34573E-01 A/W
 Total Beam Beta           =   .19820E-02
 Taus                      =   .41156E-02 s
 Volp                      =   .17990E+02 m3

 Information per Beamline and Energy Group:
 -----------------------------------------
                       Beam 1          Beam 2          Beam 3
                       ------          ------          ------
 Absorbed Power      .43410E+01
 Lost Power          .79008E-01
 NB driven current   .15008E+06
 NBCD efficiency     .34573E-01
 NBCD gamma          .16187E-01

 Beam Shinethrough
    energy group 1   .23520E-01
    energy group 2   .00000E+00
    energy group 3   .00000E+00

 Beam-Target Parameters
 ----------------------
 Total Beam-Target Fusion Power   =   .31472E-03 MW
 Total Power to Charged Particles =   .20769E-03 MW
 Total DT Neutron Rate            =   .00000E+00 n/s
 Total DD Neutron Rate            =   .27268E+15 n/s

 Neutral Beam Deposition Profiles
 --------------------------------
 Beam  1
     rho      hofr_1       hofr_2       hofr_3
   .00000   .49335E+01   .39781E+01   .31402E+01
   .02000   .99328E+01   .80107E+01   .63252E+01
   .04000   .65441E+01   .52827E+01   .41756E+01
   .06000   .57780E+01   .46724E+01   .37000E+01
   .08000   .53571E+01   .43431E+01   .34482E+01
   .10000   .50298E+01   .40916E+01   .32597E+01
   .12000   .47329E+01   .38668E+01   .30939E+01
   .14000   .44467E+01   .36526E+01   .29377E+01
   .16000   .41648E+01   .34427E+01   .27857E+01
   .18000   .38874E+01   .32353E+01   .26356E+01
   .20000   .36172E+01   .30317E+01   .24875E+01
   .22000   .33544E+01   .28330E+01   .23428E+01
   .24000   .31014E+01   .26415E+01   .22034E+01
   .26000   .28604E+01   .24587E+01   .20703E+01
   .28000   .26338E+01   .22862E+01   .19445E+01
   .30000   .23901E+01   .20974E+01   .18040E+01
   .32000   .20600E+01   .18315E+01   .15981E+01
   .34000   .18565E+01   .16712E+01   .14773E+01
   .36000   .16964E+01   .15454E+01   .13834E+01
   .38000   .15635E+01   .14414E+01   .13062E+01
   .40000   .14505E+01   .13530E+01   .12410E+01
   .42000   .13526E+01   .12766E+01   .11850E+01
   .44000   .12671E+01   .12097E+01   .11362E+01
   .46000   .11915E+01   .11506E+01   .10932E+01
   .48000   .11238E+01   .10980E+01   .10553E+01
   .50000   .10630E+01   .10509E+01   .10217E+01
   .52000   .10083E+01   .10085E+01   .99168E+00
   .54000   .95895E+00   .97023E+00   .96470E+00
   .56000   .91433E+00   .93569E+00   .94060E+00
   .58000   .87356E+00   .90411E+00   .91869E+00
   .60000   .83639E+00   .87537E+00   .89898E+00
   .62000   .80231E+00   .84910E+00   .88122E+00
   .64000   .77091E+00   .82498E+00   .86511E+00
   .66000   .74199E+00   .80283E+00   .85057E+00
   .68000   .71527E+00   .78245E+00   .83745E+00
   .70000   .69050E+00   .76365E+00   .82562E+00
   .72000   .66744E+00   .74610E+00   .81469E+00
   .74000   .64583E+00   .72962E+00   .80452E+00
   .76000   .62551E+00   .71405E+00   .79499E+00
   .78000   .60639E+00   .69930E+00   .78600E+00
   .80000   .58821E+00   .68511E+00   .77729E+00
   .82000   .57094E+00   .67143E+00   .76881E+00
   .84000   .55449E+00   .65810E+00   .76036E+00
   .86000   .53873E+00   .64492E+00   .75169E+00
   .88000   .52401E+00   .63235E+00   .74345E+00
   .90000   .51003E+00   .61967E+00   .73455E+00
   .92000   .49738E+00   .60717E+00   .72515E+00
   .94000   .48680E+00   .59560E+00   .71631E+00
   .96000   .48205E+00   .58611E+00   .70840E+00
   .98000   .45821E+00   .54670E+00   .66135E+00
  1.00000   .00000E+00   .00000E+00   .00000E+00

 Pitch Angle at Birth
 --------------------------------
 Angle  1
     rho      zeta_1       zeta_2       zeta_3
   .00000   .61850E+00   .61834E+00   .61823E+00
   .01194   .61846E+00   .61827E+00   .61813E+00
   .02388   .61836E+00   .61806E+00   .61784E+00
   .03582   .61818E+00   .61770E+00   .61735E+00
   .04776   .61792E+00   .61720E+00   .61665E+00
   .05970   .61759E+00   .61655E+00   .61575E+00
   .07164   .61717E+00   .61574E+00   .61464E+00
   .08358   .61667E+00   .61477E+00   .61330E+00
   .09552   .61609E+00   .61362E+00   .61173E+00
   .10746   .61540E+00   .61228E+00   .60992E+00
   .11940   .61462E+00   .61075E+00   .60786E+00
   .13134   .61372E+00   .60902E+00   .60553E+00
   .14328   .61270E+00   .60707E+00   .60294E+00
   .15522   .61157E+00   .60489E+00   .60008E+00
   .16716   .61031E+00   .60250E+00   .59696E+00
   .17910   .60878E+00   .59963E+00   .59328E+00
   .19104   .60653E+00   .59546E+00   .58802E+00
   .20298   .60456E+00   .59184E+00   .58351E+00
   .21492   .60263E+00   .58831E+00   .57919E+00
   .22686   .60069E+00   .58481E+00   .57495E+00
   .23880   .59874E+00   .58130E+00   .57077E+00
   .25074   .59678E+00   .57780E+00   .56663E+00
   .26268   .59480E+00   .57429E+00   .56255E+00
   .27462   .59281E+00   .57079E+00   .55851E+00
   .28656   .59082E+00   .56729E+00   .55452E+00
   .29850   .58882E+00   .56380E+00   .55058E+00
   .31044   .58682E+00   .56032E+00   .54669E+00
   .32238   .58483E+00   .55687E+00   .54286E+00
   .33432   .58285E+00   .55343E+00   .53909E+00
   .34626   .58088E+00   .55001E+00   .53537E+00
   .35820   .57892E+00   .54662E+00   .53170E+00
   .37014   .57698E+00   .54325E+00   .52809E+00
   .38208   .57508E+00   .53992E+00   .52454E+00
   .39402   .57321E+00   .53661E+00   .52105E+00
   .40596   .57138E+00   .53334E+00   .51761E+00
   .41790   .56960E+00   .53011E+00   .51422E+00
   .42984   .56790E+00   .52693E+00   .51089E+00
   .44178   .56628E+00   .52380E+00   .50763E+00
   .45372   .56476E+00   .52072E+00   .50442E+00
   .46566   .56335E+00   .51770E+00   .50127E+00
   .47760   .56210E+00   .51476E+00   .49819E+00
   .48954   .56102E+00   .51188E+00   .49516E+00
   .50148   .56017E+00   .50910E+00   .49220E+00
   .51342   .55963E+00   .50643E+00   .48931E+00
   .52536   .55948E+00   .50387E+00   .48649E+00
   .53730   .55991E+00   .50150E+00   .48375E+00
   .54924   .56125E+00   .49939E+00   .48113E+00
   .56118   .56424E+00   .49774E+00   .47867E+00
   .57312   .57199E+00   .49740E+00   .47660E+00
   .58506   .58496E+00   .49858E+00   .47500E+00
   .59700   .00000E+00   .00000E+00   .00000E+00

   rho     jnbtot      pNBe        pNBi        nbfast      pressb      pfusb      dvol      dA
  .0000   .2899E+06   .3995E+00   .7119E+00   .5546E+19   .2117E+05   .1519E-03   .1544E-02   .1458E-03
  .0200   .7447E+06   .8061E+00   .1432E+01   .1117E+20   .4264E+05   .3049E-03   .1236E-01   .1166E-02
  .0400   .5318E+06   .5327E+00   .9421E+00   .7369E+19   .2810E+05   .2002E-03   .2472E-01   .2334E-02
  .0600   .4961E+06   .4725E+00   .8303E+00   .6513E+19   .2480E+05   .1759E-03   .3712E-01   .3504E-02
  .0800   .4796E+06   .4410E+00   .7677E+00   .6045E+19   .2298E+05   .1619E-03   .4954E-01   .4677E-02
  .1000   .4659E+06   .4178E+00   .7181E+00   .5684E+19   .2155E+05   .1506E-03   .6201E-01   .5854E-02
  .1200   .4511E+06   .3972E+00   .6729E+00   .5361E+19   .2026E+05   .1404E-03   .7454E-01   .7036E-02
  .1400   .4340E+06   .3777E+00   .6292E+00   .5048E+19   .1901E+05   .1305E-03   .8714E-01   .8225E-02
  .1600   .4148E+06   .3585E+00   .5861E+00   .4738E+19   .1777E+05   .1208E-03   .9981E-01   .9422E-02
  .1800   .3944E+06   .3395E+00   .5438E+00   .4433E+19   .1655E+05   .1113E-03   .1126E+00   .1063E-01
  .2000   .3733E+06   .3209E+00   .5027E+00   .4132E+19   .1535E+05   .1018E-03   .1255E+00   .1184E-01
  .2200   .3514E+06   .3027E+00   .4628E+00   .3839E+19   .1419E+05   .9270E-04   .1384E+00   .1307E-01
  .2400   .3291E+06   .2849E+00   .4245E+00   .3554E+19   .1306E+05   .8404E-04   .1515E+00   .1431E-01
  .2600   .3068E+06   .2677E+00   .3883E+00   .3281E+19   .1198E+05   .7590E-04   .1648E+00   .1556E-01
  .2800   .2850E+06   .2514E+00   .3544E+00   .3022E+19   .1096E+05   .6833E-04   .1782E+00   .1682E-01
  .3000   .2605E+06   .2329E+00   .3187E+00   .2742E+19   .9871E+04   .6053E-04   .1917E+00   .1810E-01
  .3200   .2255E+06   .2051E+00   .2723E+00   .2363E+19   .8438E+04   .5082E-04   .2055E+00   .1940E-01
  .3400   .2039E+06   .1889E+00   .2429E+00   .2127E+19   .7531E+04   .4454E-04   .2194E+00   .2071E-01
  .3600   .1866E+06   .1765E+00   .2196E+00   .1939E+19   .6805E+04   .3949E-04   .2335E+00   .2204E-01
  .3800   .1720E+06   .1664E+00   .2000E+00   .1781E+19   .6193E+04   .3525E-04   .2478E+00   .2339E-01
  .4000   .1592E+06   .1580E+00   .1833E+00   .1644E+19   .5664E+04   .3160E-04   .2623E+00   .2476E-01
  .4200   .1480E+06   .1508E+00   .1687E+00   .1524E+19   .5199E+04   .2841E-04   .2771E+00   .2615E-01
  .4400   .1379E+06   .1446E+00   .1558E+00   .1417E+19   .4786E+04   .2561E-04   .2921E+00   .2757E-01
  .4600   .1287E+06   .1392E+00   .1443E+00   .1321E+19   .4414E+04   .2312E-04   .3073E+00   .2901E-01
  .4800   .1202E+06   .1345E+00   .1340E+00   .1233E+19   .4076E+04   .2092E-04   .3228E+00   .3047E-01
  .5000   .1124E+06   .1303E+00   .1247E+00   .1153E+19   .3769E+04   .1896E-04   .3386E+00   .3196E-01
  .5200   .1051E+06   .1266E+00   .1163E+00   .1079E+19   .3487E+04   .1720E-04   .3546E+00   .3348E-01
  .5400   .9837E+05   .1233E+00   .1086E+00   .1011E+19   .3229E+04   .1561E-04   .3710E+00   .3502E-01
  .5600   .9210E+05   .1204E+00   .1017E+00   .9482E+18   .2991E+04   .1418E-04   .3877E+00   .3660E-01
  .5800   .8625E+05   .1177E+00   .9524E-01   .8898E+18   .2772E+04   .1288E-04   .4047E+00   .3820E-01
  .6000   .8076E+05   .1154E+00   .8933E-01   .8352E+18   .2569E+04   .1171E-04   .4220E+00   .3983E-01
  .6200   .7559E+05   .1133E+00   .8388E-01   .7842E+18   .2380E+04   .1065E-04   .4397E+00   .4150E-01
  .6400   .7073E+05   .1115E+00   .7882E-01   .7364E+18   .2205E+04   .9679E-05   .4577E+00   .4320E-01
  .6600   .6615E+05   .1098E+00   .7412E-01   .6914E+18   .2041E+04   .8799E-05   .4760E+00   .4494E-01
  .6800   .6182E+05   .1083E+00   .6974E-01   .6491E+18   .1889E+04   .7998E-05   .4948E+00   .4671E-01
  .7000   .5774E+05   .1070E+00   .6563E-01   .6092E+18   .1747E+04   .7265E-05   .5140E+00   .4852E-01
  .7200   .5386E+05   .1058E+00   .6177E-01   .5714E+18   .1614E+04   .6594E-05   .5335E+00   .5036E-01
  .7400   .5019E+05   .1047E+00   .5812E-01   .5354E+18   .1489E+04   .5977E-05   .5535E+00   .5224E-01
  .7600   .4668E+05   .1037E+00   .5464E-01   .5012E+18   .1371E+04   .5408E-05   .5738E+00   .5417E-01
  .7800   .4335E+05   .1028E+00   .5132E-01   .4684E+18   .1260E+04   .4882E-05   .5946E+00   .5613E-01
  .8000   .4015E+05   .1020E+00   .4813E-01   .4369E+18   .1155E+04   .4395E-05   .6159E+00   .5814E-01
  .8200   .3708E+05   .1013E+00   .4504E-01   .4066E+18   .1056E+04   .3942E-05   .6376E+00   .6019E-01
  .8400   .3413E+05   .1006E+00   .4204E-01   .3773E+18   .9613E+03   .3519E-05   .6598E+00   .6228E-01
  .8600   .3128E+05   .1000E+00   .3910E-01   .3487E+18   .8708E+03   .3122E-05   .6825E+00   .6442E-01
  .8800   .2853E+05   .9962E-01   .3622E-01   .3208E+18   .7841E+03   .2749E-05   .7056E+00   .6661E-01
  .9000   .2581E+05   .9931E-01   .3333E-01   .2929E+18   .6995E+03   .2393E-05   .7293E+00   .6884E-01
  .9200   .2302E+05   .9937E-01   .3031E-01   .2638E+18   .6130E+03   .2040E-05   .7534E+00   .7112E-01
  .9400   .1962E+05   .1004E+00   .2670E-01   .2280E+18   .5105E+03   .1648E-05   .7781E+00   .7345E-01
  .9600   .1430E+05   .1047E+00   .2105E-01   .1711E+18   .3564E+03   .1098E-05   .8033E+00   .7583E-01
  .9800   .6449E+04   .1077E+00   .1123E-01   .8344E+17   .1477E+03   .3968E-06   .8291E+00   .7827E-01
 1.0000   .0000E+00   .0000E+00   .0000E+00   .0000E+00   .0000E+00   .0000E+00   .0000E+00   .0000E+00
