 &DNUBEAM_PROF
 T0_NUBEAM =    1.425000000000000     ,
 T1_NUBEAM =    1.440000104904175     ,
 NRHO_IN =          201,
 RHO_IN =    0.000000000000000     ,
            5.0000000000000001E-003,
            1.0000000000000000E-002,
            1.4999999999999999E-002,
            2.0000000000000000E-002,
            2.5000000000000001E-002,
            2.9999999999999999E-002,
            3.5000000000000003E-002,
            4.0000000000000001E-002,
            4.4999999999999998E-002,
            5.0000000000000003E-002,
            5.5000000000000000E-002,
            5.9999999999999998E-002,
            6.5000000000000002E-002,
            7.0000000000000007E-002,
            7.4999999999999997E-002,
            8.0000000000000002E-002,
            8.5000000000000006E-002,
            8.9999999999999997E-002,
            9.5000000000000001E-002,
            0.1000000000000000     ,
            0.1050000000000000     ,
            0.1100000000000000     ,
            0.1150000000000000     ,
            0.1200000000000000     ,
            0.1250000000000000     ,
            0.1300000000000000     ,
            0.1350000000000000     ,
            0.1400000000000000     ,
            0.1450000000000000     ,
            0.1500000000000000     ,
            0.1550000000000000     ,
            0.1600000000000000     ,
            0.1650000000000000     ,
            0.1700000000000000     ,
            0.1750000000000000     ,
            0.1800000000000000     ,
            0.1850000000000000     ,
            0.1900000000000000     ,
            0.1950000000000000     ,
            0.2000000000000000     ,
            0.2050000000000000     ,
            0.2100000000000000     ,
            0.2150000000000000     ,
            0.2200000000000000     ,
            0.2250000000000000     ,
            0.2300000000000000     ,
            0.2350000000000000     ,
            0.2400000000000000     ,
            0.2450000000000000     ,
            0.2500000000000000     ,
            0.2550000000000000     ,
            0.2600000000000000     ,
            0.2650000000000000     ,
            0.2700000000000000     ,
            0.2750000000000000     ,
            0.2800000000000000     ,
            0.2850000000000000     ,
            0.2900000000000000     ,
            0.2950000000000000     ,
            0.3000000000000000     ,
            0.3050000000000000     ,
            0.3100000000000000     ,
            0.3150000000000000     ,
            0.3200000000000000     ,
            0.3250000000000000     ,
            0.3300000000000000     ,
            0.3350000000000000     ,
            0.3400000000000000     ,
            0.3450000000000000     ,
            0.3500000000000000     ,
            0.3550000000000000     ,
            0.3600000000000000     ,
            0.3650000000000000     ,
            0.3700000000000000     ,
            0.3750000000000000     ,
            0.3800000000000000     ,
            0.3850000000000000     ,
            0.3900000000000000     ,
            0.3950000000000000     ,
            0.4000000000000000     ,
            0.4050000000000000     ,
            0.4100000000000000     ,
            0.4150000000000000     ,
            0.4200000000000000     ,
            0.4250000000000000     ,
            0.4300000000000000     ,
            0.4350000000000000     ,
            0.4400000000000000     ,
            0.4450000000000000     ,
            0.4500000000000000     ,
            0.4550000000000000     ,
            0.4600000000000000     ,
            0.4650000000000000     ,
            0.4700000000000000     ,
            0.4750000000000000     ,
            0.4800000000000000     ,
            0.4850000000000000     ,
            0.4900000000000000     ,
            0.4950000000000000     ,
            0.5000000000000000     ,
            0.5050000000000000     ,
            0.5100000000000000     ,
            0.5150000000000000     ,
            0.5200000000000000     ,
            0.5250000000000000     ,
            0.5300000000000000     ,
            0.5350000000000000     ,
            0.5400000000000000     ,
            0.5450000000000000     ,
            0.5500000000000000     ,
            0.5550000000000000     ,
            0.5600000000000001     ,
            0.5650000000000001     ,
            0.5700000000000001     ,
            0.5750000000000001     ,
            0.5800000000000000     ,
            0.5850000000000000     ,
            0.5900000000000000     ,
            0.5950000000000000     ,
            0.6000000000000000     ,
            0.6050000000000000     ,
            0.6100000000000000     ,
            0.6150000000000000     ,
            0.6200000000000000     ,
            0.6250000000000000     ,
            0.6300000000000000     ,
            0.6350000000000000     ,
            0.6400000000000000     ,
            0.6450000000000000     ,
            0.6500000000000000     ,
            0.6550000000000000     ,
            0.6600000000000000     ,
            0.6650000000000000     ,
            0.6700000000000000     ,
            0.6750000000000000     ,
            0.6800000000000000     ,
            0.6850000000000001     ,
            0.6900000000000001     ,
            0.6950000000000001     ,
            0.7000000000000001     ,
            0.7050000000000000     ,
            0.7100000000000000     ,
            0.7150000000000000     ,
            0.7200000000000000     ,
            0.7250000000000000     ,
            0.7300000000000000     ,
            0.7350000000000000     ,
            0.7400000000000000     ,
            0.7450000000000000     ,
            0.7500000000000000     ,
            0.7550000000000000     ,
            0.7600000000000000     ,
            0.7650000000000000     ,
            0.7700000000000000     ,
            0.7750000000000000     ,
            0.7800000000000000     ,
            0.7850000000000000     ,
            0.7900000000000000     ,
            0.7950000000000000     ,
            0.8000000000000000     ,
            0.8050000000000000     ,
            0.8100000000000001     ,
            0.8150000000000001     ,
            0.8200000000000001     ,
            0.8250000000000001     ,
            0.8300000000000001     ,
            0.8350000000000000     ,
            0.8400000000000000     ,
            0.8450000000000000     ,
            0.8500000000000000     ,
            0.8550000000000000     ,
            0.8600000000000000     ,
            0.8650000000000000     ,
            0.8700000000000000     ,
            0.8750000000000000     ,
            0.8800000000000000     ,
            0.8850000000000000     ,
            0.8900000000000000     ,
            0.8950000000000000     ,
            0.9000000000000000     ,
            0.9050000000000000     ,
            0.9100000000000000     ,
            0.9150000000000000     ,
            0.9200000000000000     ,
            0.9250000000000000     ,
            0.9300000000000000     ,
            0.9350000000000001     ,
            0.9400000000000001     ,
            0.9450000000000001     ,
            0.9500000000000001     ,
            0.9550000000000001     ,
            0.9600000000000000     ,
            0.9650000000000000     ,
            0.9700000000000000     ,
            0.9750000000000000     ,
            0.9800000000000000     ,
            0.9850000000000000     ,
            0.9900000000000000     ,
            0.9950000000000000     ,
             1.000000000000000     ,
 TE_IN =    1.445030000000000     ,
            1.444959093274853     ,
            1.444746748732942     ,
            1.444393529824559     ,
            1.443900000000000     ,
            1.443266659576029     ,
            1.442493756335292     ,
            1.441581474926910     ,
            1.440530000000000     ,
            1.439339424671033     ,
            1.438009475925889     ,
            1.436539789217800     ,
            1.434930000000000     ,
            1.433180016739841     ,
            1.431290839961153     ,
            1.429263743201889     ,
            1.427100000000000     ,
            1.424800664619606     ,
            1.422365914229499     ,
            1.419795706724643     ,
            1.417090000000000     ,
            1.414248887281737     ,
            1.411273003120850     ,
            1.408163117399537     ,
            1.404920000000000     ,
            1.401544411253445     ,
            1.398037073287102     ,
            1.394398698677208     ,
            1.390630000000000     ,
            1.386731748954483     ,
            1.382704953730742     ,
            1.378550681641630     ,
            1.374270000000000     ,
            1.369863905428623     ,
            1.365333111789932     ,
            1.360678262256274     ,
            1.355900000000000     ,
            1.350999035581025     ,
            1.345976349109532     ,
            1.340832988083274     ,
            1.335570000000000     ,
            1.330188545997278     ,
            1.324690241771939     ,
            1.319076816660631     ,
            1.313350000000000     ,
            1.307511311679863     ,
            1.301561433802710     ,
            1.295500839024203     ,
            1.289330000000000     ,
            1.283049644783271     ,
            1.276661523017220     ,
            1.270167639742558     ,
            1.263570000000000     ,
            1.256870421687053     ,
            1.250069974128412     ,
            1.243169539505564     ,
            1.236170000000000     ,
            1.229072418468516     ,
            1.221878580469134     ,
            1.214590452235186     ,
            1.207210000000000     ,
            1.199739123188884     ,
            1.192179453995052     ,
            1.184532557803694     ,
            1.176800000000000     ,
            1.168983276275948     ,
            1.161083603550658     ,
            1.153102129050040     ,
            1.145040000000000     ,
            1.136898552957325     ,
            1.128679881802315     ,
            1.120386269746148     ,
            1.112020000000000     ,
            1.103583136894751     ,
            1.095076869240080     ,
            1.086502166965370     ,
            1.077860000000000     ,
            1.069151555713672     ,
            1.060378891237364     ,
            1.051544281142374     ,
            1.042650000000000     ,
            1.033698140250563     ,
            1.024690065810466     ,
            1.015626958465137     ,
            1.006510000000000     ,
           0.9973404926590779     ,
           0.9881202205207722     ,
           0.9788510881220805     ,
           0.9695350000000001     ,
           0.9601737797381260     ,
           0.9507689271064451     ,
           0.9413218609215417     ,
           0.9318340000000002     ,
           0.9223067790134183     ,
           0.9127416960534476     ,
           0.9031402650667532     ,
           0.8935040000000001     ,
           0.8838344167082014     ,
           0.8741330386797647     ,
           0.8644013913114456     ,
           0.8546410000000000     ,
           0.8448533666537765     ,
           0.8350398992274938     ,
           0.8252019821874643     ,
           0.8153410000000000     ,
           0.8054583666766935     ,
           0.7955556144102606     ,
           0.7856343049386971     ,
           0.7756960000000003     ,
           0.7657422447644502     ,
           0.7557745181314649     ,
           0.7457942824327477     ,
           0.7358030000000000     ,
           0.7258022011405071     ,
           0.7157936880638802     ,
           0.7057793309553133     ,
           0.6957610000000000     ,
           0.6857405912985222     ,
           0.6757201046130145     ,
           0.6657015656209995     ,
           0.6556870000000000     ,
           0.6456785117904043     ,
           0.6356785184840620     ,
           0.6256895159356888     ,
           0.6157140000000002     ,
           0.6057545959148609     ,
           0.5958144464507377     ,
           0.5858968237612452     ,
           0.5760050000000000     ,
           0.5661423545501520     ,
           0.5563126957129881     ,
           0.5465199390193305     ,
           0.5367680000000000     ,
           0.5270610015095318     ,
           0.5174038956973104     ,
           0.5078018420364336     ,
           0.4982600000000002     ,
           0.4887837019117218     ,
           0.4793789714977713     ,
           0.4700520053349351     ,
           0.4608090000000000     ,
           0.4516563783435811     ,
           0.4426014683116049     ,
           0.4336518241238263     ,
           0.4248150000000000     ,
           0.4160987690889539     ,
           0.4075117802558090     ,
           0.3990629012947597     ,
           0.3907610000000000     ,
           0.3826150765506035     ,
           0.3746346606651589     ,
           0.3668294144471352     ,
           0.3592090000000000     ,
           0.3517831278336328     ,
           0.3445617020835555     ,
           0.3375546752917002     ,
           0.3307720000000002     ,
           0.3242234433648654     ,
           0.3179180310006198     ,
           0.3118646031360642     ,
           0.3060720000000000     ,
           0.3005484268319057     ,
           0.2952995489139661     ,
           0.2903303965390437     ,
           0.2856460000000000     ,
           0.2812498649325120     ,
           0.2771393983435156     ,
           0.2733104825827614     ,
           0.2697590000000000     ,
           0.2664772540630463     ,
           0.2634432327119713     ,
           0.2606313450049108     ,
           0.2580160000000000     ,
           0.2555630563153032     ,
           0.2532041708085992     ,
           0.2508624498975956     ,
           0.2484610000000000     ,
           0.2459042394257411     ,
           0.2430218340536320     ,
           0.2396247616547070     ,
           0.2355240000000000     ,
           0.2305107672317325     ,
           0.2242972429768727     ,
           0.2165758472335769     ,
           0.2070390000000002     ,
           0.1954735041473298     ,
           0.1820436940388774     ,
           0.1670082869109861     ,
           0.1506260000000000     ,
           0.1332315802414495     ,
           0.1154638933676183     ,
           9.8037834809977936E-002,
           8.1668300000000346E-002,
           6.6960935824372500E-002,
           5.4084394990649827E-002,
           4.3098081661601839E-002,
           3.4061399999999999E-002,
           2.6940143648560684E-002,
           2.1325664169783480E-002,
           1.6715702606114768E-002,
           1.2607999999999999E-002,
 TI_IN =    1.552270000000000     ,
            1.552159912696817     ,
            1.551829767191513     ,
            1.551279738090452     ,
            1.550510000000000     ,
            1.549520767372280     ,
            1.548312414042437     ,
            1.546885353691376     ,
            1.545240000000000     ,
            1.543376861564064     ,
            1.541296826638738     ,
            1.539000878394042     ,
            1.536490000000000     ,
            1.533765067621464     ,
            1.530826529402612     ,
            1.527674726482454     ,
            1.524310000000000     ,
            1.520733024200081     ,
            1.516945805750815     ,
            1.512950684426142     ,
            1.508750000000000     ,
            1.504345804328212     ,
            1.499738997594128     ,
            1.494930192062979     ,
            1.489920000000000     ,
            1.484709383487071     ,
            1.479300703872674     ,
            1.473696672321940     ,
            1.467900000000000     ,
            1.461913224223503     ,
            1.455738186915174     ,
            1.449376556149259     ,
            1.442830000000000     ,
            1.436100375868918     ,
            1.429190298466629     ,
            1.422102571831026     ,
            1.414840000000000     ,
            1.407405272300827     ,
            1.399800619218311     ,
            1.392028156526639     ,
            1.384090000000000     ,
            1.375988534927776     ,
            1.367727224660129     ,
            1.359309802062418     ,
            1.350740000000000     ,
            1.342021369238070     ,
            1.333156732141172     ,
            1.324148728973689     ,
            1.315000000000000     ,
            1.305713331869944     ,
            1.296292096775181     ,
            1.286739813292828     ,
            1.277060000000000     ,
            1.267256240782154     ,
            1.257332380758104     ,
            1.247292330355001     ,
            1.237140000000000     ,
            1.226879205001439     ,
            1.216513380192404     ,
            1.206045865287167     ,
            1.195480000000000     ,
            1.184819282962089     ,
            1.174067848472280     ,
            1.163229989746330     ,
            1.152310000000000     ,
            1.141312100650204     ,
            1.130240225918478     ,
            1.119098238227513     ,
            1.107890000000000     ,
            1.096619501937094     ,
            1.085291247853808     ,
            1.073909869843618     ,
            1.062480000000000     ,
            1.051006141601419     ,
            1.039492282666290     ,
            1.027942282398016     ,
            1.016360000000000     ,
            1.004749462907230     ,
           0.9931153714810333     ,
           0.9814625943143196     ,
           0.9697960000000000     ,
           0.9581203505196595     ,
           0.9464399814095774     ,
           0.9347591215947065     ,
           0.9230820000000000     ,
           0.9114129162641313     ,
           0.8997564528806571     ,
           0.8881172630568543     ,
           0.8765000000000001     ,
           0.8649092812988148     ,
           0.8533495820677940     ,
           0.8418253418028762     ,
           0.8303410000000001     ,
           0.8189010210406091     ,
           0.8075099688481667     ,
           0.7961724322316409     ,
           0.7848930000000001     ,
           0.7736762595387489     ,
           0.7625267925395391     ,
           0.7514491792705600     ,
           0.7404480000000000     ,
           0.7295278158043961     ,
           0.7186931109936764     ,
           0.7079483506861188     ,
           0.6972980000000000     ,
           0.6867465397436679     ,
           0.6762985134857552     ,
           0.6659584804849645     ,
           0.6557310000000002     ,
           0.6456206033459325     ,
           0.6356317100633034     ,
           0.6257687117490230     ,
           0.6160360000000000     ,
           0.6064379687476029     ,
           0.5969790212610314     ,
           0.5876635631439442     ,
           0.5784960000000000     ,
           0.5694806935386568     ,
           0.5606218298925716     ,
           0.5519235513002004     ,
           0.5433900000000000     ,
           0.5350252883477699     ,
           0.5268334091686826     ,
           0.5188183254052540     ,
           0.5109840000000001     ,
           0.5033342936952638     ,
           0.4958726584326985     ,
           0.4886024439537836     ,
           0.4815270000000000     ,
           0.4746495837461750     ,
           0.4679730821005242     ,
           0.4615002894046117     ,
           0.4552340000000000     ,
           0.4491767931950369     ,
           0.4433303881652048     ,
           0.4376962890527702     ,
           0.4322760000000001     ,
           0.4270707747236779     ,
           0.4220808652386571     ,
           0.4173062731343077     ,
           0.4127470000000000     ,
           0.4084026860352513     ,
           0.4042715258801670     ,
           0.4003513527849991     ,
           0.3966400000000000     ,
           0.3931348405103166     ,
           0.3898314062406749     ,
           0.3867247688506957     ,
           0.3838100000000000     ,
           0.3810816237984824     ,
           0.3785319741571334     ,
           0.3761528374372178     ,
           0.3739360000000000     ,
           0.3718726799207541     ,
           0.3699518221307915     ,
           0.3681618032754331     ,
           0.3664910000000001     ,
           0.3649272971435015     ,
           0.3634566123197008     ,
           0.3620643713360497     ,
           0.3607360000000000     ,
           0.3594566940052402     ,
           0.3582107285904055     ,
           0.3569821488803682     ,
           0.3557550000000000     ,
           0.3545134268355378     ,
           0.3532419733186770     ,
           0.3519252831424777     ,
           0.3505480000000000     ,
           0.3490952549026086     ,
           0.3475541281348863     ,
           0.3459121872997210     ,
           0.3441570000000000     ,
           0.3422749910540280     ,
           0.3402480141417776     ,
           0.3380567801586384     ,
           0.3356820000000000     ,
           0.3330984527562794     ,
           0.3302571902980033     ,
           0.3271033326907255     ,
           0.3235820000000000     ,
           0.3196092447958543     ,
           0.3149848496662093     ,
           0.3094795297034599     ,
           0.3028640000000002     ,
           0.2948788961853038     ,
           0.2851445360371597     ,
           0.2732511578704355     ,
           0.2587890000000000     ,
           0.2415091079629312     ,
           0.2218057561851523     ,
           0.2002340263147973     ,
           0.1773490000000005     ,
           0.1537867000879716     ,
           0.1305069142222317     ,
           0.1085503712453752     ,
           8.8957800000000004E-002,
           7.2454611997682911E-002,
           5.8504949425922936E-002,
           4.6257637141202096E-002,
           3.4861499999999997E-002,
 NE_IN =   4.2356400000000000E+019,
           4.2355005065055281E+019,
           4.2350830173480747E+019,
           4.2343890195165848E+019,
           4.2334200000000000E+019,
           4.2321770794613023E+019,
           4.2306599132596232E+019,
           4.2288677904281330E+019,
           4.2268000000000000E+019,
           4.2244561756492628E+019,
           4.2218373296134316E+019,
           4.2189448187708842E+019,
           4.2157800000000000E+019,
           4.2123441554416468E+019,
           4.2086382682866516E+019,
           4.2046632469883306E+019,
           4.2004200000000000E+019,
           4.1959095463341490E+019,
           4.1911333472399614E+019,
           4.1860929745257931E+019,
           4.1807900000000000E+019,
           4.1752259404717556E+019,
           4.1694020927535006E+019,
           4.1633196986584957E+019,
           4.1569800000000000E+019,
           4.1503843480288297E+019,
           4.1435345317460345E+019,
           4.1364324495902228E+019,
           4.1290800000000000E+019,
           4.1214791674129261E+019,
           4.1136322802623603E+019,
           4.1055417529806152E+019,
           4.0972100000000000E+019,
           4.0886394510694670E+019,
           4.0798325972045242E+019,
           4.0707919447373193E+019,
           4.0615200000000000E+019,
           4.0520192783092056E+019,
           4.0422923309195420E+019,
           4.0323417180701082E+019,
           4.0221700000000000E+019,
           4.0117798419437101E+019,
           4.0011743291173061E+019,
           3.9903566517322490E+019,
           3.9793300000000000E+019,
           3.9680974476659532E+019,
           3.9566616026112328E+019,
           3.9450249562508960E+019,
           3.9331900000000000E+019,
           3.9211595861424775E+019,
           3.9089380104377623E+019,
           3.8965299295141667E+019,
           3.8839400000000000E+019,
           3.8711724890141393E+019,
           3.8582301056377184E+019,
           3.8451151694424383E+019,
           3.8318300000000000E+019,
           3.8183773328009675E+019,
           3.8047615670113640E+019,
           3.7909875177160786E+019,
           3.7770600000000000E+019,
           3.7629836485319918E+019,
           3.7487623763168240E+019,
           3.7343999159432446E+019,
           3.7199000000000000E+019,
           3.7052663543210664E+019,
           3.6905026777213387E+019,
           3.6756126622609420E+019,
           3.6606000000000000E+019,
           3.6454685904337428E+019,
           3.6302231627978195E+019,
           3.6148686537629876E+019,
           3.5994100000000000E+019,
           3.5838519401939632E+019,
           3.5681984210873819E+019,
           3.5524531914371092E+019,
           3.5366200000000000E+019,
           3.5207027112904040E+019,
           3.5047056528526524E+019,
           3.4886332679885754E+019,
           3.4724900000000000E+019,
           3.4562803396444226E+019,
           3.4400089675020091E+019,
           3.4236806116085903E+019,
           3.4073000000000000E+019,
           3.3908717113819054E+019,
           3.3743997271393128E+019,
           3.3578878793270641E+019,
           3.3413400000000000E+019,
           3.3247600023279559E+019,
           3.3081521239407399E+019,
           3.2915206835831538E+019,
           3.2748700000000000E+019,
           3.2582043730562716E+019,
           3.2415280270977278E+019,
           3.2248451675903201E+019,
           3.2081600000000000E+019,
           3.1914767241969590E+019,
           3.1747995176683495E+019,
           3.1581325523055657E+019,
           3.1414800000000000E+019,
           3.1248459176558936E+019,
           3.1082339022288740E+019,
           3.0916474356874179E+019,
           3.0750900000000000E+019,
           3.0585650739294671E+019,
           3.0420761234161533E+019,
           3.0256266111947620E+019,
           3.0092200000000004E+019,
           2.9928598803762381E+019,
           2.9765503541065142E+019,
           2.9602956507835335E+019,
           2.9441000000000000E+019,
           2.9279672795655815E+019,
           2.9118999601577914E+019,
           2.8959001606711054E+019,
           2.8799700000000000E+019,
           2.8641119388614365E+019,
           2.8483298052623213E+019,
           2.8326277690320450E+019,
           2.8170100000000000E+019,
           2.8014802774886724E+019,
           2.7860408187929252E+019,
           2.7706934507007148E+019,
           2.7554400000000004E+019,
           2.7402825761838744E+019,
           2.7252244195659801E+019,
           2.7102690531650953E+019,
           2.6954200000000000E+019,
           2.6806805115258307E+019,
           2.6660527529431560E+019,
           2.6515386178889040E+019,
           2.6371400000000000E+019,
           2.6228588152128041E+019,
           2.6086970686613967E+019,
           2.5946567877792907E+019,
           2.5807400000000004E+019,
           2.5669487588729549E+019,
           2.5532852224112599E+019,
           2.5397515747439342E+019,
           2.5263500000000000E+019,
           2.5130825555453755E+019,
           2.4999507916935655E+019,
           2.4869561319949734E+019,
           2.4741000000000000E+019,
           2.4613836751955431E+019,
           2.4488078608144769E+019,
           2.4363731160261730E+019,
           2.4240800000000000E+019,
           2.4119291499224535E+019,
           2.3999215150485258E+019,
           2.3880581226503356E+019,
           2.3763400000000000E+019,
           2.3647680063646446E+019,
           2.3533423289914208E+019,
           2.3420629871224861E+019,
           2.3309300000000004E+019,
           2.3199433558689690E+019,
           2.3091029189857935E+019,
           2.2984085226097205E+019,
           2.2878600000000000E+019,
           2.2774573201594802E+019,
           2.2672009950654075E+019,
           2.2570916724386320E+019,
           2.2471300000000000E+019,
           2.2373164259931120E+019,
           2.2276506007525761E+019,
           2.2181319751357522E+019,
           2.2087600000000000E+019,
           2.1995327571180716E+019,
           2.1904428519242871E+019,
           2.1814815207683588E+019,
           2.1726400000000000E+019,
           2.1639028580346020E+019,
           2.1552279915502760E+019,
           2.1465666292908118E+019,
           2.1378700000000000E+019,
           2.1290656544935203E+019,
           2.1199864318746096E+019,
           2.1104414933183943E+019,
           2.1002400000000000E+019,
           2.0891079614913176E+019,
           2.0764387809512866E+019,
           2.0615427099356131E+019,
           2.0437300000000004E+019,
           2.0221210932912112E+019,
           1.9950771943202439E+019,
           1.9607696981891535E+019,
           1.9173700000000000E+019,
           1.8628784465938395E+019,
           1.7946111917677394E+019,
           1.7097133410577699E+019,
           1.6053300000000025E+019,
           1.4802548078334317E+019,
           1.3398755386088016E+019,
           1.1912285000797659E+019,
           1.0413500000000000E+019,
           8.9586175957243709E+018,
           7.5472715379706716E+018,
           6.1649497112317010E+018,
           4.7971400000000000E+018,
 ZEFF_IN =    1.750000000000000     ,
              1.750000000000000     ,
              1.750000000000000     ,
              1.750000000000000     ,
              1.750000000000000     ,
              1.750000000000000     ,
              1.750000000000000     ,
              1.750000000000000     ,
              1.750000000000000     ,
              1.750000000000000     ,
              1.750000000000000     ,
              1.750000000000000     ,
              1.750000000000000     ,
              1.750000000000000     ,
              1.750000000000000     ,
              1.750000000000000     ,
              1.750000000000000     ,
              1.750000000000000     ,
              1.750000000000000     ,
              1.750000000000000     ,
              1.750000000000000     ,
              1.750000000000000     ,
              1.750000000000000     ,
              1.750000000000000     ,
              1.750000000000000     ,
              1.750000000000000     ,
              1.750000000000000     ,
              1.750000000000000     ,
              1.750000000000000     ,
              1.750000000000000     ,
              1.750000000000000     ,
              1.750000000000000     ,
              1.750000000000000     ,
              1.750000000000000     ,
              1.750000000000000     ,
              1.750000000000000     ,
              1.750000000000000     ,
              1.750000000000000     ,
              1.750000000000000     ,
              1.750000000000000     ,
              1.750000000000000     ,
              1.750000000000000     ,
              1.750000000000000     ,
              1.750000000000000     ,
              1.750000000000000     ,
              1.750000000000000     ,
              1.750000000000000     ,
              1.750000000000000     ,
              1.750000000000000     ,
              1.750000000000000     ,
              1.750000000000000     ,
              1.750000000000000     ,
              1.750000000000000     ,
              1.750000000000000     ,
              1.750000000000000     ,
              1.750000000000000     ,
              1.750000000000000     ,
              1.750000000000000     ,
              1.750000000000000     ,
              1.750000000000000     ,
              1.750000000000000     ,
              1.750000000000000     ,
              1.750000000000000     ,
              1.750000000000000     ,
              1.750000000000000     ,
              1.750000000000000     ,
              1.750000000000000     ,
              1.750000000000000     ,
              1.750000000000000     ,
              1.750000000000000     ,
              1.750000000000000     ,
              1.750000000000000     ,
              1.750000000000000     ,
              1.750000000000000     ,
              1.750000000000000     ,
              1.750000000000000     ,
              1.750000000000000     ,
              1.750000000000000     ,
              1.750000000000000     ,
              1.750000000000000     ,
              1.750000000000000     ,
              1.750000000000000     ,
              1.750000000000000     ,
              1.750000000000000     ,
              1.750000000000000     ,
              1.750000000000000     ,
              1.750000000000000     ,
              1.750000000000000     ,
              1.750000000000000     ,
              1.750000000000000     ,
              1.750000000000000     ,
              1.750000000000000     ,
              1.750000000000000     ,
              1.750000000000000     ,
              1.750000000000000     ,
              1.750000000000000     ,
              1.750000000000000     ,
              1.750000000000000     ,
              1.750000000000000     ,
              1.750000000000000     ,
              1.750000000000000     ,
              1.750000000000000     ,
              1.750000000000000     ,
              1.750000000000000     ,
              1.750000000000000     ,
              1.750000000000000     ,
              1.750000000000000     ,
              1.750000000000000     ,
              1.750000000000000     ,
              1.750000000000000     ,
              1.750000000000000     ,
              1.750000000000000     ,
              1.750000000000000     ,
              1.750000000000000     ,
              1.750000000000000     ,
              1.750000000000000     ,
              1.750000000000000     ,
              1.750000000000000     ,
              1.750000000000000     ,
              1.750000000000000     ,
              1.750000000000000     ,
              1.750000000000000     ,
              1.750000000000000     ,
              1.750000000000000     ,
              1.750000000000000     ,
              1.750000000000000     ,
              1.750000000000000     ,
              1.750000000000000     ,
              1.750000000000000     ,
              1.750000000000000     ,
              1.750000000000000     ,
              1.750000000000000     ,
              1.750000000000000     ,
              1.750000000000000     ,
              1.750000000000000     ,
              1.750000000000000     ,
              1.750000000000000     ,
              1.750000000000000     ,
              1.750000000000000     ,
              1.750000000000000     ,
              1.750000000000000     ,
              1.750000000000000     ,
              1.750000000000000     ,
              1.750000000000000     ,
              1.750000000000000     ,
              1.750000000000000     ,
              1.750000000000000     ,
              1.750000000000000     ,
              1.750000000000000     ,
              1.750000000000000     ,
              1.750000000000000     ,
              1.750000000000000     ,
              1.750000000000000     ,
              1.750000000000000     ,
              1.750000000000000     ,
              1.750000000000000     ,
              1.750000000000000     ,
              1.750000000000000     ,
              1.750000000000000     ,
              1.750000000000000     ,
              1.750000000000000     ,
              1.750000000000000     ,
              1.750000000000000     ,
              1.750000000000000     ,
              1.750000000000000     ,
              1.750000000000000     ,
              1.750000000000000     ,
              1.750000000000000     ,
              1.750000000000000     ,
              1.750000000000000     ,
              1.750000000000000     ,
              1.750000000000000     ,
              1.750000000000000     ,
              1.750000000000000     ,
              1.750000000000000     ,
              1.750000000000000     ,
              1.750000000000000     ,
              1.750000000000000     ,
              1.750000000000000     ,
              1.750000000000000     ,
              1.750000000000000     ,
              1.750000000000000     ,
              1.750000000000000     ,
              1.750000000000000     ,
              1.750000000000000     ,
              1.750000000000000     ,
              1.750000000000000     ,
              1.750000000000000     ,
              1.750000000000000     ,
              1.750000000000000     ,
              1.750000000000000     ,
              1.750000000000000     ,
              1.750000000000000     ,
              1.750000000000000     ,
              1.750000000000000     ,
              1.750000000000000     ,
              1.750000000000000     ,
              1.750000000000000     ,
              1.750000000000000     ,
              1.750000000000000     ,
              1.750000000000000     ,
 OMEGA_IN =    29629.40000000000     ,
               29629.43813611057     ,
               29629.55169629485     ,
               29629.73940833170     ,
               29630.00000000000     ,
               29630.33148472603     ,
               29630.72901852577     ,
               29631.18704306263     ,
               29631.70000000000     ,
               29632.26092498532     ,
               29632.85722960208     ,
               29633.47491941779     ,
               29634.10000000000     ,
               29634.71856533271     ,
               29635.31706306593     ,
               29635.88202926619     ,
               29636.40000000000     ,
               29636.85543868386     ,
               29637.22451813420     ,
               29637.48133851744     ,
               29637.60000000000     ,
               29637.55499243185     ,
               29637.32236439726     ,
               29636.87855416404     ,
               29636.20000000000     ,
               29635.26209158872     ,
               29634.03602427675     ,
               29632.49194482640     ,
               29630.60000000000     ,
               29628.32945371328     ,
               29625.64603849574     ,
               29622.51460403034     ,
               29618.90000000000     ,
               29614.76696855817     ,
               29610.07982174028     ,
               29604.80276405225     ,
               29598.90000000000     ,
               29592.33392205403     ,
               29585.05967454314     ,
               29577.03058976067     ,
               29568.20000000000     ,
               29558.52234322570     ,
               29547.95648008718     ,
               29536.46237690508     ,
               29524.00000000000     ,
               29510.52670504316     ,
               29495.98940510812     ,
               29480.33240261902     ,
               29463.50000000000     ,
               29445.43802410165     ,
               29426.09839948032     ,
               29405.43457511884     ,
               29383.40000000000     ,
               29359.94619855025     ,
               29335.01699697058     ,
               29308.55429690562     ,
               29280.50000000000     ,
               29250.79593169736     ,
               29219.38361263737     ,
               29186.20448725869     ,
               29151.20000000000     ,
               29114.31226216030     ,
               29075.48605247994     ,
               29034.66681655961     ,
               28991.80000000000     ,
               28946.82845716144     ,
               28899.68467744286     ,
               28850.29855900286     ,
               28798.60000000000     ,
               28744.52078419394     ,
               28688.00023774860     ,
               28628.97957242896     ,
               28567.40000000000     ,
               28503.20090606280     ,
               28436.31437156275     ,
               28366.67065128132     ,
               28294.20000000000     ,
               28218.83340405487     ,
               28140.50477600042     ,
               28059.14875994577     ,
               27974.70000000000     ,
               27887.09204021774     ,
               27796.25402443557     ,
               27702.11399643563     ,
               27604.60000000000     ,
               27503.64062257419     ,
               27399.16662625728     ,
               27291.10931681173     ,
               27179.40000000000     ,
               27063.96890698549     ,
               26944.74197053529     ,
               26821.64404881745     ,
               26694.60000000000     ,
               26563.53531198386     ,
               26428.37799160154     ,
               26289.05667541845     ,
               26145.50000000000     ,
               25997.63672007908     ,
               25845.39606305854     ,
               25688.70737450873     ,
               25527.50000000000     ,
               25361.70374519985     ,
               25191.25025616432     ,
               25016.07163904663     ,
               24836.10000000000     ,
               24651.26704912155     ,
               24461.50291228419     ,
               24266.73731930473     ,
               24066.90000000001     ,
               23861.92493331395     ,
               23651.76309469893     ,
               23436.36970873446     ,
               23215.70000000000     ,
               22989.70821762268     ,
               22758.34470892009     ,
               22521.55884575745     ,
               22279.30000000000     ,
               22031.52500869535     ,
               21778.22056962072     ,
               21519.38084573573     ,
               21255.00000000000     ,
               20985.07456009592     ,
               20709.61051259702     ,
               20428.61620879961     ,
               20142.10000000001     ,
               19850.08143842097     ,
               19552.62487999120     ,
               19249.80588156582     ,
               18941.70000000000     ,
               18628.39187372020     ,
               18310.00246743820     ,
               17986.66182743710     ,
               17658.50000000000     ,
               17325.66200419825     ,
               16988.35275025603     ,
               16646.79212118580     ,
               16301.20000000001     ,
               15951.81635948685     ,
               15598.96153153772     ,
               15242.97593781972     ,
               14884.20000000000     ,
               14522.99443285435     ,
               14159.80112359313     ,
               13795.08225253534     ,
               13429.30000000000     ,
               13062.94497159575     ,
               12696.62147408978     ,
               12330.96223953892     ,
               11966.60000000000     ,
               11604.19286826267     ,
               11244.50048004776     ,
               10888.30785180899     ,
               10536.40000000000     ,
               10189.58683660362     ,
               9848.777855719181     ,
               9514.907446975143     ,
               9188.910000000007     ,
               8871.734785322875     ,
               8564.390597075550     ,
               8267.901110290446     ,
               7983.290000000000     ,
               7711.574803354891     ,
               7453.748505978655     ,
               7210.797955613102     ,
               6983.710000000000     ,
               6773.428501257580     ,
               6580.725379009826     ,
               6406.329567257158     ,
               6250.970000000000     ,
               6115.276035364794     ,
               5999.478727982038     ,
               5903.709556608266     ,
               5828.100000000000     ,
               5772.583138533258     ,
               5736.298459062024     ,
               5718.187050059779     ,
               5717.190000000000     ,
               5731.946723002179     ,
               5759.889935769866     ,
               5798.150680652618     ,
               5843.860000000000     ,
               5893.465750708022     ,
               5940.683047858513     ,
               5978.543821079745     ,
               6000.080000000000     ,
               5997.877305415728     ,
               5962.736622796085     ,
               5885.012628778397     ,
               5755.060000000000     ,
               5564.014402629064     ,
               5306.135460957148     ,
               4976.463788806659     ,
               4570.040000000010     ,
               4088.727584068018     ,
               3561.681533375335     ,
               3024.879715994967     ,
               2514.300000000000     ,
               2057.332276723874     ,
               1647.014530541559     ,
               1267.796769088483     ,
               904.1290000000000     ,
 VLOOP_IN =   0.5632087188618853     ,
              0.5632497323795602     ,
              0.5635068459560681     ,
              0.5646520932640181     ,
              0.5676789937048572     ,
              0.5734575278889459     ,
              0.5822904325904990     ,
              0.5937697586023581     ,
              0.6068789727120671     ,
              0.6201850552545658     ,
              0.6322895332551906     ,
              0.6425478836947445     ,
              0.6512813532191585     ,
              0.6593449275214607     ,
              0.6675705117235139     ,
              0.6762673600876377     ,
              0.6851877439472762     ,
              0.6939639846487993     ,
              0.7024568787982535     ,
              0.7107539824907481     ,
              0.7189461396282070     ,
              0.7270142219657566     ,
              0.7349744805344658     ,
              0.7429683061811457     ,
              0.7510033838055213     ,
              0.7588390902684063     ,
              0.7663578943542964     ,
              0.7736619461721601     ,
              0.7808467978209906     ,
              0.7880011338639900     ,
              0.7951404879012914     ,
              0.8021730878401813     ,
              0.8090574419555989     ,
              0.8158218276222331     ,
              0.8226043441565584     ,
              0.8294418456059327     ,
              0.8361009269052325     ,
              0.8426071633458641     ,
              0.8491572782790882     ,
              0.8556073942539195     ,
              0.8618079507252491     ,
              0.8679958072589341     ,
              0.8742324980178877     ,
              0.8803253202293263     ,
              0.8863772389240121     ,
              0.8923510823903995     ,
              0.8981664526872093     ,
              0.9040150223483362     ,
              0.9098054376633962     ,
              0.9154032915776975     ,
              0.9210162324102786     ,
              0.9266788054044073     ,
              0.9322152833773939     ,
              0.9375807374617080     ,
              0.9428540686721040     ,
              0.9481731888845010     ,
              0.9535285041838202     ,
              0.9587820640253565     ,
              0.9639166841896522     ,
              0.9689796718028385     ,
              0.9739795302585958     ,
              0.9789125715268517     ,
              0.9837752445520345     ,
              0.9885626769088917     ,
              0.9932871845422243     ,
              0.9980093336602552     ,
               1.002758832599390     ,
               1.007475926358382     ,
               1.012113449420344     ,
               1.016666439095740     ,
               1.021130255310427     ,
               1.025504931194172     ,
               1.029851780191159     ,
               1.034250629075279     ,
               1.038658037199003     ,
               1.042981795476764     ,
               1.047193507104575     ,
               1.051331735958865     ,
               1.055504025994077     ,
               1.059735580105381     ,
               1.063916517807273     ,
               1.067985159805521     ,
               1.072012278790801     ,
               1.076102553541131     ,
               1.080225093401230     ,
               1.084264440059791     ,
               1.088237868703848     ,
               1.092269951619197     ,
               1.096365644819546     ,
               1.100413319736194     ,
               1.104400666629022     ,
               1.108445373146421     ,
               1.112577185512488     ,
               1.116674914379751     ,
               1.120735765412473     ,
               1.124890831641190     ,
               1.129135695693089     ,
               1.133356277831086     ,
               1.137584017730734     ,
               1.141937391683505     ,
               1.146376370552308     ,
               1.150809072731165     ,
               1.155294269800728     ,
               1.159924727696978     ,
               1.164650021823781     ,
               1.169398608235758     ,
               1.174247018974865     ,
               1.179272857433358     ,
               1.184407101303078     ,
               1.189590323470360     ,
               1.194909551959435     ,
               1.200442691273780     ,
               1.206116552485695     ,
               1.211877592938488     ,
               1.217805133381104     ,
               1.223965763794944     ,
               1.230313448331488     ,
               1.236794490672805     ,
               1.243452292886873     ,
               1.250367654833203     ,
               1.257538145898582     ,
               1.264905040180911     ,
               1.272458391506581     ,
               1.280259004185917     ,
               1.288368153468185     ,
               1.296759984032394     ,
               1.305392824990708     ,
               1.314269782775527     ,
               1.323422866541256     ,
               1.332908634734719     ,
               1.342739465214228     ,
               1.352874085091492     ,
               1.363298358447489     ,
               1.374025670521585     ,
               1.385064600994573     ,
               1.396444129986954     ,
               1.408197530470962     ,
               1.420309951564927     ,
               1.432753728188680     ,
               1.445524998654852     ,
               1.458625110659159     ,
               1.472053061700354     ,
               1.485805127575418     ,
               1.499875791834180     ,
               1.514258107467818     ,
               1.528941444493780     ,
               1.543913026794250     ,
               1.559162443065941     ,
               1.574673063662811     ,
               1.590411915330584     ,
               1.606342283313198     ,
               1.622432040597364     ,
               1.638645768141156     ,
               1.654938242713649     ,
               1.671258069936868     ,
               1.687557794167732     ,
               1.703786700160239     ,
               1.719872098156252     ,
               1.735731104275767     ,
               1.751285473700799     ,
               1.766450939424415     ,
               1.781129275945492     ,
               1.795222396867011     ,
               1.808641196422418     ,
               1.821290014263867     ,
               1.833064173145060     ,
               1.843888198905752     ,
               1.853709325267092     ,
               1.862451652992862     ,
               1.870020433860725     ,
               1.876390519268361     ,
               1.881648797316914     ,
               1.885882281831688     ,
               1.889060967305065     ,
               1.891300426196032     ,
               1.893024048575729     ,
               1.894649848762094     ,
               1.896328131387296     ,
               1.898588532842068     ,
               1.902724195916469     ,
               1.910125968455771     ,
               1.921748263058090     ,
               1.939459267067099     ,
               1.967298203322486     ,
               2.011361758512230     ,
               2.080420206287810     ,
               2.185032141646942     ,
               2.339467934105478     ,
               2.568052032573630     ,
               2.913129594783096     ,
               3.437201977016076     ,
               4.227173696412610     ,
               5.407211510910731     ,
               7.158370741826553     ,
               9.749073571275225     ,
               13.55134413026993     ,
               19.02325374102223     ,
               26.71927517305645     ,
               37.48804089124827     ,
               53.40267919894671     ,
               72.65659423325532     ,
 N0W_IN =    595160709371.2236     ,
             593360096625.4888     ,
             592360367430.2753     ,
             592492507154.3296     ,
             593516545818.0613     ,
             595159361323.8450     ,
             597165891579.1273     ,
             599457152358.6589     ,
             602053459277.9291     ,
             604976966130.8302     ,
             608250693972.3445     ,
             611898646563.3861     ,
             615941606756.2750     ,
             620384357516.5450     ,
             625228148980.2118     ,
             630474797264.8604     ,
             636126666028.5090     ,
             642186649237.4341     ,
             648658155002.5413     ,
             655545133396.7819     ,
             662853765171.2910     ,
             670593108787.6969     ,
             678773049265.4287     ,
             687404160799.9183     ,
             696497724117.6708     ,
             706065745338.0911     ,
             716120976367.3313     ,
             726676936853.2004     ,
             737747937697.1061     ,
             749348732717.7341     ,
             761493582417.1182     ,
             774197216406.3510     ,
             787475119197.2019     ,
             801343546431.2032     ,
             815819541989.9716     ,
             830920955961.9198     ,
             846666463440.1075     ,
             863075584125.2231     ,
             880168702706.7272     ,
             897967090382.0623     ,
             916493060069.7274     ,
             935770200901.5852     ,
             955823148135.0496     ,
             976677564179.0510     ,
             998360167768.5507     ,
             1020898763993.030     ,
             1044322275155.246     ,
             1068660772433.855     ,
             1093945508320.371     ,
             1120208949797.687     ,
             1147484812223.636     ,
             1175808093879.112     ,
             1205215263716.938     ,
             1235744821507.871     ,
             1267436921201.598     ,
             1300333254957.071     ,
             1334477100581.955     ,
             1369913370019.568     ,
             1406688658849.734     ,
             1444851296766.021     ,
             1484451398986.437     ,
             1525540918548.767     ,
             1568173699435.602     ,
             1612405530467.390     ,
             1658294199894.668     ,
             1705899684855.879     ,
             1755285282396.141     ,
             1806517241657.771     ,
             1859664285138.813     ,
             1914797683376.247     ,
             1971991336053.052     ,
             2031321854821.759     ,
             2092868647805.356     ,
             2156714005729.258     ,
             2222943189629.964     ,
             2291644520077.689     ,
             2362909467841.266     ,
             2436832745913.833     ,
             2513512402807.745     ,
             2593050146096.625     ,
             2675553223735.171     ,
             2761133816175.738     ,
             2849908275144.942     ,
             2941997255506.778     ,
             3037525857520.535     ,
             3136623772577.676     ,
             3239425432411.336     ,
             3346070161764.268     ,
             3456702334492.243     ,
             3571471533070.228     ,
             3690532711458.993     ,
             3814046361278.303     ,
             3942178681221.751     ,
             4075101781072.305     ,
             4212996237280.934     ,
             4356053348996.867     ,
             4504472168388.103     ,
             4658459418520.948     ,
             4818229778177.500     ,
             4984006176352.881     ,
             5156020096699.945     ,
             5334511892192.489     ,
             5519731110281.551     ,
             5711936828821.717     ,
             5911398003047.476     ,
             6118393823881.510     ,
             6333214087859.011     ,
             6556159578953.421     ,
             6787543375116.008     ,
             7027700413663.794     ,
             7276985554461.984     ,
             7535768958797.559     ,
             7804436703360.667     ,
             8083391501933.026     ,
             8373053461435.729     ,
             8673860874047.113     ,
             8986271047190.361     ,
             9310761173284.643     ,
             9647829241251.775     ,
             9997994991874.303     ,
             10361800919211.51     ,
             10739813320393.93     ,
             11132623585644.33     ,
             11540875666635.09     ,
             11965299605413.56     ,
             12406673167555.68     ,
             12865818632090.85     ,
             13343605632471.55     ,
             13840954197369.08     ,
             14358838006716.66     ,
             14898287879704.60     ,
             15460395512833.44     ,
             16046317487653.79     ,
             16657279569485.98     ,
             17294581320223.37     ,
             17959601050304.18     ,
             18653801937059.86     ,
             19378839717864.24     ,
             20136690591180.77     ,
             20929509157851.84     ,
             21759620305571.41     ,
             22629533901155.26     ,
             23541960935456.83     ,
             24499831280297.07     ,
             25506313235594.79     ,
             26564835066109.98     ,
             27679108751189.55     ,
             28853156198003.25     ,
             30091338199423.34     ,
             31398386453900.02     ,
             32779693861056.08     ,
             34242151763759.20     ,
             35793624158748.52     ,
             37442828658147.10     ,
             39199439630937.87     ,
             41074206140175.66     ,
             43079086990906.42     ,
             45227405597774.33     ,
             47534027849004.77     ,
             50015566699604.70     ,
             52690617889148.48     ,
             55580031970248.00     ,
             58707626905179.48     ,
             62103048358584.97     ,
             65801288700921.55     ,
             69842443142955.91     ,
             74272568968341.06     ,
             79144716235990.50     ,
             84520163000560.97     ,
             90469899643194.14     ,
             97076417603997.53     ,
             104435871302163.8     ,
             112660699105615.8     ,
             121886995472316.1     ,
             132296671777369.7     ,
             144115765280748.6     ,
             157619341898570.8     ,
             173143979366305.8     ,
             191103911340792.0     ,
             212012022453662.3     ,
             236507313807078.0     ,
             265391056610549.9     ,
             299670580428750.4     ,
             340556505101638.9     ,
             389516857713834.3     ,
             448392598008859.6     ,
             519503873484650.4     ,
             605787615620202.6     ,
             710978208707346.4     ,
             839845750040201.1     ,
             997912861685584.0     ,
             1189094398734440.     ,
             1415731722600156.     ,
             1678018599895019.     ,
             1972758785457791.     ,
             2292077751236109.     ,
             2625904457849100.     ,
             2966965592956588.     ,
             3307741668935042.     ,
             3641222467309858.     ,
             3976610679484120.     ,
 N0V_IN =    356394968143.8702     ,
             354791426607.9648     ,
             353649176921.8024     ,
             353133006659.4691     ,
             353054405740.8190     ,
             353204890194.7578     ,
             353390287760.8018     ,
             353549216681.9641     ,
             353694494252.7606     ,
             353839771052.8093     ,
             353998720635.8498     ,
             354185042171.9283     ,
             354409669896.4111     ,
             354672581065.9725     ,
             354971064981.4055     ,
             355302412825.0204     ,
             355663915006.6577     ,
             356052858720.5261     ,
             356466525712.0087     ,
             356902226266.7040     ,
             357358706589.5548     ,
             357836614944.8244     ,
             358336736520.6342     ,
             358859864466.7180     ,
             359406800365.3510     ,
             359978354721.1866     ,
             360575347470.4591     ,
             361198608510.0662     ,
             361848978236.3595     ,
             362527201415.3147     ,
             363233664000.6262     ,
             363968680327.4741     ,
             364732572676.1049     ,
             365525671457.6690     ,
             366348315404.8799     ,
             367200851767.6454     ,
             368083636513.8265     ,
             368997034535.2844     ,
             369941419859.3690     ,
             370917176051.2560     ,
             371924758944.7577     ,
             372964788866.0525     ,
             374037921919.9841     ,
             375144827492.2357     ,
             376286188720.0541     ,
             377462702977.2073     ,
             378675082373.6989     ,
             379924054270.7490     ,
             381210361811.6060     ,
             382534764468.7543     ,
             383898038608.1135     ,
             385300978070.8611     ,
             386744398514.7861     ,
             388229150230.1429     ,
             389756107364.8768     ,
             391326164460.1249     ,
             392940237157.8923     ,
             394599262931.8377     ,
             396304201842.0173     ,
             398056037314.5060     ,
             399855776946.8389     ,
             401704453340.2813     ,
             403603124959.9493     ,
             405552877023.8693     ,
             407554822422.0992     ,
             409610100788.6129     ,
             411719865003.0226     ,
             413885289782.3309     ,
             416107580858.3549     ,
             418387976094.5827     ,
             420727746572.2861     ,
             423128197714.3145     ,
             425590670448.0530     ,
             428116542409.1033     ,
             430707229187.3296     ,
             433364185616.9608     ,
             436088907112.5245     ,
             438882931052.4651     ,
             441747838212.3782     ,
             444685235089.6191     ,
             447696612027.9935     ,
             450783420777.1779     ,
             453947154519.2018     ,
             457189349703.3785     ,
             460511587330.8037     ,
             463915494282.9266     ,
             467402744695.8317     ,
             470975061381.8976     ,
             474634217300.6189     ,
             478382037080.3997     ,
             482220398593.2385     ,
             486151234584.2691     ,
             490176534358.2299     ,
             494298342382.6066     ,
             498518528406.1522     ,
             502838620445.0394     ,
             507260149870.2363     ,
             511784688644.9172     ,
             516413849944.9924     ,
             521149288797.3021     ,
             525992702735.5568     ,
             530945832474.1445     ,
             536010462599.9024     ,
             541188422281.9714     ,
             546481585999.8423     ,
             551891874289.7230     ,
             557421254509.3341     ,
             563071741621.2828     ,
             568845327530.6741     ,
             574743290586.5597     ,
             580766464563.4393     ,
             586915671577.0238     ,
             593191726044.5685     ,
             599595432576.6190     ,
             606127583815.9056     ,
             612788958221.9530     ,
             619580317800.1530     ,
             626502405774.0547     ,
             633555944199.7983     ,
             640741631521.6616     ,
             648060140067.8606     ,
             655512113485.8123     ,
             663098161007.8889     ,
             670818433717.6897     ,
             678672168010.6489     ,
             686658396140.4286     ,
             694776039239.3424     ,
             703023901655.2537     ,
             711400665249.1724     ,
             719904883660.5955     ,
             728534976548.4186     ,
             737289223815.8765     ,
             746165759828.7714     ,
             755162567636.9192     ,
             764277473209.5498     ,
             773508139696.1108     ,
             782852060230.6783     ,
             792306366923.7410     ,
             801867633810.7485     ,
             811532179290.5376     ,
             821296101169.4402     ,
             831155270668.4945     ,
             841105326621.1877     ,
             851141669885.3317     ,
             861259457993.6226     ,
             871453600068.3466     ,
             881718752026.6267     ,
             892049312103.3514     ,
             902439416719.8348     ,
             912882936741.2522     ,
             923375895771.0800     ,
             933923424266.9529     ,
             944533127146.2502     ,
             955212971036.1434     ,
             965971290138.2710     ,
             976816792798.4808     ,
             987758568837.9717     ,
             998806097703.8232     ,
             1009969257498.942     ,
             1021258334953.465     ,
             1032684036402.137     ,
             1044257499834.822     ,
             1055997555344.756     ,
             1067972587033.515     ,
             1080274163895.929     ,
             1092998078948.536     ,
             1106244604892.760     ,
             1120118896066.055     ,
             1134731486461.045     ,
             1150198892353.355     ,
             1166644329428.102     ,
             1184198555946.206     ,
             1203000855487.361     ,
             1223280509038.412     ,
             1245662268888.745     ,
             1270932017596.740     ,
             1299947206992.877     ,
             1333656912692.977     ,
             1373128441783.911     ,
             1419581952592.733     ,
             1474435120221.912     ,
             1539360655563.101     ,
             1616364213308.424     ,
             1707934641590.481     ,
             1817173760190.401     ,
             1947938052847.144     ,
             2105075064923.431     ,
             2294743133958.730     ,
             2524846057718.883     ,
             2805629681262.417     ,
             3148424811871.980     ,
             3558161024496.278     ,
             4035809034425.119     ,
             4578379638153.649     ,
             5176933936894.696     ,
             5814600911716.051     ,
             6469524366931.042     ,
             7120447441842.117     ,
             7742124090846.552     ,
             8308315741814.391     ,
             8838552251679.686     ,
 T0_IN =    1.418463999432585     ,
            1.420830663519164     ,
            1.422292539157201     ,
            1.422487580803365     ,
            1.421740759165530     ,
            1.420421580181587     ,
            1.418873980455203     ,
            1.417199741465053     ,
            1.415365933396266     ,
            1.413338340151580     ,
            1.411082982086946     ,
            1.408566180737937     ,
            1.405761809315437     ,
            1.402672229597735     ,
            1.399306813100249     ,
            1.395674980902772     ,
            1.391786189291165     ,
            1.387649916021769     ,
            1.383275647215548     ,
            1.378672783604540     ,
            1.373847468215160     ,
            1.368801626878771     ,
            1.363537006588543     ,
            1.358055472907527     ,
            1.352359013412310     ,
            1.346449740818737     ,
            1.340329895772296     ,
            1.334001849286711     ,
            1.327468104847694     ,
            1.320731620852523     ,
            1.313796588612408     ,
            1.306667544153548     ,
            1.299349124548721     ,
            1.291846065606181     ,
            1.284163199200099     ,
            1.276305450243946     ,
            1.268277833310150     ,
            1.260085448901330     ,
            1.251733479380404     ,
            1.243227184303332     ,
            1.234571806922155     ,
            1.225772443935631     ,
            1.216834230517028     ,
            1.207762368285305     ,
            1.198562119785753     ,
            1.189238802707431     ,
            1.179797783858798     ,
            1.170244472924380     ,
            1.160584316026689     ,
            1.150822789118741     ,
            1.140965391233542     ,
            1.131017637617749     ,
            1.120985076009747     ,
            1.110873351703181     ,
            1.100688122985338     ,
            1.090435027495954     ,
            1.080119675402362     ,
            1.069747642652550     ,
            1.059324464330401     ,
            1.048855628136828     ,
            1.038346568019638     ,
            1.027802657973916     ,
            1.017229206033591     ,
            1.006631448473536     ,
           0.9960145442401815     ,
           0.9853835966034934     ,
           0.9747438497481604     ,
           0.9641005578156836     ,
           0.9534588591397483     ,
           0.9428237714989079     ,
           0.9322001886766478     ,
           0.9215928773518861     ,
           0.9110064743209364     ,
           0.9004454840504542     ,
           0.8899142765595044     ,
           0.8794170856275000     ,
           0.8689580073234745     ,
           0.8585409988509318     ,
           0.8481698777013750     ,
           0.8378483663184045     ,
           0.8275804181772927     ,
           0.8173700059229685     ,
           0.8072209285605390     ,
           0.7971368117562477     ,
           0.7871211098240507     ,
           0.7771771079513693     ,
           0.7673079246470185     ,
           0.7575165143944234     ,
           0.7478056704933930     ,
           0.7381780280740042     ,
           0.7286360672664144     ,
           0.7191821165108232     ,
           0.7098183559921820     ,
           0.7005468240227738     ,
           0.6913696242328973     ,
           0.6822890477088631     ,
           0.6733072468416367     ,
           0.6644262071876349     ,
           0.6556477532680794     ,
           0.6469735543446233     ,
           0.6384051301591669     ,
           0.6299438566268062     ,
           0.6215909714718358     ,
           0.6133475797976772     ,
           0.6052146595824923     ,
           0.5971930670931231     ,
           0.5892835422107900     ,
           0.5814867136627820     ,
           0.5738031162873467     ,
           0.5662333072391479     ,
           0.5587778069620799     ,
           0.5514370261862795     ,
           0.5442112711013621     ,
           0.5371007493765684     ,
           0.5301055759731846     ,
           0.5232257787532648     ,
           0.5164613038889082     ,
           0.5098120210765789     ,
           0.5032777285611237     ,
           0.4968581579742909     ,
           0.4905529789926777     ,
           0.4843618038201226     ,
           0.4782841871471076     ,
           0.4723190544483915     ,
           0.4664641640133662     ,
           0.4607171730023480     ,
           0.4550757791487792     ,
           0.4495377210347852     ,
           0.4441007782469732     ,
           0.4387627714263815     ,
           0.4335215622251825     ,
           0.4283750531815624     ,
           0.4233211875230973     ,
           0.4183579489079652     ,
           0.4134833611124070     ,
           0.4086954876720262     ,
           0.4039924151315931     ,
           0.3993702721127073     ,
           0.3948214552052549     ,
           0.3903382110692475     ,
           0.3859130875398932     ,
           0.3815389245103002     ,
           0.3772088460716161     ,
           0.3729162538435741     ,
           0.3686548214294646     ,
           0.3644184899302380     ,
           0.3602014644527281     ,
           0.3559982115469111     ,
           0.3518034575067031     ,
           0.3476121874551376     ,
           0.3434175193067415     ,
           0.3392049843157565     ,
           0.3349590089655478     ,
           0.3306648761004273     ,
           0.3263087448494890     ,
           0.3218776764615988     ,
           0.3173596652563594     ,
           0.3127436738550441     ,
           0.3080196718106889     ,
           0.3031786767096109     ,
           0.2982127967695832     ,
           0.2931152739148565     ,
           0.2878781667718833     ,
           0.2824795185997952     ,
           0.2768938530720036     ,
           0.2710989792726645     ,
           0.2650762079223544     ,
           0.2588105516238342     ,
           0.2522909195058901     ,
           0.2455102969843868     ,
           0.2384659011839606     ,
           0.2311593025842536     ,
           0.2235965037125315     ,
           0.2157844171120966     ,
           0.2077191177744920     ,
           0.1993997752631882     ,
           0.1908338097662124     ,
           0.1820368241402900     ,
           0.1730323890660915     ,
           0.1638516631486226     ,
           0.1545328353112317     ,
           0.1451203840403824     ,
           0.1356614458643231     ,
           0.1261712234861548     ,
           0.1166538174592957     ,
           0.1071343989643112     ,
           9.7657785362967042E-002,
           8.8285500185502908E-002,
           7.9092096830925149E-002,
           7.0160810229477955E-002,
           6.1622933794635217E-002,
           5.3742266649326673E-002,
           4.6706653296933819E-002,
           4.0597004557658446E-002,
           3.5418077270839315E-002,
           3.1126480237705079E-002,
           2.7625669980831484E-002,
           2.4777800230664133E-002,
           2.2469028623234456E-002,
           2.0604809293557406E-002,
           1.9032946979466669E-002,
 F0W_IN =   1.8160470663662991E+021,
 DN0OUT =    5000000000000.000     
 /
 &DNUBEAM_DIFB
 DIFB_0 =    5000.000000000000     ,
 DIFB_A =    5000.000000000000     ,
 DIFB_IN =    1.000000000000000     ,
 DIFB_OUT =    1.000000000000000     ,
 NKDIFB =            0
 /
